
################################################################################
# Gelman-Rubin Diagnostic
################################################################################

Generally the Gelman diagnostic should be < 1.05


Out of 616 variables: 2 > 1.01

                      
0 > 1.05

                      
0 > 1.1


The worst variables are:

                Point est. Upper C.I.
p.fac1[101,2]     1.022993   1.037418
p.fac1[102,2]     1.012080   1.019703
loglik[101]       1.008180   1.015680
ilr.fac1[101,2]   1.006373   1.011393
p.fac1[101,3]     1.005401   1.011955
ilr.fac1[102,2]   1.005342   1.008809
loglik[102]       1.005003   1.012171
p.fac1[99,2]      1.004661   1.009565
p.fac1[102,3]     1.004637   1.010515
p.fac1[59,2]      1.004158   1.006407


And here are the Gelman diagnostics for all variables:

                Point est. Upper C.I.
deviance         1.0005315  1.0022665
ilr.fac1[1,1]          NaN        NaN
ilr.fac1[1,2]          NaN        NaN
ilr.fac1[10,1]   1.0011819  1.0039971
ilr.fac1[10,2]   1.0001862  1.0008048
ilr.fac1[100,1]  1.0000963  1.0002992
ilr.fac1[100,2]  1.0008599  1.0012149
ilr.fac1[101,1]  1.0017834  1.0044797
ilr.fac1[101,2]  1.0063726  1.0113927
ilr.fac1[102,1]  1.0004804  1.0012472
ilr.fac1[102,2]  1.0053423  1.0088089
ilr.fac1[11,1]   1.0003241  1.0015314
ilr.fac1[11,2]   1.0002110  1.0006558
ilr.fac1[12,1]   0.9999963  1.0003676
ilr.fac1[12,2]   1.0002215  1.0008529
ilr.fac1[13,1]   1.0003817  1.0014556
ilr.fac1[13,2]   1.0006902  1.0027741
ilr.fac1[14,1]   0.9999463  0.9999849
ilr.fac1[14,2]   0.9999244  0.9999430
ilr.fac1[15,1]   1.0006944  1.0024067
ilr.fac1[15,2]   1.0000647  1.0006796
ilr.fac1[16,1]   1.0001441  1.0007564
ilr.fac1[16,2]   1.0001335  1.0007270
ilr.fac1[17,1]   1.0003184  1.0014574
ilr.fac1[17,2]   1.0005220  1.0021102
ilr.fac1[18,1]   1.0001584  1.0006529
ilr.fac1[18,2]   0.9999697  1.0002745
ilr.fac1[19,1]   0.9998731  0.9999139
ilr.fac1[19,2]   1.0000764  1.0004697
ilr.fac1[2,1]    1.0004140  1.0011700
ilr.fac1[2,2]    0.9999603  0.9999702
ilr.fac1[20,1]   1.0005160  1.0015391
ilr.fac1[20,2]   0.9999167  1.0000972
ilr.fac1[21,1]   1.0000020  1.0003883
ilr.fac1[21,2]   1.0000240  1.0000977
ilr.fac1[22,1]   1.0006137  1.0024444
ilr.fac1[22,2]   0.9999741  1.0002921
ilr.fac1[23,1]   1.0006475  1.0011659
ilr.fac1[23,2]   1.0002320  1.0011913
ilr.fac1[24,1]   1.0001945  1.0002930
ilr.fac1[24,2]   0.9999659  1.0003046
ilr.fac1[25,1]   1.0001000  1.0002578
ilr.fac1[25,2]   1.0000093  1.0000414
ilr.fac1[26,1]   1.0002370  1.0012166
ilr.fac1[26,2]   0.9999472  1.0000374
ilr.fac1[27,1]   1.0001577  1.0009098
ilr.fac1[27,2]   1.0002478  1.0009194
ilr.fac1[28,1]   1.0000225  1.0002803
ilr.fac1[28,2]   1.0001736  1.0009551
ilr.fac1[29,1]   1.0002502  1.0012986
ilr.fac1[29,2]   1.0003507  1.0017267
ilr.fac1[3,1]    1.0000650  1.0005725
ilr.fac1[3,2]    1.0003222  1.0015528
ilr.fac1[30,1]   1.0011087  1.0035643
ilr.fac1[30,2]   1.0000708  1.0005831
ilr.fac1[31,1]   1.0001136  1.0006900
ilr.fac1[31,2]   1.0000282  1.0002354
ilr.fac1[32,1]   1.0002068  1.0009562
ilr.fac1[32,2]   1.0001909  1.0010693
ilr.fac1[33,1]   1.0000277  1.0000460
ilr.fac1[33,2]   1.0006295  1.0014900
ilr.fac1[34,1]   1.0003836  1.0018405
ilr.fac1[34,2]   1.0000621  1.0003106
ilr.fac1[35,1]   1.0002092  1.0004861
ilr.fac1[35,2]   0.9999975  1.0004189
ilr.fac1[36,1]   1.0004172  1.0016207
ilr.fac1[36,2]   0.9999579  1.0002584
ilr.fac1[37,1]   1.0004141  1.0011840
ilr.fac1[37,2]   1.0003253  1.0015229
ilr.fac1[38,1]   1.0000669  1.0004506
ilr.fac1[38,2]   1.0007761  1.0028638
ilr.fac1[39,1]   1.0002603  1.0010484
ilr.fac1[39,2]   0.9999342  0.9999480
ilr.fac1[4,1]    0.9999968  1.0003638
ilr.fac1[4,2]    1.0001669  1.0008190
ilr.fac1[40,1]   0.9999765  1.0003208
ilr.fac1[40,2]   0.9999190  0.9999263
ilr.fac1[41,1]   0.9999936  1.0001185
ilr.fac1[41,2]   0.9998876  0.9999305
ilr.fac1[42,1]   1.0003410  1.0009857
ilr.fac1[42,2]   1.0002995  1.0006079
ilr.fac1[43,1]   1.0001603  1.0009178
ilr.fac1[43,2]   1.0001814  1.0010931
ilr.fac1[44,1]   1.0008279  1.0014476
ilr.fac1[44,2]   0.9999816  1.0001843
ilr.fac1[45,1]   1.0006879  1.0023166
ilr.fac1[45,2]   1.0000069  1.0002575
ilr.fac1[46,1]   1.0008657  1.0011006
ilr.fac1[46,2]   1.0001019  1.0008100
ilr.fac1[47,1]   1.0006561  1.0010936
ilr.fac1[47,2]   0.9999896  1.0003315
ilr.fac1[48,1]   1.0000081  1.0000535
ilr.fac1[48,2]   1.0000180  1.0000523
ilr.fac1[49,1]   1.0002183  1.0006519
ilr.fac1[49,2]   1.0000114  1.0004278
ilr.fac1[5,1]    1.0000031  1.0001581
ilr.fac1[5,2]    1.0001571  1.0009305
ilr.fac1[50,1]   0.9999028  1.0000377
ilr.fac1[50,2]   1.0013856  1.0018897
ilr.fac1[51,1]   1.0007441  1.0025974
ilr.fac1[51,2]   1.0003225  1.0012620
ilr.fac1[52,1]   1.0000600  1.0004836
ilr.fac1[52,2]   1.0004801  1.0016305
ilr.fac1[53,1]   0.9999162  1.0001103
ilr.fac1[53,2]   1.0002454  1.0012640
ilr.fac1[54,1]   1.0003949  1.0018278
ilr.fac1[54,2]   1.0004817  1.0016954
ilr.fac1[55,1]   1.0001501  1.0009236
ilr.fac1[55,2]   1.0000323  1.0001291
ilr.fac1[56,1]   1.0003514  1.0011866
ilr.fac1[56,2]   1.0010666  1.0041849
ilr.fac1[57,1]   1.0012565  1.0023562
ilr.fac1[57,2]   1.0003246  1.0014630
ilr.fac1[58,1]   1.0000349  1.0000924
ilr.fac1[58,2]   1.0000095  1.0004129
ilr.fac1[59,1]   1.0040546  1.0056136
ilr.fac1[59,2]   1.0004140  1.0013709
ilr.fac1[6,1]    1.0003008  1.0007961
ilr.fac1[6,2]    1.0003545  1.0016643
ilr.fac1[60,1]   1.0004945  1.0020704
ilr.fac1[60,2]   1.0001234  1.0007366
ilr.fac1[61,1]   1.0000589  1.0001014
ilr.fac1[61,2]   1.0007485  1.0007958
ilr.fac1[62,1]   1.0010212  1.0041311
ilr.fac1[62,2]   1.0000520  1.0005481
ilr.fac1[63,1]   1.0001677  1.0005464
ilr.fac1[63,2]   1.0003990  1.0011810
ilr.fac1[64,1]   1.0011482  1.0019592
ilr.fac1[64,2]   1.0004446  1.0020104
ilr.fac1[65,1]   1.0003523  1.0014539
ilr.fac1[65,2]   1.0001659  1.0010013
ilr.fac1[66,1]   1.0007210  1.0024974
ilr.fac1[66,2]   1.0000075  1.0004389
ilr.fac1[67,1]   1.0006967  1.0026497
ilr.fac1[67,2]   1.0004952  1.0021456
ilr.fac1[68,1]   1.0006983  1.0020469
ilr.fac1[68,2]   1.0003157  1.0015013
ilr.fac1[69,1]   1.0008573  1.0022303
ilr.fac1[69,2]   1.0002131  1.0007170
ilr.fac1[7,1]    1.0002171  1.0012456
ilr.fac1[7,2]    1.0000112  1.0003638
ilr.fac1[70,1]   1.0004421  1.0018848
ilr.fac1[70,2]   1.0004142  1.0012181
ilr.fac1[71,1]   1.0001599  1.0003842
ilr.fac1[71,2]   0.9998696  0.9998923
ilr.fac1[72,1]   0.9998811  0.9999099
ilr.fac1[72,2]   1.0003441  1.0005544
ilr.fac1[73,1]   1.0001410  1.0009491
ilr.fac1[73,2]   1.0003802  1.0013137
ilr.fac1[74,1]   1.0010837  1.0021143
ilr.fac1[74,2]   1.0006890  1.0023970
ilr.fac1[75,1]   1.0005234  1.0017185
ilr.fac1[75,2]   1.0007176  1.0016674
ilr.fac1[76,1]   0.9998545  0.9998855
ilr.fac1[76,2]   1.0003522  1.0004304
ilr.fac1[77,1]   1.0009016  1.0020057
ilr.fac1[77,2]   1.0007207  1.0015058
ilr.fac1[78,1]   1.0001861  1.0008753
ilr.fac1[78,2]   0.9998628  0.9998829
ilr.fac1[79,1]   1.0003845  1.0015905
ilr.fac1[79,2]   1.0004969  1.0015139
ilr.fac1[8,1]    1.0000168  1.0003927
ilr.fac1[8,2]    1.0002871  1.0012980
ilr.fac1[80,1]   0.9999677  1.0002386
ilr.fac1[80,2]   1.0003166  1.0012465
ilr.fac1[81,1]   1.0000423  1.0005365
ilr.fac1[81,2]   0.9999016  1.0000642
ilr.fac1[82,1]   0.9999835  1.0003008
ilr.fac1[82,2]   1.0003071  1.0015687
ilr.fac1[83,1]   0.9999425  0.9999800
ilr.fac1[83,2]   1.0006010  1.0012544
ilr.fac1[84,1]   1.0003979  1.0016807
ilr.fac1[84,2]   1.0004286  1.0012433
ilr.fac1[85,1]   0.9999511  0.9999952
ilr.fac1[85,2]   1.0000191  1.0003507
ilr.fac1[86,1]   1.0002002  1.0007695
ilr.fac1[86,2]   1.0003960  1.0012700
ilr.fac1[87,1]   1.0008910  1.0027126
ilr.fac1[87,2]   0.9999979  1.0002903
ilr.fac1[88,1]   1.0003038  1.0014034
ilr.fac1[88,2]   1.0004019  1.0013469
ilr.fac1[89,1]   1.0001870  1.0008811
ilr.fac1[89,2]   1.0005976  1.0017465
ilr.fac1[9,1]    1.0001248  1.0001586
ilr.fac1[9,2]    1.0005740  1.0017421
ilr.fac1[90,1]   1.0000546  1.0004812
ilr.fac1[90,2]   1.0000871  1.0003163
ilr.fac1[91,1]   1.0003902  1.0011416
ilr.fac1[91,2]   1.0000245  1.0001999
ilr.fac1[92,1]   1.0001234  1.0001747
ilr.fac1[92,2]   1.0001210  1.0007016
ilr.fac1[93,1]   1.0000879  1.0003730
ilr.fac1[93,2]   1.0000718  1.0001439
ilr.fac1[94,1]   1.0001694  1.0008962
ilr.fac1[94,2]   1.0010909  1.0014709
ilr.fac1[95,1]   1.0003323  1.0003953
ilr.fac1[95,2]   1.0013060  1.0040984
ilr.fac1[96,1]   0.9999397  1.0000850
ilr.fac1[96,2]   1.0001161  1.0006402
ilr.fac1[97,1]   1.0001515  1.0003327
ilr.fac1[97,2]   0.9999590  1.0001929
ilr.fac1[98,1]   0.9998982  1.0000613
ilr.fac1[98,2]   1.0000935  1.0003518
ilr.fac1[99,1]   1.0014224  1.0051152
ilr.fac1[99,2]   1.0007305  1.0008414
loglik[1]        1.0005115  1.0016019
loglik[10]       1.0005026  1.0009815
loglik[100]      1.0013350  1.0014452
loglik[101]      1.0081796  1.0156797
loglik[102]      1.0050029  1.0121707
loglik[11]       0.9998760  0.9998889
loglik[12]       1.0002444  1.0003734
loglik[13]       1.0001242  1.0005715
loglik[14]       1.0000162  1.0003786
loglik[15]       1.0000085  1.0003735
loglik[16]       1.0005752  1.0010162
loglik[17]       0.9999544  0.9999936
loglik[18]       1.0004264  1.0007067
loglik[19]       0.9998793  0.9999845
loglik[2]        1.0003260  1.0012061
loglik[20]       1.0001025  1.0006403
loglik[21]       1.0000599  1.0004911
loglik[22]       1.0002326  1.0009098
loglik[23]       1.0003976  1.0009876
loglik[24]       0.9999443  1.0002064
loglik[25]       1.0016917  1.0019159
loglik[26]       1.0001015  1.0007126
loglik[27]       1.0000598  1.0000873
loglik[28]       0.9999566  1.0001538
loglik[29]       1.0005856  1.0019749
loglik[3]        0.9999962  1.0000126
loglik[30]       1.0025721  1.0049237
loglik[31]       1.0000173  1.0004484
loglik[32]       1.0007725  1.0020485
loglik[33]       1.0016371  1.0033896
loglik[34]       1.0004088  1.0005616
loglik[35]       1.0004291  1.0014439
loglik[36]       1.0002483  1.0004477
loglik[37]       1.0017796  1.0033011
loglik[38]       1.0006928  1.0021729
loglik[39]       1.0003813  1.0005837
loglik[4]        0.9999907  1.0001797
loglik[40]       1.0010522  1.0017169
loglik[41]       1.0010917  1.0023164
loglik[42]       1.0003464  1.0005208
loglik[43]       1.0007822  1.0024201
loglik[44]       1.0011030  1.0026808
loglik[45]       1.0002550  1.0006381
loglik[46]       1.0009783  1.0013108
loglik[47]       1.0008700  1.0021932
loglik[48]       1.0007037  1.0013469
loglik[49]       1.0017461  1.0036572
loglik[5]        1.0004472  1.0010421
loglik[50]       0.9999994  1.0003979
loglik[51]       1.0007651  1.0030082
loglik[52]       1.0002761  1.0005505
loglik[53]       1.0005513  1.0018811
loglik[54]       1.0003651  1.0014142
loglik[55]       1.0016144  1.0016183
loglik[56]       1.0016050  1.0029240
loglik[57]       1.0005287  1.0021690
loglik[58]       1.0000751  1.0005588
loglik[59]       1.0012547  1.0028833
loglik[6]        1.0003683  1.0005987
loglik[60]       1.0023742  1.0048441
loglik[61]       1.0010519  1.0016820
loglik[62]       1.0006609  1.0027307
loglik[63]       0.9999798  0.9999799
loglik[64]       1.0003190  1.0004108
loglik[65]       1.0013339  1.0034535
loglik[66]       1.0006324  1.0009002
loglik[67]       1.0002816  1.0011780
loglik[68]       1.0005488  1.0012396
loglik[69]       1.0005563  1.0019284
loglik[7]        0.9998903  0.9999389
loglik[70]       1.0010261  1.0022664
loglik[71]       1.0001695  1.0002682
loglik[72]       1.0006619  1.0009121
loglik[73]       1.0003068  1.0012485
loglik[74]       1.0004678  1.0008791
loglik[75]       1.0003751  1.0017640
loglik[76]       1.0004352  1.0004783
loglik[77]       1.0006373  1.0023939
loglik[78]       0.9999499  1.0001608
loglik[79]       1.0000938  1.0001489
loglik[8]        1.0002502  1.0013478
loglik[80]       1.0001990  1.0002034
loglik[81]       1.0015392  1.0041198
loglik[82]       1.0011743  1.0011910
loglik[83]       0.9999833  1.0003277
loglik[84]       1.0000355  1.0001423
loglik[85]       0.9999486  1.0001692
loglik[86]       1.0000957  1.0003698
loglik[87]       1.0002776  1.0002897
loglik[88]       1.0001263  1.0001682
loglik[89]       1.0008850  1.0022924
loglik[9]        1.0003312  1.0006181
loglik[90]       1.0002132  1.0003576
loglik[91]       1.0007869  1.0014142
loglik[92]       1.0001664  1.0004190
loglik[93]       1.0002537  1.0004878
loglik[94]       1.0003923  1.0011606
loglik[95]       1.0003555  1.0013033
loglik[96]       0.9999362  1.0000358
loglik[97]       1.0008192  1.0025502
loglik[98]       1.0005471  1.0008466
loglik[99]       1.0013253  1.0017005
p.fac1[1,1]      0.9999954  1.0001315
p.fac1[1,2]      1.0010547  1.0039188
p.fac1[1,3]      1.0021136  1.0067158
p.fac1[10,1]     1.0003998  1.0010246
p.fac1[10,2]     1.0006426  1.0021211
p.fac1[10,3]     1.0006737  1.0008679
p.fac1[100,1]    1.0004928  1.0016431
p.fac1[100,2]    1.0013758  1.0020404
p.fac1[100,3]    1.0009232  1.0016241
p.fac1[101,1]    0.9999993  1.0001286
p.fac1[101,2]    1.0229930  1.0374181
p.fac1[101,3]    1.0054009  1.0119547
p.fac1[102,1]    1.0011884  1.0023950
p.fac1[102,2]    1.0120805  1.0197034
p.fac1[102,3]    1.0046369  1.0105152
p.fac1[11,1]     1.0000443  1.0003671
p.fac1[11,2]     0.9999486  1.0002169
p.fac1[11,3]     1.0003305  1.0005852
p.fac1[12,1]     0.9998972  1.0000615
p.fac1[12,2]     1.0005785  1.0010372
p.fac1[12,3]     1.0004585  1.0005847
p.fac1[13,1]     0.9999534  1.0001014
p.fac1[13,2]     1.0001152  1.0005242
p.fac1[13,3]     0.9999424  1.0001976
p.fac1[14,1]     0.9999602  1.0000471
p.fac1[14,2]     0.9998904  1.0000013
p.fac1[14,3]     0.9999176  0.9999448
p.fac1[15,1]     1.0000785  1.0005929
p.fac1[15,2]     1.0003325  1.0011432
p.fac1[15,3]     1.0003594  1.0007400
p.fac1[16,1]     1.0000661  1.0002668
p.fac1[16,2]     1.0020086  1.0033883
p.fac1[16,3]     1.0002614  1.0005476
p.fac1[17,1]     1.0000232  1.0000769
p.fac1[17,2]     1.0007422  1.0016086
p.fac1[17,3]     1.0007079  1.0012391
p.fac1[18,1]     1.0008003  1.0016739
p.fac1[18,2]     1.0003112  1.0007594
p.fac1[18,3]     1.0031562  1.0044282
p.fac1[19,1]     0.9998625  0.9999180
p.fac1[19,2]     0.9999320  1.0001050
p.fac1[19,3]     1.0001835  1.0008973
p.fac1[2,1]      1.0004630  1.0012448
p.fac1[2,2]      1.0004443  1.0011612
p.fac1[2,3]      1.0012143  1.0020046
p.fac1[20,1]     1.0003102  1.0011904
p.fac1[20,2]     1.0000435  1.0005428
p.fac1[20,3]     1.0001314  1.0007247
p.fac1[21,1]     1.0000317  1.0003152
p.fac1[21,2]     0.9999557  1.0000025
p.fac1[21,3]     0.9999815  1.0003577
p.fac1[22,1]     1.0002263  1.0011496
p.fac1[22,2]     1.0005703  1.0018761
p.fac1[22,3]     1.0000011  1.0004165
p.fac1[23,1]     1.0002010  1.0003869
p.fac1[23,2]     1.0006508  1.0007037
p.fac1[23,3]     1.0002846  1.0007835
p.fac1[24,1]     0.9998739  0.9999165
p.fac1[24,2]     1.0016688  1.0030666
p.fac1[24,3]     1.0005824  1.0015852
p.fac1[25,1]     0.9998790  0.9999927
p.fac1[25,2]     0.9998974  1.0000693
p.fac1[25,3]     1.0000534  1.0003223
p.fac1[26,1]     1.0003767  1.0018099
p.fac1[26,2]     1.0000126  1.0003850
p.fac1[26,3]     1.0004216  1.0012076
p.fac1[27,1]     1.0002122  1.0011939
p.fac1[27,2]     0.9999740  1.0003227
p.fac1[27,3]     0.9999088  1.0000932
p.fac1[28,1]     1.0000845  1.0006516
p.fac1[28,2]     0.9999696  1.0001546
p.fac1[28,3]     1.0001680  1.0003131
p.fac1[29,1]     1.0001047  1.0007912
p.fac1[29,2]     1.0002320  1.0010601
p.fac1[29,3]     1.0001827  1.0010467
p.fac1[3,1]      1.0001487  1.0004695
p.fac1[3,2]      1.0014268  1.0028872
p.fac1[3,3]      1.0008343  1.0019323
p.fac1[30,1]     1.0018592  1.0049811
p.fac1[30,2]     1.0002090  1.0009269
p.fac1[30,3]     1.0009197  1.0019347
p.fac1[31,1]     0.9999615  1.0002075
p.fac1[31,2]     0.9999612  1.0002126
p.fac1[31,3]     1.0002073  1.0005945
p.fac1[32,1]     0.9999282  1.0000729
p.fac1[32,2]     1.0023858  1.0061005
p.fac1[32,3]     1.0000615  1.0005767
p.fac1[33,1]     1.0002787  1.0005594
p.fac1[33,2]     1.0004360  1.0012150
p.fac1[33,3]     1.0007670  1.0019787
p.fac1[34,1]     1.0002631  1.0013253
p.fac1[34,2]     1.0003789  1.0016180
p.fac1[34,3]     1.0010823  1.0025430
p.fac1[35,1]     1.0004676  1.0007385
p.fac1[35,2]     1.0004181  1.0005264
p.fac1[35,3]     1.0003525  1.0012695
p.fac1[36,1]     1.0001791  1.0009070
p.fac1[36,2]     1.0001815  1.0002198
p.fac1[36,3]     1.0005108  1.0014770
p.fac1[37,1]     1.0007481  1.0016968
p.fac1[37,2]     0.9999724  1.0001551
p.fac1[37,3]     1.0017241  1.0025852
p.fac1[38,1]     1.0000357  1.0002839
p.fac1[38,2]     1.0016502  1.0032560
p.fac1[38,3]     1.0002502  1.0010415
p.fac1[39,1]     1.0002719  1.0013996
p.fac1[39,2]     1.0012695  1.0044318
p.fac1[39,3]     1.0002965  1.0005128
p.fac1[4,1]      0.9998873  1.0000019
p.fac1[4,2]      1.0002263  1.0009293
p.fac1[4,3]      1.0000000  1.0002386
p.fac1[40,1]     1.0004563  1.0009339
p.fac1[40,2]     1.0001052  1.0007819
p.fac1[40,3]     1.0023575  1.0026525
p.fac1[41,1]     1.0000046  1.0001749
p.fac1[41,2]     1.0003268  1.0008329
p.fac1[41,3]     0.9999339  0.9999624
p.fac1[42,1]     1.0003966  1.0012640
p.fac1[42,2]     1.0014804  1.0039571
p.fac1[42,3]     1.0011311  1.0020172
p.fac1[43,1]     1.0004420  1.0016481
p.fac1[43,2]     1.0003543  1.0011192
p.fac1[43,3]     0.9999014  1.0000370
p.fac1[44,1]     1.0000340  1.0000637
p.fac1[44,2]     1.0003870  1.0004156
p.fac1[44,3]     1.0000592  1.0002134
p.fac1[45,1]     1.0004528  1.0017763
p.fac1[45,2]     1.0003195  1.0011439
p.fac1[45,3]     0.9999524  1.0000711
p.fac1[46,1]     1.0003553  1.0009308
p.fac1[46,2]     1.0003352  1.0011868
p.fac1[46,3]     1.0001260  1.0002748
p.fac1[47,1]     1.0003059  1.0006491
p.fac1[47,2]     1.0033762  1.0071935
p.fac1[47,3]     1.0004326  1.0015775
p.fac1[48,1]     1.0000098  1.0001268
p.fac1[48,2]     1.0005434  1.0012140
p.fac1[48,3]     1.0002096  1.0004972
p.fac1[49,1]     1.0001091  1.0007552
p.fac1[49,2]     1.0011831  1.0032112
p.fac1[49,3]     1.0005196  1.0011940
p.fac1[5,1]      0.9999235  1.0000684
p.fac1[5,2]      1.0020818  1.0028095
p.fac1[5,3]      1.0007235  1.0015615
p.fac1[50,1]     0.9999259  1.0000805
p.fac1[50,2]     1.0006016  1.0019005
p.fac1[50,3]     1.0006710  1.0020865
p.fac1[51,1]     1.0000180  1.0004826
p.fac1[51,2]     1.0002381  1.0012924
p.fac1[51,3]     1.0001323  1.0006262
p.fac1[52,1]     1.0002837  1.0014877
p.fac1[52,2]     1.0012425  1.0038464
p.fac1[52,3]     1.0009463  1.0022093
p.fac1[53,1]     0.9999910  1.0004127
p.fac1[53,2]     0.9998830  0.9999504
p.fac1[53,3]     1.0005097  1.0009657
p.fac1[54,1]     1.0001192  1.0008198
p.fac1[54,2]     1.0001423  1.0008835
p.fac1[54,3]     1.0003577  1.0010581
p.fac1[55,1]     1.0001483  1.0009122
p.fac1[55,2]     1.0001643  1.0008819
p.fac1[55,3]     1.0005449  1.0015210
p.fac1[56,1]     1.0007987  1.0028034
p.fac1[56,2]     1.0008920  1.0025256
p.fac1[56,3]     1.0009955  1.0019417
p.fac1[57,1]     1.0010089  1.0028697
p.fac1[57,2]     1.0024246  1.0051935
p.fac1[57,3]     1.0011498  1.0018967
p.fac1[58,1]     1.0000047  1.0003815
p.fac1[58,2]     1.0000525  1.0002941
p.fac1[58,3]     0.9999096  1.0000941
p.fac1[59,1]     1.0021290  1.0044028
p.fac1[59,2]     1.0041578  1.0064074
p.fac1[59,3]     1.0007490  1.0018498
p.fac1[6,1]      1.0002070  1.0008395
p.fac1[6,2]      1.0031893  1.0068041
p.fac1[6,3]      1.0006693  1.0021415
p.fac1[60,1]     1.0002922  1.0013114
p.fac1[60,2]     1.0001638  1.0010133
p.fac1[60,3]     1.0002003  1.0003538
p.fac1[61,1]     1.0002361  1.0005037
p.fac1[61,2]     1.0004928  1.0017817
p.fac1[61,3]     1.0024459  1.0037945
p.fac1[62,1]     1.0008174  1.0032151
p.fac1[62,2]     1.0003777  1.0017851
p.fac1[62,3]     1.0000495  1.0000667
p.fac1[63,1]     0.9999367  1.0002007
p.fac1[63,2]     1.0002141  1.0010862
p.fac1[63,3]     1.0005704  1.0023516
p.fac1[64,1]     1.0005103  1.0015333
p.fac1[64,2]     1.0026957  1.0057365
p.fac1[64,3]     1.0005546  1.0017693
p.fac1[65,1]     1.0000792  1.0005226
p.fac1[65,2]     1.0001713  1.0008348
p.fac1[65,3]     0.9999873  1.0001189
p.fac1[66,1]     1.0005721  1.0023421
p.fac1[66,2]     1.0000820  1.0001604
p.fac1[66,3]     1.0009218  1.0027136
p.fac1[67,1]     1.0005473  1.0020328
p.fac1[67,2]     1.0006116  1.0025639
p.fac1[67,3]     1.0003410  1.0016288
p.fac1[68,1]     1.0000738  1.0005819
p.fac1[68,2]     1.0003059  1.0007825
p.fac1[68,3]     0.9999146  1.0000562
p.fac1[69,1]     1.0002722  1.0006765
p.fac1[69,2]     1.0002990  1.0006680
p.fac1[69,3]     1.0002523  1.0004178
p.fac1[7,1]      0.9999547  1.0000610
p.fac1[7,2]      1.0016635  1.0034930
p.fac1[7,3]      0.9999931  1.0001128
p.fac1[70,1]     1.0002230  1.0011774
p.fac1[70,2]     1.0003540  1.0015209
p.fac1[70,3]     1.0003042  1.0010478
p.fac1[71,1]     1.0000047  1.0002288
p.fac1[71,2]     0.9999785  1.0003639
p.fac1[71,3]     1.0001158  1.0006272
p.fac1[72,1]     0.9999368  1.0001232
p.fac1[72,2]     0.9999812  1.0002249
p.fac1[72,3]     1.0002705  1.0008417
p.fac1[73,1]     1.0001927  1.0010200
p.fac1[73,2]     0.9999736  1.0002834
p.fac1[73,3]     1.0000731  1.0006409
p.fac1[74,1]     1.0002404  1.0003318
p.fac1[74,2]     1.0006796  1.0023126
p.fac1[74,3]     1.0006341  1.0027418
p.fac1[75,1]     1.0000789  1.0004639
p.fac1[75,2]     1.0003013  1.0011104
p.fac1[75,3]     1.0002600  1.0011071
p.fac1[76,1]     0.9998626  0.9998875
p.fac1[76,2]     0.9999369  1.0001739
p.fac1[76,3]     0.9999518  1.0001975
p.fac1[77,1]     1.0004748  1.0010405
p.fac1[77,2]     1.0008891  1.0023326
p.fac1[77,3]     1.0006017  1.0015508
p.fac1[78,1]     1.0001812  1.0008676
p.fac1[78,2]     1.0001205  1.0008678
p.fac1[78,3]     0.9999675  1.0001625
p.fac1[79,1]     1.0000271  1.0002689
p.fac1[79,2]     1.0002952  1.0010865
p.fac1[79,3]     1.0003175  1.0008973
p.fac1[8,1]      1.0001801  1.0010371
p.fac1[8,2]      1.0021783  1.0035910
p.fac1[8,3]      1.0000488  1.0004987
p.fac1[80,1]     0.9999854  1.0003234
p.fac1[80,2]     0.9999626  1.0001383
p.fac1[80,3]     0.9999265  1.0000138
p.fac1[81,1]     1.0000129  1.0004455
p.fac1[81,2]     1.0001309  1.0009293
p.fac1[81,3]     1.0000944  1.0005679
p.fac1[82,1]     0.9998364  0.9998395
p.fac1[82,2]     1.0003356  1.0016515
p.fac1[82,3]     1.0012086  1.0038671
p.fac1[83,1]     0.9999118  1.0000100
p.fac1[83,2]     1.0001357  1.0005206
p.fac1[83,3]     1.0003625  1.0012621
p.fac1[84,1]     1.0001671  1.0010343
p.fac1[84,2]     1.0008175  1.0029592
p.fac1[84,3]     1.0002024  1.0011195
p.fac1[85,1]     0.9998723  0.9998940
p.fac1[85,2]     1.0000466  1.0003107
p.fac1[85,3]     1.0001071  1.0007831
p.fac1[86,1]     1.0000792  1.0006786
p.fac1[86,2]     1.0000860  1.0006599
p.fac1[86,3]     1.0003373  1.0015950
p.fac1[87,1]     1.0003267  1.0010672
p.fac1[87,2]     1.0002229  1.0008947
p.fac1[87,3]     1.0001408  1.0005855
p.fac1[88,1]     0.9999738  1.0000246
p.fac1[88,2]     1.0008808  1.0029791
p.fac1[88,3]     1.0014894  1.0034205
p.fac1[89,1]     1.0006017  1.0013618
p.fac1[89,2]     1.0015241  1.0043501
p.fac1[89,3]     1.0023393  1.0048617
p.fac1[9,1]      1.0004699  1.0007465
p.fac1[9,2]      1.0006004  1.0009224
p.fac1[9,3]      1.0008799  1.0017593
p.fac1[90,1]     1.0000748  1.0005615
p.fac1[90,2]     1.0000628  1.0004819
p.fac1[90,3]     1.0003964  1.0007725
p.fac1[91,1]     1.0006012  1.0020162
p.fac1[91,2]     1.0004836  1.0016320
p.fac1[91,3]     1.0010092  1.0019844
p.fac1[92,1]     1.0000862  1.0001409
p.fac1[92,2]     0.9999842  1.0000878
p.fac1[92,3]     1.0000872  1.0001509
p.fac1[93,1]     0.9998668  0.9998840
p.fac1[93,2]     0.9999415  1.0002034
p.fac1[93,3]     1.0000689  1.0004124
p.fac1[94,1]     1.0001193  1.0006042
p.fac1[94,2]     0.9999513  1.0002142
p.fac1[94,3]     0.9999449  0.9999858
p.fac1[95,1]     1.0004652  1.0012758
p.fac1[95,2]     1.0004577  1.0007023
p.fac1[95,3]     1.0000608  1.0005820
p.fac1[96,1]     1.0000249  1.0005389
p.fac1[96,2]     0.9999096  1.0000511
p.fac1[96,3]     1.0005586  1.0021394
p.fac1[97,1]     1.0001078  1.0004310
p.fac1[97,2]     0.9998385  0.9998518
p.fac1[97,3]     0.9999454  1.0001489
p.fac1[98,1]     0.9999026  1.0000347
p.fac1[98,2]     1.0000652  1.0005375
p.fac1[98,3]     1.0002382  1.0010062
p.fac1[99,1]     1.0011266  1.0040786
p.fac1[99,2]     1.0046611  1.0095655
p.fac1[99,3]     1.0004820  1.0010560
p.global[1]      0.9999954  1.0001315
p.global[2]      1.0010547  1.0039188
p.global[3]      1.0021136  1.0067158

################################################################################
# Geweke Diagnostic
################################################################################

The Geweke diagnostic is a standard z-score, so we'd expect 5% to be outside +/-1.96
Number of variables outside +/-1.96 in each chain (out of 
616
):


       Chain 1 Chain 2 Chain 3
Geweke      23      42      37


And here are the Geweke diagnostics for all variables:

                chain1 chain2 chain3
deviance         0.212 -2.191 -0.211
ilr.fac1[10,1]   0.502 -0.139  2.227
ilr.fac1[10,2]   0.791 -0.880 -0.170
ilr.fac1[100,1]  0.333  0.583  1.732
ilr.fac1[100,2]  1.191  0.012 -0.369
ilr.fac1[101,1]  2.052 -0.841  1.745
ilr.fac1[101,2]  1.194 -2.722 -2.057
ilr.fac1[102,1]  0.522  0.606 -0.181
ilr.fac1[102,2] -0.222 -0.696 -0.039
ilr.fac1[11,1]  -1.033  0.678 -0.520
ilr.fac1[11,2]  -0.020  0.911  0.813
ilr.fac1[12,1]   1.614 -1.878 -1.337
ilr.fac1[12,2]  -0.517 -0.239  1.274
ilr.fac1[13,1]  -1.057 -0.705  0.571
ilr.fac1[13,2]   1.051  0.232  1.329
ilr.fac1[14,1]  -0.346 -0.758  0.197
ilr.fac1[14,2]  -0.375 -1.171 -0.606
ilr.fac1[15,1]  -1.181  0.088 -0.112
ilr.fac1[15,2]   1.670  0.838  2.165
ilr.fac1[16,1]  -2.348  0.030  0.610
ilr.fac1[16,2]  -0.838  1.322  0.134
ilr.fac1[17,1]  -0.187 -0.612  0.561
ilr.fac1[17,2]  -0.064 -0.616 -1.669
ilr.fac1[18,1]   1.132  0.074 -0.514
ilr.fac1[18,2]   0.641  0.905  2.369
ilr.fac1[19,1]  -0.888 -0.650 -0.068
ilr.fac1[19,2]   0.649 -0.561  0.112
ilr.fac1[2,1]    1.050  0.593 -1.566
ilr.fac1[2,2]   -1.734  0.982  0.085
ilr.fac1[20,1]   1.788 -0.715  0.118
ilr.fac1[20,2]  -2.278  0.449 -0.144
ilr.fac1[21,1]  -1.943 -0.911 -1.020
ilr.fac1[21,2]   1.111  1.279  0.770
ilr.fac1[22,1]   0.159 -0.282 -0.016
ilr.fac1[22,2]   0.060  0.331 -0.067
ilr.fac1[23,1]   2.536  1.192 -0.349
ilr.fac1[23,2]  -1.170  0.091  0.707
ilr.fac1[24,1]  -0.086  0.496  0.442
ilr.fac1[24,2]   0.471  0.484 -0.639
ilr.fac1[25,1]   0.226 -0.106  2.187
ilr.fac1[25,2]   1.020 -0.028 -2.154
ilr.fac1[26,1]   0.356  0.118  0.344
ilr.fac1[26,2]   0.279 -0.470  0.332
ilr.fac1[27,1]  -0.188  2.517 -1.084
ilr.fac1[27,2]   0.620 -3.263 -0.427
ilr.fac1[28,1]  -0.111 -1.071 -0.637
ilr.fac1[28,2]   1.452 -0.406 -0.360
ilr.fac1[29,1]  -0.554  0.218  0.411
ilr.fac1[29,2]   0.306  0.263  0.906
ilr.fac1[3,1]    0.928 -0.445 -1.383
ilr.fac1[3,2]   -0.495 -0.568  0.621
ilr.fac1[30,1]   0.300 -0.932 -0.450
ilr.fac1[30,2]  -0.692 -0.458 -1.446
ilr.fac1[31,1]  -0.122 -2.332  0.121
ilr.fac1[31,2]  -0.144  1.399 -1.393
ilr.fac1[32,1]   1.667 -0.408  0.183
ilr.fac1[32,2]   0.452 -0.803 -0.842
ilr.fac1[33,1]  -0.082  0.677 -0.933
ilr.fac1[33,2]   0.738 -2.108  0.150
ilr.fac1[34,1]   0.837  0.606 -0.862
ilr.fac1[34,2]  -0.249  0.371  1.944
ilr.fac1[35,1]   0.204  0.684 -0.983
ilr.fac1[35,2]  -0.250 -1.781 -0.861
ilr.fac1[36,1]   0.232 -2.085  0.635
ilr.fac1[36,2]  -0.067  0.049 -0.045
ilr.fac1[37,1]  -0.295 -0.722  1.357
ilr.fac1[37,2]   1.215  1.614  0.543
ilr.fac1[38,1]   0.361  0.226  1.074
ilr.fac1[38,2]  -0.811  0.451 -1.127
ilr.fac1[39,1]  -0.781  0.319  0.857
ilr.fac1[39,2]   1.536 -0.138 -0.875
ilr.fac1[4,1]    0.645 -0.792  0.135
ilr.fac1[4,2]    0.771 -1.062  0.367
ilr.fac1[40,1]   0.562  0.212 -0.654
ilr.fac1[40,2]  -0.349  1.203 -0.358
ilr.fac1[41,1]   0.202 -0.946  1.301
ilr.fac1[41,2]  -0.559  0.744  1.866
ilr.fac1[42,1]   0.358  0.118  2.571
ilr.fac1[42,2]  -0.601  0.078  0.900
ilr.fac1[43,1]  -0.223 -0.180  0.646
ilr.fac1[43,2]  -0.316 -2.338 -0.563
ilr.fac1[44,1]   0.921 -1.159 -0.196
ilr.fac1[44,2]  -0.319  0.440  1.452
ilr.fac1[45,1]   0.854 -0.270  0.168
ilr.fac1[45,2]  -0.069 -0.885  0.350
ilr.fac1[46,1]  -0.934  0.802 -0.670
ilr.fac1[46,2]   0.359 -0.271 -0.162
ilr.fac1[47,1]  -0.541 -0.669 -0.050
ilr.fac1[47,2]   0.636  1.924 -1.231
ilr.fac1[48,1]   1.554 -1.184 -0.188
ilr.fac1[48,2]   0.073  0.353  0.388
ilr.fac1[49,1]   1.388 -0.306 -0.414
ilr.fac1[49,2]   0.747  0.038  0.047
ilr.fac1[5,1]   -1.488 -1.868  1.031
ilr.fac1[5,2]    0.179 -0.040 -0.147
ilr.fac1[50,1]   2.296 -1.428 -0.697
ilr.fac1[50,2]   0.768  0.159 -1.317
ilr.fac1[51,1]  -1.077 -1.758  1.237
ilr.fac1[51,2]  -1.895  0.990  0.276
ilr.fac1[52,1]   0.309 -0.007  0.852
ilr.fac1[52,2]  -1.670  1.200  0.139
ilr.fac1[53,1]  -0.473 -1.178  0.220
ilr.fac1[53,2]  -1.520  0.832  1.506
ilr.fac1[54,1]   1.004 -0.280  0.530
ilr.fac1[54,2]  -1.064  1.158  0.884
ilr.fac1[55,1]  -1.541 -0.324 -0.126
ilr.fac1[55,2]   0.536  0.816  0.419
ilr.fac1[56,1]   0.421  0.699 -0.592
ilr.fac1[56,2]   1.154 -0.101 -0.381
ilr.fac1[57,1]   0.445  1.107  0.364
ilr.fac1[57,2]  -1.051  2.013 -1.600
ilr.fac1[58,1]   0.424 -3.404 -1.809
ilr.fac1[58,2]   0.363  1.631  0.576
ilr.fac1[59,1]   2.480  1.131  1.495
ilr.fac1[59,2]  -0.403  1.177 -0.663
ilr.fac1[6,1]   -0.763  2.057  0.410
ilr.fac1[6,2]   -0.587  1.088 -0.284
ilr.fac1[60,1]  -0.731  0.435 -0.471
ilr.fac1[60,2]  -2.274  0.346  1.649
ilr.fac1[61,1]   0.415  0.965 -0.392
ilr.fac1[61,2]  -2.478  0.114 -1.358
ilr.fac1[62,1]   0.216  1.028  0.898
ilr.fac1[62,2]   1.009  0.146 -0.546
ilr.fac1[63,1]  -0.531 -2.197 -0.443
ilr.fac1[63,2]  -1.863  1.148  0.444
ilr.fac1[64,1]  -0.426  0.877 -0.179
ilr.fac1[64,2]  -0.858  0.050  0.717
ilr.fac1[65,1]  -0.073 -0.323  0.570
ilr.fac1[65,2]  -0.479 -0.657 -0.648
ilr.fac1[66,1]   0.301 -0.395 -0.400
ilr.fac1[66,2]   1.866  0.244 -0.566
ilr.fac1[67,1]   0.572  0.394  0.266
ilr.fac1[67,2]  -0.080 -0.201  0.132
ilr.fac1[68,1]  -0.849 -0.172 -0.959
ilr.fac1[68,2]   0.527  0.938  1.534
ilr.fac1[69,1]   1.206 -0.790  0.703
ilr.fac1[69,2]   0.057  0.890 -0.141
ilr.fac1[7,1]    0.438  0.516 -1.168
ilr.fac1[7,2]   -0.713 -0.763 -0.219
ilr.fac1[70,1]  -0.403  1.230 -0.649
ilr.fac1[70,2]   0.232 -1.420  0.805
ilr.fac1[71,1]   1.569 -0.175 -0.663
ilr.fac1[71,2]  -1.476 -1.729  0.331
ilr.fac1[72,1]  -0.030  0.324 -1.849
ilr.fac1[72,2]  -0.662 -0.178  0.769
ilr.fac1[73,1]   0.780  1.540  1.570
ilr.fac1[73,2]  -1.914 -1.324 -1.659
ilr.fac1[74,1]   1.270 -0.068  1.644
ilr.fac1[74,2]  -0.139 -0.662 -0.994
ilr.fac1[75,1]  -0.219 -0.928 -0.626
ilr.fac1[75,2]   0.445 -0.978  0.913
ilr.fac1[76,1]  -1.196 -0.732 -1.513
ilr.fac1[76,2]  -0.080  0.234  0.654
ilr.fac1[77,1]  -0.406  0.645 -0.315
ilr.fac1[77,2]   0.400  0.334 -1.709
ilr.fac1[78,1]   0.217 -0.942 -0.411
ilr.fac1[78,2]   1.813  0.138  0.710
ilr.fac1[79,1]  -1.145 -0.940 -1.092
ilr.fac1[79,2]   0.484 -0.192  0.197
ilr.fac1[8,1]   -0.759  0.309  1.477
ilr.fac1[8,2]    0.911  0.373 -2.238
ilr.fac1[80,1]   0.848  1.417  1.566
ilr.fac1[80,2]  -0.986 -1.156 -1.951
ilr.fac1[81,1]   0.246  0.569 -1.397
ilr.fac1[81,2]   0.303 -1.080  0.264
ilr.fac1[82,1]  -1.100 -0.655  0.938
ilr.fac1[82,2]   0.589  0.780 -0.776
ilr.fac1[83,1]   0.194  0.988  0.540
ilr.fac1[83,2]   0.290 -1.136  0.519
ilr.fac1[84,1]  -0.895  0.862 -3.270
ilr.fac1[84,2]   3.542  1.284  0.890
ilr.fac1[85,1]  -0.775 -1.642 -0.309
ilr.fac1[85,2]   0.617  0.559 -0.935
ilr.fac1[86,1]  -0.805  1.863 -1.850
ilr.fac1[86,2]   1.017 -1.523  1.811
ilr.fac1[87,1]   0.704  0.017 -0.440
ilr.fac1[87,2]  -0.926  0.073  0.414
ilr.fac1[88,1]   0.839 -1.519  0.038
ilr.fac1[88,2]  -1.061  2.575 -2.144
ilr.fac1[89,1]   0.203  0.728  1.719
ilr.fac1[89,2]   0.514  0.844  0.187
ilr.fac1[9,1]    2.011  1.395 -1.956
ilr.fac1[9,2]   -1.013  1.046  0.486
ilr.fac1[90,1]   1.829  0.620  0.383
ilr.fac1[90,2]   0.789 -0.679 -0.995
ilr.fac1[91,1]  -1.184  0.490  1.263
ilr.fac1[91,2]  -1.103  0.149  0.861
ilr.fac1[92,1]   1.524 -0.515  1.626
ilr.fac1[92,2]  -1.808 -0.210 -0.962
ilr.fac1[93,1]  -1.684  3.133 -0.095
ilr.fac1[93,2]  -0.375 -0.579  0.399
ilr.fac1[94,1]  -0.676  0.752  0.462
ilr.fac1[94,2]  -0.051 -0.918 -1.002
ilr.fac1[95,1]   0.214 -0.308 -0.232
ilr.fac1[95,2]   1.718  0.073  0.139
ilr.fac1[96,1]  -1.949 -0.568 -1.916
ilr.fac1[96,2]   0.862  0.445  1.408
ilr.fac1[97,1]   0.713  1.009 -0.718
ilr.fac1[97,2]   0.818 -1.338 -0.337
ilr.fac1[98,1]   1.775 -1.571 -0.957
ilr.fac1[98,2]  -0.325 -0.791 -0.370
ilr.fac1[99,1]   0.268 -0.827  1.014
ilr.fac1[99,2]   1.236 -1.928 -0.738
loglik[1]        1.174 -0.907  0.643
loglik[10]       1.785  0.082  0.919
loglik[100]     -0.831  0.605  0.593
loglik[101]     -1.140  1.650  2.301
loglik[102]      0.052  0.651  0.655
loglik[11]      -0.288  1.544 -0.483
loglik[12]       1.037 -0.851 -0.166
loglik[13]       0.386  0.053  1.564
loglik[14]       1.342 -0.658 -0.025
loglik[15]      -1.138  0.348  0.179
loglik[16]      -2.111  0.927  1.123
loglik[17]      -0.717 -0.539 -0.524
loglik[18]       0.548  0.958  0.508
loglik[19]      -1.461  0.091  0.724
loglik[2]       -0.178  0.481 -1.366
loglik[20]      -0.641  2.185  0.234
loglik[21]      -1.177  0.488 -0.257
loglik[22]       0.100  1.206  0.058
loglik[23]       1.765  1.136  1.651
loglik[24]       0.578 -0.361 -1.899
loglik[25]      -0.860  0.507  1.910
loglik[26]      -1.085  0.963 -0.583
loglik[27]      -0.273  3.003  0.365
loglik[28]      -0.519 -0.255 -0.745
loglik[29]      -0.239  1.211  0.463
loglik[3]        0.307 -0.595  0.158
loglik[30]      -1.226  1.107  0.197
loglik[31]      -0.284  1.131 -2.152
loglik[32]       1.061 -1.277 -0.403
loglik[33]       1.340  0.675 -1.358
loglik[34]      -1.668 -0.467  0.995
loglik[35]       0.609 -0.411 -0.888
loglik[36]      -0.419  0.516 -1.382
loglik[37]      -0.922  0.140  2.104
loglik[38]      -0.075  0.439 -1.662
loglik[39]       1.459  0.118 -0.758
loglik[4]        1.377  0.850 -0.485
loglik[40]      -0.770  1.829 -0.969
loglik[41]      -0.240 -0.161  1.019
loglik[42]       0.587 -0.863  0.108
loglik[43]      -0.894  3.051 -0.269
loglik[44]       0.048  1.057  1.092
loglik[45]       0.341  0.702  0.964
loglik[46]       1.443 -0.852 -0.506
loglik[47]       0.405  0.565 -0.279
loglik[48]       0.501  0.010 -1.123
loglik[49]       0.328  0.087 -0.185
loglik[5]       -0.316 -1.047 -0.078
loglik[50]      -1.733  1.467  0.638
loglik[51]      -1.115  2.356  1.591
loglik[52]      -0.201  2.484 -0.497
loglik[53]       0.251  0.307  2.542
loglik[54]      -0.711 -0.251  0.077
loglik[55]       2.155  2.087 -0.587
loglik[56]       1.145 -0.412  1.122
loglik[57]      -0.195  0.109 -0.534
loglik[58]       0.772  0.037  1.894
loglik[59]      -0.350  1.929 -0.305
loglik[6]       -0.416  1.116 -1.223
loglik[60]       0.259 -0.320  1.414
loglik[61]      -1.642  0.014 -1.844
loglik[62]      -0.100  0.645 -0.393
loglik[63]       0.986  2.474  1.057
loglik[64]      -0.403  1.239  0.477
loglik[65]      -1.055  2.452  0.011
loglik[66]       0.848  0.979  0.121
loglik[67]       0.171  1.223 -2.172
loglik[68]       1.513  0.750 -0.210
loglik[69]       0.972 -0.322  0.053
loglik[7]       -0.091  0.786 -0.146
loglik[70]      -0.253  1.520 -0.749
loglik[71]       0.255 -0.652  1.050
loglik[72]       0.887 -0.846 -1.206
loglik[73]       0.377  1.003  0.708
loglik[74]      -0.364  2.011 -0.496
loglik[75]      -0.833  1.016 -1.198
loglik[76]      -1.324  0.675 -1.659
loglik[77]      -0.470 -0.400  0.552
loglik[78]      -0.136  0.058  0.310
loglik[79]      -1.149  0.913 -0.446
loglik[8]        1.110  0.449  0.090
loglik[80]       0.975  0.916  0.195
loglik[81]       0.126  0.477 -0.962
loglik[82]       0.373  0.961 -0.156
loglik[83]       0.148  1.375 -0.353
loglik[84]      -3.116  0.291 -0.734
loglik[85]      -1.246  0.215  0.222
loglik[86]      -1.323  1.384 -1.461
loglik[87]       0.337  0.675  0.075
loglik[88]       1.644  1.700  2.214
loglik[89]       1.594  0.212  0.677
loglik[9]        0.763  1.575 -1.788
loglik[90]       1.517  0.555  0.625
loglik[91]       0.259  1.245  1.117
loglik[92]       0.379  0.535  1.261
loglik[93]      -0.759  0.847  0.258
loglik[94]      -0.518  0.861  0.815
loglik[95]      -0.190  0.006  0.946
loglik[96]      -0.635 -0.428 -0.141
loglik[97]      -0.830  1.067 -0.231
loglik[98]       0.831  0.832  1.653
loglik[99]      -0.755  0.496  0.532
p.fac1[1,1]     -0.106  1.018 -0.515
p.fac1[1,2]      0.581 -1.700 -0.259
p.fac1[1,3]     -0.701  1.203  1.028
p.fac1[10,1]     0.980 -0.813  1.715
p.fac1[10,2]     0.425 -0.486 -2.093
p.fac1[10,3]    -1.898  1.446 -0.221
p.fac1[100,1]    1.342  0.560  0.928
p.fac1[100,2]   -0.012 -1.323 -1.693
p.fac1[100,3]   -1.406  0.411  0.508
p.fac1[101,1]    2.067 -2.311 -0.276
p.fac1[101,2]   -0.603 -1.519 -2.307
p.fac1[101,3]   -1.092  2.828  1.951
p.fac1[102,1]   -0.443 -0.564  0.712
p.fac1[102,2]    0.527 -1.299 -0.585
p.fac1[102,3]   -0.050  1.181  0.032
p.fac1[11,1]    -0.871  1.466 -0.216
p.fac1[11,2]     0.527 -1.282  0.680
p.fac1[11,3]     0.521 -0.747 -0.511
p.fac1[12,1]     1.641 -1.422 -0.824
p.fac1[12,2]    -1.271  0.620  1.462
p.fac1[12,3]    -0.476  1.294 -0.631
p.fac1[13,1]    -0.066 -0.283  1.700
p.fac1[13,2]     0.776  0.635 -0.399
p.fac1[13,3]    -0.791 -0.413 -2.035
p.fac1[14,1]     0.286 -1.273 -0.032
p.fac1[14,2]    -0.363  0.410 -0.612
p.fac1[14,3]     0.050  1.461  0.700
p.fac1[15,1]    -0.056  1.039  0.936
p.fac1[15,2]     0.790 -0.898  0.448
p.fac1[15,3]    -0.971 -0.424 -2.314
p.fac1[16,1]    -1.967  0.915  0.602
p.fac1[16,2]     2.028  0.016 -1.337
p.fac1[16,3]     0.880 -1.457  0.358
p.fac1[17,1]    -0.197 -1.160 -0.910
p.fac1[17,2]     0.369  0.577 -0.361
p.fac1[17,3]    -0.109  1.156  1.948
p.fac1[18,1]     0.905  0.913  0.443
p.fac1[18,2]    -0.040 -0.623  0.962
p.fac1[18,3]    -1.828 -0.752 -2.411
p.fac1[19,1]    -0.990 -1.218 -0.761
p.fac1[19,2]     0.990  0.138  0.181
p.fac1[19,3]     0.031  1.421  0.754
p.fac1[2,1]     -0.119  1.168 -1.277
p.fac1[2,2]     -1.223 -0.684  0.978
p.fac1[2,3]      1.030 -0.925  0.906
p.fac1[20,1]     1.213 -0.592  0.205
p.fac1[20,2]    -1.957  0.303 -0.264
p.fac1[20,3]     1.709  0.200  0.125
p.fac1[21,1]    -1.149 -0.247 -0.795
p.fac1[21,2]     1.432  1.010  0.904
p.fac1[21,3]    -0.294 -1.435 -0.117
p.fac1[22,1]     0.109  0.811 -0.588
p.fac1[22,2]    -0.038 -0.535 -0.064
p.fac1[22,3]    -0.077 -0.360  0.726
p.fac1[23,1]     1.150  1.598  0.706
p.fac1[23,2]    -2.343 -1.286  0.194
p.fac1[23,3]     0.593 -0.893 -0.844
p.fac1[24,1]    -0.189  1.077 -0.316
p.fac1[24,2]    -0.388 -1.663 -0.899
p.fac1[24,3]     0.406 -0.298  1.014
p.fac1[25,1]     0.862  0.268  1.107
p.fac1[25,2]    -0.087 -0.187 -2.148
p.fac1[25,3]    -1.097 -0.127  1.292
p.fac1[26,1]     0.465  0.024  0.510
p.fac1[26,2]    -0.308 -0.398 -0.436
p.fac1[26,3]    -0.196  0.659 -0.007
p.fac1[27,1]    -0.177  1.336 -1.382
p.fac1[27,2]     0.891 -3.224  0.836
p.fac1[27,3]    -1.371  3.195  0.429
p.fac1[28,1]     0.411 -0.983 -1.140
p.fac1[28,2]     0.525  0.126  0.350
p.fac1[28,3]    -1.444  0.984  0.930
p.fac1[29,1]    -1.196  0.138  0.672
p.fac1[29,2]     1.153 -0.188 -0.300
p.fac1[29,3]    -0.179  0.107 -0.590
p.fac1[3,1]      0.929 -0.266 -0.744
p.fac1[3,2]     -0.786 -0.024  0.523
p.fac1[3,3]     -0.596  0.639  0.530
p.fac1[30,1]     0.040 -1.212 -1.138
p.fac1[30,2]    -0.277  0.100 -0.467
p.fac1[30,3]     0.294  1.565  1.746
p.fac1[31,1]    -0.076 -2.005 -0.124
p.fac1[31,2]     0.157  1.834 -0.547
p.fac1[31,3]    -0.210 -0.237  1.691
p.fac1[32,1]     1.538 -0.692 -0.713
p.fac1[32,2]    -0.898 -1.236 -1.202
p.fac1[32,3]    -1.371  1.407  1.620
p.fac1[33,1]     0.112 -0.021 -1.890
p.fac1[33,2]     0.663 -1.843  0.662
p.fac1[33,3]    -1.023  1.672  1.376
p.fac1[34,1]     0.390  0.964  0.112
p.fac1[34,2]    -1.096 -1.006  1.263
p.fac1[34,3]     0.750  0.063 -1.855
p.fac1[35,1]    -0.131  0.143 -1.380
p.fac1[35,2]     0.374 -0.837  0.748
p.fac1[35,3]    -0.446  1.434  1.550
p.fac1[36,1]    -0.024 -1.742 -0.256
p.fac1[36,2]    -0.191  1.191 -0.199
p.fac1[36,3]     0.238  0.676  0.552
p.fac1[37,1]     0.170  0.155  1.847
p.fac1[37,2]     0.860  0.896 -1.304
p.fac1[37,3]    -1.357 -1.164 -0.879
p.fac1[38,1]    -0.424  0.661  0.589
p.fac1[38,2]    -0.937 -1.463 -1.238
p.fac1[38,3]     1.288  0.424  0.652
p.fac1[39,1]     0.185  0.786  0.260
p.fac1[39,2]     1.241 -0.721 -0.949
p.fac1[39,3]    -1.614 -0.389  0.915
p.fac1[4,1]      1.455 -0.487 -0.026
p.fac1[4,2]     -1.075 -0.164  0.475
p.fac1[4,3]     -0.913  0.836 -0.462
p.fac1[40,1]     0.513  1.377 -0.870
p.fac1[40,2]    -0.259 -0.184  0.802
p.fac1[40,3]    -0.427 -1.683  0.317
p.fac1[41,1]     0.152  0.058  1.987
p.fac1[41,2]    -0.014  0.371 -0.740
p.fac1[41,3]    -0.193 -0.377 -1.974
p.fac1[42,1]     0.251  0.807  2.020
p.fac1[42,2]     0.019 -0.789 -1.617
p.fac1[42,3]    -0.332 -0.467 -1.163
p.fac1[43,1]    -0.170 -1.766  0.171
p.fac1[43,2]     0.026 -0.573 -0.844
p.fac1[43,3]     0.240  2.391  0.834
p.fac1[44,1]     0.377 -0.156 -0.107
p.fac1[44,2]    -1.105  0.176  0.323
p.fac1[44,3]     0.680  0.004 -0.244
p.fac1[45,1]     0.695 -0.233  0.079
p.fac1[45,2]    -0.792 -0.442  0.119
p.fac1[45,3]     0.259  0.781 -0.269
p.fac1[46,1]    -0.509  1.106 -0.987
p.fac1[46,2]     0.965 -1.251  0.473
p.fac1[46,3]    -0.154  0.021  0.873
p.fac1[47,1]    -0.202  0.524 -0.798
p.fac1[47,2]     1.432  1.170 -0.686
p.fac1[47,3]    -1.018 -2.023  1.627
p.fac1[48,1]     0.691 -0.449  0.149
p.fac1[48,2]    -1.143  0.525  0.311
p.fac1[48,3]     0.340 -0.025 -0.594
p.fac1[49,1]     1.003  0.267 -0.764
p.fac1[49,2]    -0.709 -0.902  0.281
p.fac1[49,3]    -0.739  0.580  0.748
p.fac1[5,1]      0.053 -1.037  0.451
p.fac1[5,2]      0.860  1.059 -0.697
p.fac1[5,3]     -0.512  0.727 -0.138
p.fac1[50,1]     1.417 -1.117 -1.392
p.fac1[50,2]    -0.624  0.401 -0.800
p.fac1[50,3]    -0.395  0.330  1.467
p.fac1[51,1]    -1.302 -0.857  0.987
p.fac1[51,2]    -0.111  1.340 -0.698
p.fac1[51,3]     1.732 -0.923 -0.120
p.fac1[52,1]    -0.303  1.042  0.838
p.fac1[52,2]    -1.129 -0.181 -1.115
p.fac1[52,3]     1.447 -1.195  0.138
p.fac1[53,1]    -0.676 -0.499  0.125
p.fac1[53,2]    -0.027  0.696  0.575
p.fac1[53,3]     0.915 -0.479 -1.044
p.fac1[54,1]     1.004  0.039  1.072
p.fac1[54,2]    -1.269  0.191 -0.322
p.fac1[54,3]     0.898 -0.302 -0.387
p.fac1[55,1]    -1.575  0.043 -0.172
p.fac1[55,2]     1.564  0.517  0.185
p.fac1[55,3]    -0.886 -0.975 -0.122
p.fac1[56,1]     0.122  1.398 -0.851
p.fac1[56,2]     0.870 -1.721  0.735
p.fac1[56,3]    -1.834  0.471  0.152
p.fac1[57,1]    -0.003  2.320  0.156
p.fac1[57,2]    -0.426 -1.325 -1.375
p.fac1[57,3]     0.490 -1.718  1.421
p.fac1[58,1]     0.625 -2.607 -1.034
p.fac1[58,2]     0.201  2.996  1.971
p.fac1[58,3]    -1.496 -1.083 -1.534
p.fac1[59,1]     1.708  2.071  1.026
p.fac1[59,2]    -2.301 -1.427 -1.741
p.fac1[59,3]    -0.298 -1.322  0.350
p.fac1[6,1]     -0.609  1.848 -0.300
p.fac1[6,2]      0.699 -2.312 -0.716
p.fac1[6,3]      0.454 -1.159  0.687
p.fac1[60,1]    -1.745  0.575 -0.124
p.fac1[60,2]    -0.183 -0.880  1.337
p.fac1[60,3]     1.900  0.852 -1.993
p.fac1[61,1]    -0.095  1.199 -0.795
p.fac1[61,2]    -0.704 -1.548 -0.644
p.fac1[61,3]     1.045  0.419  1.711
p.fac1[62,1]    -0.258  0.971  0.532
p.fac1[62,2]    -0.101 -0.943 -1.129
p.fac1[62,3]     0.574  0.466  1.268
p.fac1[63,1]    -1.277 -1.719 -0.809
p.fac1[63,2]    -0.191  1.951  0.831
p.fac1[63,3]     1.210 -1.394 -0.526
p.fac1[64,1]    -0.722  1.051  0.082
p.fac1[64,2]    -0.616 -2.013 -0.350
p.fac1[64,3]     1.481  0.494  0.222
p.fac1[65,1]    -0.235 -0.874  0.120
p.fac1[65,2]     0.141 -0.503 -0.673
p.fac1[65,3]     0.065  1.784  0.767
p.fac1[66,1]     0.478 -0.087 -0.714
p.fac1[66,2]     0.938  0.110  0.049
p.fac1[66,3]    -1.763 -0.039  0.786
p.fac1[67,1]     0.024  0.043  0.164
p.fac1[67,2]    -0.283 -0.833 -0.666
p.fac1[67,3]     0.463  1.240  0.814
p.fac1[68,1]    -0.579  0.054 -0.957
p.fac1[68,2]     0.840 -0.092  1.147
p.fac1[68,3]    -0.740  0.093 -0.826
p.fac1[69,1]     1.394 -0.197  0.539
p.fac1[69,2]    -0.796  0.573 -0.863
p.fac1[69,3]    -0.488 -0.650  0.517
p.fac1[7,1]     -0.162  0.041 -1.136
p.fac1[7,2]     -0.240 -1.152  0.422
p.fac1[7,3]      0.294  0.402  1.107
p.fac1[70,1]    -0.465  0.285 -0.614
p.fac1[70,2]     0.808 -1.303  0.670
p.fac1[70,3]    -0.784  1.654 -0.278
p.fac1[71,1]     1.004  0.244 -1.044
p.fac1[71,2]    -1.499 -1.426  0.413
p.fac1[71,3]     0.834  1.532  0.612
p.fac1[72,1]    -0.352  0.299 -2.395
p.fac1[72,2]    -0.146 -0.489  1.630
p.fac1[72,3]     0.533  0.274 -0.091
p.fac1[73,1]     0.159  0.873  0.522
p.fac1[73,2]    -1.071 -1.917 -1.997
p.fac1[73,3]     1.252  1.836  1.539
p.fac1[74,1]     1.436  0.092  1.474
p.fac1[74,2]    -0.653 -0.606 -2.104
p.fac1[74,3]    -0.678  0.681  1.429
p.fac1[75,1]    -0.007 -1.315 -0.656
p.fac1[75,2]     0.821 -0.106  0.829
p.fac1[75,3]    -1.126  1.266 -0.491
p.fac1[76,1]    -1.308 -0.019 -1.312
p.fac1[76,2]     0.860  0.169  1.443
p.fac1[76,3]    -0.003 -0.225 -0.781
p.fac1[77,1]    -0.549  0.798 -0.336
p.fac1[77,2]     1.132 -0.823 -0.566
p.fac1[77,3]    -1.196  0.332  1.013
p.fac1[78,1]     1.139 -1.017  0.130
p.fac1[78,2]     0.113  0.417  0.347
p.fac1[78,3]    -1.421  0.335 -0.578
p.fac1[79,1]    -1.191 -0.722 -0.974
p.fac1[79,2]     1.242 -0.053  0.598
p.fac1[79,3]    -0.272  0.846  0.199
p.fac1[8,1]      0.190  0.572 -0.319
p.fac1[8,2]      0.264 -0.926 -2.367
p.fac1[8,3]     -0.341 -0.252  1.535
p.fac1[80,1]    -0.430  0.979 -0.012
p.fac1[80,2]    -0.567 -1.672 -2.192
p.fac1[80,3]     1.119  1.149  2.798
p.fac1[81,1]    -0.180  0.261 -1.622
p.fac1[81,2]     0.053 -0.999  1.341
p.fac1[81,3]     0.112  0.998  0.362
p.fac1[82,1]    -0.967  0.068  0.831
p.fac1[82,2]     0.982  0.720 -1.331
p.fac1[82,3]    -0.425 -1.138  0.908
p.fac1[83,1]     0.072  0.623  0.691
p.fac1[83,2]     0.188 -1.284 -0.496
p.fac1[83,3]    -0.347  1.074 -0.052
p.fac1[84,1]     1.176  1.980 -3.797
p.fac1[84,2]     2.171 -0.775  2.838
p.fac1[84,3]    -3.435 -0.766 -0.673
p.fac1[85,1]    -0.368 -1.382 -1.089
p.fac1[85,2]     0.790  0.957  0.029
p.fac1[85,3]    -0.768  0.032  1.038
p.fac1[86,1]    -0.575  1.711 -1.187
p.fac1[86,2]     1.404 -2.293  1.909
p.fac1[86,3]    -1.351  1.702 -1.608
p.fac1[87,1]     0.060  0.519 -0.176
p.fac1[87,2]    -0.326 -0.223  0.540
p.fac1[87,3]     0.342 -0.344 -0.375
p.fac1[88,1]     0.813  0.900 -0.962
p.fac1[88,2]    -0.782  0.792 -1.126
p.fac1[88,3]    -0.289 -2.019  2.026
p.fac1[89,1]     0.737  1.484  0.851
p.fac1[89,2]    -0.609 -0.936 -1.819
p.fac1[89,3]    -0.491 -1.080  0.527
p.fac1[9,1]      0.806  1.648 -1.713
p.fac1[9,2]     -1.692 -1.281  1.618
p.fac1[9,3]      0.331 -0.505  0.618
p.fac1[90,1]     2.474  0.686 -0.177
p.fac1[90,2]    -2.006 -0.693 -0.658
p.fac1[90,3]    -1.167 -0.231  0.831
p.fac1[91,1]    -1.769  0.690  0.909
p.fac1[91,2]     0.692 -0.812 -0.934
p.fac1[91,3]     1.443  0.040 -0.058
p.fac1[92,1]     0.744 -0.461  1.008
p.fac1[92,2]    -1.610 -0.378 -2.278
p.fac1[92,3]     0.587  0.847  0.736
p.fac1[93,1]    -2.023  2.964  0.112
p.fac1[93,2]     1.585 -2.852  0.435
p.fac1[93,3]    -0.084  0.778 -0.771
p.fac1[94,1]    -0.957 -0.847 -0.465
p.fac1[94,2]     0.967 -0.786 -0.743
p.fac1[94,3]    -0.380  1.693  1.107
p.fac1[95,1]     0.635  0.165 -0.443
p.fac1[95,2]     0.664 -0.313  0.148
p.fac1[95,3]    -1.579  0.158  0.361
p.fac1[96,1]    -1.078 -0.300 -1.068
p.fac1[96,2]     1.809  0.106  1.828
p.fac1[96,3]    -1.063  0.171 -1.245
p.fac1[97,1]     0.533  1.130 -1.298
p.fac1[97,2]    -0.155 -1.506  0.605
p.fac1[97,3]    -0.316  0.915  0.458
p.fac1[98,1]     1.585 -1.843 -1.295
p.fac1[98,2]    -1.286  0.976  0.646
p.fac1[98,3]     0.169  0.714  0.490
p.fac1[99,1]     0.667 -1.353  0.410
p.fac1[99,2]     0.604 -0.866 -1.083
p.fac1[99,3]    -1.169  2.308  0.537
p.global[1]     -0.106  1.018 -0.515
p.global[2]      0.581 -1.700 -0.259
p.global[3]     -0.701  1.203  1.028
