TOTAL ALKALINITY
Run Date:,05-18-2021,   ,End of Cal:,44	13:47
Operator:,LC,   ,CRM TA:,2131.51,   ,CRM TA:,2.178512,   ,Slope:,-1.722151e-002
Acid Batch:,,   ,CRM Salinity:,32.291,   ,Input TA:,,   ,[HCl](mM):,102.211
Volume:,18,   ,CRM Temp:,22.4
 
 
 
SampleID,Time,TA(mM),Init. pH,TA(uM),TA(uM) Corrected,Salinity,Temperature,Density,TA(umolkg-1),Volume HgCl2(uL),Volume Sample(mL),HgCl2 CF,TA(umolkg-1),TA_avg (umolkg-1),TA_std (umolkg-1),
esl06b_03,13:16:24,2.3889,8.001,2388.9,   NaN,32.291,22.4,1.0221,NaN,50,250,1.0002,NaN,flag,flag
esl06b_03,13:30:39,2.3816,8.002,2381.6,   NaN,32.291,22.4,1.0221,NaN,50,250,1.0002,NaN,,
esl06b_03,13:43:54,2.383,8.004,2383,   NaN,32.291,22.4,1.0221,NaN,50,250,1.0002,NaN,,
RSA_001a,14:18:18,2.3729,7.929,2372.9,   NaN,32.401,22.3,1.0222,NaN,100,250,1.0004,NaN,flag,flag
RSA_001a,14:32:13,2.3665,7.896,2366.5,   NaN,32.401,22.3,1.0222,NaN,100,250,1.0004,NaN,,
RSA_001a,14:45:03,2.3663,7.892,2366.3,   NaN,32.401,22.3,1.0222,NaN,100,250,1.0004,NaN,,
rsa_001b,15:31:33,2.3706,7.927,2370.6,   NaN,32.447,22.3,1.0222,NaN,100,250,1.0004,NaN,NaN,   NaN
rsa_001b,15:45:28,2.3696,7.915,2369.6,   NaN,32.447,22.3,1.0222,NaN,100,250,1.0004,NaN,,
rsa_002a,16:01:43,2.3749,7.921,2374.9,   NaN,32.536,22.3,1.0223,NaN,100,250,1.0004,NaN,flag,flag
rsa_002a,16:14:58,2.3726,7.907,2372.6,   NaN,32.536,22.3,1.0223,NaN,100,250,1.0004,NaN,,
rsa_002a,16:27:13,2.3736,7.922,2373.6,   NaN,32.536,22.3,1.0223,NaN,100,250,1.0004,NaN,,
rsa_002b,16:44:23,2.3793,7.918,2379.3,   NaN,32.046,22.3,1.0219,NaN,100,250,1.0004,NaN,flag,flag
rsa_002b,16:57:53,2.3742,7.918,2374.2,   NaN,32.046,22.3,1.0219,NaN,100,250,1.0004,NaN,,
rsa_002b,17:14:13,2.375,7.918,2375,   NaN,32.046,22.3,1.0219,NaN,100,250,1.0004,NaN,,
RSA_003a,17:28:58,2.407,7.91,2407,   NaN,33.003,22.3,1.0226,NaN,100,250,1.0004,NaN,NaN,   NaN
RSA_003a,17:43:08,2.4053,7.907,2405.3,   NaN,33.003,22.3,1.0226,NaN,100,250,1.0004,NaN,,
RSA_003b,18:01:08,2.4004,7.953,2400.4,   NaN,32.906,22.3,1.0225,NaN,100,250,1.0004,NaN,NaN,   NaN
RSA_003b,18:15:23,2.3999,7.952,2399.9,   NaN,32.906,22.3,1.0225,NaN,100,250,1.0004,NaN,,
RSA_004a,18:31:28,2.4065,7.934,2406.5,   NaN,33.029,22.3,1.0226,NaN,100,250,1.0004,NaN,flag,flag
RSA_004a,18:45:48,2.403,7.905,2403,   NaN,33.029,22.3,1.0226,NaN,100,250,1.0004,NaN,,
RSA_004a,18:59:23,2.4025,7.896,2402.5,   NaN,33.029,22.3,1.0226,NaN,100,250,1.0004,NaN,,
RSA_004b,19:13:18,2.4087,7.939,2408.7,   NaN,32.993,22.3,1.0226,NaN,100,250,1.0004,NaN,flag,flag
RSA_004b,19:25:43,2.4056,7.936,2405.6,   NaN,32.993,22.3,1.0226,NaN,100,250,1.0004,NaN,,
RSA_004b,19:37:53,2.406,7.939,2406,   NaN,32.993,22.3,1.0226,NaN,100,250,1.0004,NaN,,
RSA_005a,19:54:03,2.4065,7.927,2406.5,   NaN,32.990,22.3,1.0226,NaN,100,250,1.0004,NaN,NaN,   NaN
RSA_005a,20:05:33,2.4064,7.936,2406.4,   NaN,32.990,22.3,1.0226,NaN,100,250,1.0004,NaN,,
RSA_006A,20:22:48,2.3885,7.913,2388.5,   NaN,32.9,22.3,1.0225,NaN,100,250,1.0004,NaN,NaN,   NaN
RSA_006A,20:36:28,2.3887,7.938,2388.7,   NaN,32.9,22.3,1.0225,NaN,100,250,1.0004,NaN,,
RSA_005B,20:51:03,2.4071,7.953,2407.1,   NaN,32.955,22.3,1.0226,NaN,100,250,1.0004,NaN,flag,flag
RSA_005B,21:02:58,2.4043,7.963,2404.3,   NaN,32.955,22.3,1.0226,NaN,100,250,1.0004,NaN,,
RSA_005B,21:15:38,2.4046,7.95,2404.6,   NaN,32.955,22.3,1.0226,NaN,100,250,1.0004,NaN,,
ESL_06b_03,21:30:23,2.3023,7.996,2302.3,   NaN,32.291,22.3,1.0221,NaN,50,250,1.0002,NaN,NaN,   NaN
ESL_06b_03,21:45:18,2.3034,8.005,2303.4,   NaN,32.291,22.3,1.0221,NaN,50,250,1.0002,NaN,,
esl06b_03,22:03:33,2.3022,8.007,2302.2,   NaN,32.291,22.4,1.0221,NaN,50,250,1.0002,NaN,NaN,n/a
   ,,   ,,   ,,   ,,   ,,   ,,   ,,   ,,   ,,   ,,   ,,   ,,   ,,   ,,,
Calibration Date & Time	05-18-2021	13:55:14
T(C) = 	 22.3
	pH	EMF(mV)
	 4.01	 169.7
	 7	-4.9
	 10.01	-178.7
pH =	 6.926874	-1.722151e-002	 * EMF(mV)
	C(HCl)(mM)	 102.211
