TOTAL ALKALINITY
Run Date:,05-20-2021,   ,End of Cal:,09:45:03
Operator:,LC,   ,CRM TA:,2131.51,   ,CRM TA:,2.177969,   ,Slope:,-1.720668e-002
Acid Batch:,,   ,CRM Salinity:,32.291,   ,Input TA:,,   ,[HCl](mM):,97.36
Volume:,18,   ,CRM Temp:,23.3
 
 
 
SampleID,Time,TA(mM),Init. pH,TA(uM),TA(uM) Corrected,Salinity,Temperature,Density,TA(umolkg-1),Volume HgCl2(uL),Volume Sample(mL),HgCl2 CF,TA(umolkg-1),TA_avg (umolkg-1),TA_std (umolkg-1),
esl06b_21,09:17:43,2.1807,8.041,2180.7,   NaN,32.291,23.3,1.0218,NaN,50,250,1.0002,NaN,flag,flag
esl06b_21,09:31:18,2.1769,8.02,2176.9,   NaN,32.291,23.3,1.0218,NaN,50,250,1.0002,NaN,,
esl06b_21,09:45:03,2.1771,8.026,2177.1,   NaN,32.291,23.3,1.0218,NaN,50,250,1.0002,NaN,,
RSA_006B,10:07:58,2.2754,7.946,2275.4,   NaN,32.9,23.3,1.0223,NaN,100,250,1.0004,NaN,NaN,   NaN
RSA_006B,10:30:43,2.2734,7.939,2273.4,   NaN,32.9,23.3,1.0223,NaN,100,250,1.0004,NaN,,
RSA_007a,10:46:03,2.2876,7.922,2287.6,   NaN,32.940,23.3,1.0223,NaN,100,250,1.0004,NaN,NaN,   NaN
RSA_007a,10:58:08,2.2891,7.93,2289.1,   NaN,32.940,23.3,1.0223,NaN,100,250,1.0004,NaN,,
RSA_007b,11:14:03,2.2874,7.922,2287.4,   NaN,32.934,23.3,1.0223,NaN,100,250,1.0004,NaN,NaN,   NaN
RSA_007b,11:29:13,2.2881,7.925,2288.1,   NaN,32.934,23.3,1.0223,NaN,100,250,1.0004,NaN,,
RSA_009A,12:13:03,2.2989,7.953,2298.9,   NaN,32.849,23.3,1.0222,NaN,100,250,1.0004,NaN,flag,flag
RSA_009A,12:26:48,2.2921,7.922,2292.1,   NaN,32.849,23.3,1.0222,NaN,100,250,1.0004,NaN,,
RSA_009A,12:40:58,2.2925,7.926,2292.5,   NaN,32.849,23.3,1.0222,NaN,100,250,1.0004,NaN,,
RSA_008a,13:51:52,2.2837,7.935,2283.7,   NaN,32.829,23.3,1.0222,NaN,100,250,1.0004,NaN,flag,flag
RSA_008a,14:03:52,2.2779,7.925,2277.9,   NaN,32.829,23.3,1.0222,NaN,100,250,1.0004,NaN,,
RSA_008a,14:18:12,2.2802,7.929,2280.2,   NaN,32.829,23.3,1.0222,NaN,100,250,1.0004,NaN,,
RSA_008a,14:38:47,2.2897,7.92,2289.7,   NaN,32.829,23.3,1.0222,NaN,100,250,1.0004,NaN,,
RSA_008a,14:51:42,2.279,7.928,2279,   NaN,32.829,23.3,1.0222,NaN,100,250,1.0004,NaN,,
RSA_008a,15:03:47,2.2806,7.927,2280.6,   NaN,32.829,23.3,1.0222,NaN,100,250,1.0004,NaN,,
RSA_008b,15:17:17,2.2818,7.916,2281.8,   NaN,33.019,23.3,1.0223,NaN,100,250,1.0004,NaN,NaN,   NaN
RSA_008b,15:31:47,2.2828,7.944,2282.8,   NaN,33.019,23.3,1.0223,NaN,100,250,1.0004,NaN,,
RSA_009b,16:15:02,2.2864,7.917,2286.4,   NaN,32.919,23.3,1.0223,NaN,100,250,1.0004,NaN,NaN,   NaN
RSA_009b,16:26:32,2.287,7.913,2287,   NaN,32.919,23.3,1.0223,NaN,100,250,1.0004,NaN,,
RSA_010A,16:43:22,2.2848,7.929,2284.8,   NaN,32.890,23.3,1.0222,NaN,100,250,1.0004,NaN,NaN,   NaN
RSA_010A,16:55:57,2.2835,7.92,2283.5,   NaN,32.890,23.3,1.0222,NaN,100,250,1.0004,NaN,,
RSA_010B,17:21:52,2.2848,7.922,2284.8,   NaN,32.888,23.3,1.0222,NaN,100,250,1.0004,NaN,flag,flag
RSA_010B,17:34:02,2.2819,7.917,2281.9,   NaN,32.888,23.3,1.0222,NaN,100,250,1.0004,NaN,,
RSA_010B,17:46:57,2.2804,7.917,2280.4,   NaN,32.888,23.3,1.0222,NaN,100,250,1.0004,NaN,,
RSA_011a,18:02:07,2.2885,7.925,2288.5,   NaN,32.963,23.3,1.0223,NaN,100,250,1.0004,NaN,NaN,   NaN
RSA_011a,18:14:22,2.2878,7.919,2287.8,   NaN,32.963,23.3,1.0223,NaN,100,250,1.0004,NaN,,
RSA_011B,18:30:37,2.2885,7.921,2288.5,   NaN,32.962,23.3,1.0223,NaN,100,250,1.0004,NaN,flag,flag
RSA_011B,18:41:37,2.2854,7.919,2285.4,   NaN,32.962,23.3,1.0223,NaN,100,250,1.0004,NaN,,
RSA_011B,18:54:02,2.2845,7.926,2284.5,   NaN,32.962,23.3,1.0223,NaN,100,250,1.0004,NaN,,
esl06b_21,19:08:02,2.1966,8.014,2196.6,   NaN,32.291,23.3,1.0218,NaN,50,250,1.0002,NaN,NaN,   NaN
esl06b_21,19:20:47,2.1959,8.02,2195.9,   NaN,32.291,23.3,1.0218,NaN,50,250,1.0002,NaN,,
   ,,   ,,   ,,   ,,   ,,   ,,   ,,   ,,   ,,   ,,   ,,   ,,   ,,   ,,,
Calibration Date & Time	05-20-2021	10:00:40
T(C) = 	 23.3
	pH	EMF(mV)
	 4.01	 171.3
	 7	-3.5
	 10.01	-177.4
pH =	 6.951605	-1.720668e-002	 * EMF(mV)
	C(HCl)(mM)	 97.36
