TOTAL ALKALINITY
Run Date:,05-28-2021,   ,End of Cal:,09:32:34
Operator:,LC,   ,CRM TA:,2178.03,   ,CRM TA:,2.225566,   ,Slope:,-1.729096e-002
Acid Batch:,,   ,CRM Salinity:,32.291,   ,Input TA:,,   ,[HCl](mM):,92.1
Volume:,18,   ,CRM Temp:,23.2
 
 
 
SampleID,Time,TA(mM),Init. pH,TA(uM),TA(uM) Corrected,Salinity,Temperature,Density,TA(umolkg-1),Volume HgCl2(uL),Volume Sample(mL),HgCl2 CF,TA(umolkg-1),TA_avg (umolkg-1),TA_std (umolkg-1),
esl06b_15,08:37:19,2.1808,8.12,2180.8,   NaN,32.291,23.2,1.0218,NaN,50,250,1.0002,NaN,flag,flag
esl06b_15,08:51:49,2.1781,8.072,2178.1,   NaN,32.291,23.2,1.0218,NaN,50,250,1.0002,NaN,,
esl06b_15,09:04:24,2.1812,8.104,2181.2,   NaN,32.291,23.2,1.0218,NaN,50,250,1.0002,NaN,,
esl06b_15,09:17:24,2.1785,8.106,2178.5,   NaN,32.291,23.2,1.0218,NaN,50,250,1.0002,NaN,,
esl06b_15,09:32:34,2.1774,8.071,2177.4,   NaN,32.291,23.2,1.0218,NaN,50,250,1.0002,NaN,,
RSA_036a,09:48:44,2.2805,8.016,2280.5,   NaN,32.927,23.3,1.0223,NaN,100,250,1.0004,NaN,flag,flag
RSA_036a,10:01:44,2.2743,8.004,2274.3,   NaN,32.927,23.3,1.0223,NaN,100,250,1.0004,NaN,,
RSA_036a,10:14:24,2.2678,7.998,2267.8,   NaN,32.927,23.3,1.0223,NaN,100,250,1.0004,NaN,,
RSA_036a,10:25:24,2.2754,8		23.,2275.4,   NaN,32.927,23.3,1.0223,NaN,100,250,1.0004,NaN,,
RSA_036a,10:38:14,2.2764,7.998,2276.4,   NaN,32.927,23.3,1.0223,NaN,100,250,1.0004,NaN,,
RSA_036b,10:51:39,2.2736,8.025,2273.6,   NaN,32.135,23.3,1.0217,NaN,100,250,1.0004,NaN,flag,flag
RSA_036b,11:03:14,2.2765,8.008,2276.5,   NaN,32.135,23.3,1.0217,NaN,100,250,1.0004,NaN,,
RSA_036b,11:16:14,2.2759,8.009,2275.9,   NaN,32.135,23.3,1.0217,NaN,100,250,1.0004,NaN,,
RSA_037a,11:30:44,2.2694,7.984,2269.4,   NaN,32.832,23.3,1.0222,NaN,100,250,1.0004,NaN,NaN,   NaN
RSA_037a,11:42:09,2.269,7.988,2269,   NaN,32.832,23.3,1.0222,NaN,100,250,1.0004,NaN,,
RSA_037b,11:57:04,2.2702,7.983,2270.2,   NaN,32.394,23.3,1.0219,NaN,100,250,1.0004,NaN,NaN,   NaN
RSA_037b,12:08:09,2.2688,7.981,2268.8,   NaN,32.394,23.3,1.0219,NaN,100,250,1.0004,NaN,,
RSA_038a,12:25:59,2.2697,8.001,2269.7,   NaN,32.887,23.3,1.0222,NaN,100,250,1.0004,NaN,NaN,   NaN
RSA_038a,12:37:09,2.2679,7.999,2267.9,   NaN,32.887,23.3,1.0222,NaN,100,250,1.0004,NaN,,
RSA_038b,12:51:54,2.2737,8.017,2273.7,   NaN,33.004,23.3,1.0223,NaN,100,250,1.0004,NaN,flag,flag
RSA_038b,13:05:09,2.2697,8.008,2269.7,   NaN,33.004,23.3,1.0223,NaN,100,250,1.0004,NaN,,
RSA_038b,13:16:59,2.2694,8.007,2269.4,   NaN,33.004,23.3,1.0223,NaN,100,250,1.0004,NaN,,
RSA_039a,13:32:19,2.2659,7.972,2265.9,   NaN,32.740,23.3,1.0221,NaN,100,250,1.0004,NaN,flag,flag
RSA_039a,13:45:19,2.2623,7.979,2262.3,   NaN,32.740,23.3,1.0221,NaN,100,250,1.0004,NaN,,
RSA_039a,13:56:39,2.2653,7.982,2265.3,   NaN,32.740,23.3,1.0221,NaN,100,250,1.0004,NaN,,
RSA_039a,14:10:59,2.2646,7.981,2264.6,   NaN,32.740,23.3,1.0221,NaN,100,250,1.0004,NaN,,
RSA_039b,14:26:43,2.2579,7.937,2257.9,   NaN,32.800,23.3,1.0222,NaN,100,250,1.0004,NaN,NaN,   NaN
RSA_039b,14:39:18,2.2576,7.936,2257.6,   NaN,32.800,23.3,1.0222,NaN,100,250,1.0004,NaN,,
RSA_040a,14:52:08,2.2683,7.918,2268.3,   NaN,32.843,23.3,1.0222,NaN,100,250,1.0004,NaN,NaN,   NaN
RSA_040a,15:03:53,2.2699,7.934,2269.9,   NaN,32.843,23.3,1.0222,NaN,100,250,1.0004,NaN,,
RSA_040b,15:17:28,2.2687,7.957,2268.7,   NaN,32.427,23.3,1.0219,NaN,100,250,1.0004,NaN,flag,flag
RSA_040b,15:30:48,2.2663,7.948,2266.3,   NaN,32.427,23.3,1.0219,NaN,100,250,1.0004,NaN,,
RSA_040b,15:43:38,2.2702,7.973,2270.2,   NaN,32.427,23.3,1.0219,NaN,100,250,1.0004,NaN,,
RSA_040b,15:58:18,2.267,7.949,2267,   NaN,32.427,23.3,1.0219,NaN,100,250,1.0004,NaN,,
RSA_040b,16:09:43,2.2645,7.944,2264.5,   NaN,32.427,23.3,1.0219,NaN,100,250,1.0004,NaN,,
RSA_040b,16:22:08,2.2659,7.948,2265.9,   NaN,32.427,23.3,1.0219,NaN,100,250,1.0004,NaN,,
RSA_041a,16:35:28,2.2657,7.929,2265.7,   NaN,32.816,23.3,1.0222,NaN,100,250,1.0004,NaN,NaN,   NaN
RSA_041a,16:47:43,2.2656,7.935,2265.6,   NaN,32.816,23.3,1.0222,NaN,100,250,1.0004,NaN,,
RSA_041b,17:01:13,2.265,7.945,2265,   NaN,32.252,23.3,1.0218,NaN,100,250,1.0004,NaN,NaN,   NaN
RSA_041b,17:15:28,2.2653,7.973,2265.3,   NaN,32.252,23.3,1.0218,NaN,100,250,1.0004,NaN,,
RSA_042a,17:30:48,2.2793,7.941,2279.3,   NaN,32.967,23.3,1.0223,NaN,100,250,1.0004,NaN,NaN,   NaN
RSA_042a,17:43:23,2.2783,7.921,2278.3,   NaN,32.967,23.3,1.0223,NaN,100,250,1.0004,NaN,,
esl06b_15,17:59:13,2.1842,8.105,2184.2,   NaN,32.291,23.2,1.0218,NaN,50,250,1.0002,NaN,flag,flag
esl06b_15,18:13:18,2.1803,enter manually,2180.3,   NaN,32.291,23.2,1.0218,NaN,50,250,1.0002,NaN,,
esl06b_15,18:24:53,2.1797,8.076,2179.7,   NaN,32.291,23.2,1.0218,NaN,50,250,1.0002,NaN,,
   ,,   ,,   ,,   ,,   ,,   ,,   ,,   ,,   ,,   ,,   ,,   ,,   ,,   ,,,
Calibration Date & Time	05-28-2021	09:42:37
T(C) = 	 23.3
	pH	EMF(mV)
	 4.01	 169.8
	 7	-4.2
	 10.01	-177.2
pH =	 6.939808	-1.729096e-002	 * EMF(mV)
	C(HCl)(mM)	 92.1
