TOTAL ALKALINITY
Run Date:,05-24-2021,   ,End of Cal:,08:22:43
Operator:,LC,   ,CRM TA:,2131.51,   ,CRM TA:,2.177908,   ,Slope:,1.721665e-002
Acid Batch:,,   ,CRM Salinity:,32.291,   ,Input TA:,,   ,[HCl](mM):,96.693
Volume:,18,   ,CRM Temp:,23.4
 
 
 
SampleID,Time,TA(mM),Init. pH,TA(uM),TA(uM) Corrected,Salinity,Temperature,Density,TA(umolkg-1),Volume HgCl2(uL),Volume Sample(mL),HgCl2 CF,TA(umolkg-1),TA_avg (umolkg-1),TA_std (umolkg-1),
ESL06b_13,09:03:53,2.1831,8.05,2183.1,   NaN,32.291,23.4,1.0218,NaN,50,250,1.0002,NaN,flag,flag
ESL06b_13,09:18:33,2.1792,8.049,2179.2,   NaN,32.291,23.4,1.0218,NaN,50,250,1.0002,NaN,,
ESL06b_13,09:31:32,2.179,8.035,2179,   NaN,32.291,23.4,1.0218,NaN,50,250,1.0002,NaN,,
RSA_025a,09:48:42,2.2824,7.904,2282.4,   NaN,33.101,23.4,1.0224,NaN,100,250,1.0004,NaN,NaN,   NaN
RSA_025a,10:05:37,2.2829,7.904,2282.9,   NaN,33.101,23.4,1.0224,NaN,100,250,1.0004,NaN,,
RSA_022b,10:19:42,2.2756,7.944,2275.6,   NaN,32.9,23.4,1.0222,NaN,100,250,1.0004,NaN,NaN,   NaN
RSA_022b,10:33:17,2.2754,7.938,2275.4,   NaN,32.9,23.4,1.0222,NaN,100,250,1.0004,NaN,,
RSA_023a,10:47:57,2.2833,7.941,2283.3,   NaN,33.039,23.4,1.0223,NaN,100,250,1.0004,NaN,flag,flag
RSA_023a,11:00:22,2.2771,7.926,2277.1,   NaN,33.039,23.4,1.0223,NaN,100,250,1.0004,NaN,,
RSA_023a,11:14:32,2.2798,7.935,2279.8,   NaN,33.039,23.4,1.0223,NaN,100,250,1.0004,NaN,,
RSA_023a,11:25:57,2.2809,7.929,2280.9,   NaN,33.039,23.4,1.0223,NaN,100,250,1.0004,NaN,,
RSA_023b,11:40:17,2.2798,7.932,2279.8,   NaN,33.028,23.4,1.0223,NaN,100,250,1.0004,NaN,flag,flag
RSA_023b,11:55:02,2.2828,7.951,2282.8,   NaN,33.028,23.4,1.0223,NaN,100,250,1.0004,NaN,,
RSA_023b,12:07:07,2.2797,7.932,2279.7,   NaN,33.028,23.4,1.0223,NaN,100,250,1.0004,NaN,,
RSA_023b,12:19:57,2.2807,7.938,2280.7,   NaN,33.028,23.4,1.0223,NaN,100,250,1.0004,NaN,,
RSA_024a,12:34:32,2.2765,7.952,2276.5,   NaN,32.92,23.4,1.0222,NaN,100,250,1.0004,NaN,flag,flag
RSA_024a,12:46:32,2.2732,7.946,2273.2,   NaN,32.92,23.4,1.0222,NaN,100,250,1.0004,NaN,,
RSA_024a,13:01:17,2.2753,7.957,2275.3,   NaN,32.92,23.4,1.0222,NaN,100,250,1.0004,NaN,,
RSA_024a,13:13:42,2.275,7.958,2275,   NaN,32.92,23.4,1.0222,NaN,100,250,1.0004,NaN,,
RSA_024b,13:28:17,2.276,7.952,2276,   NaN,32.864,23.4,1.0222,NaN,100,250,1.0004,NaN,NaN,   NaN
RSA_024b,13:40:27,2.2746,7.952,2274.6,   NaN,32.864,23.4,1.0222,NaN,100,250,1.0004,NaN,,
RSA_025b,13:58:12,2.2735,8.018,2273.5,   NaN,32.547,23.4,1.022,NaN,100,250,1.0004,NaN,NaN,   NaN
RSA_025b,14:09:52,2.273,8.027,2273,   NaN,32.547,23.4,1.022,NaN,100,250,1.0004,NaN,,
RSA_026a,14:27:07,2.2874,7.957,2287.4,   NaN,33.019,23.4,1.0223,NaN,100,250,1.0004,NaN,flag,flag
RSA_026a,14:38:42,2.2819,7.941,2281.9,   NaN,33.019,23.4,1.0223,NaN,100,250,1.0004,NaN,,
RSA_026a,14:50:57,2.281,7.94,2281,   NaN,33.019,23.4,1.0223,NaN,100,250,1.0004,NaN,,
RSA_026b,15:05:32,2.2805,7.941,2280.5,   NaN,32.401,23.4,1.0219,NaN,100,250,1.0004,NaN,NaN,   NaN
RSA_026b,15:16:42,2.2802,7.938,2280.2,   NaN,32.401,23.4,1.0219,NaN,100,250,1.0004,NaN,,
RSA_027a,15:32:17,2.2889,7.907,2288.9,   NaN,33.084,23.4,1.0224,NaN,100,250,1.0004,NaN,flag,flag
RSA_027a,15:43:22,2.3102,7.914,2310.2,   NaN,33.084,23.4,1.0224,NaN,100,250,1.0004,NaN,,
RSA_027a,15:57:17,2.2845,7.922,2284.5,   NaN,33.084,23.4,1.0224,NaN,100,250,1.0004,NaN,,
RSA_027a,16:08:57,2.2827,7.915,2282.7,   NaN,33.084,23.4,1.0224,NaN,100,250,1.0004,NaN,,
RSA_027b,16:34:37,2.2815,7.959,2281.5,   NaN,32.844,23.4,1.0222,NaN,100,250,1.0004,NaN,flag,flag
RSA_027b,16:47:27,2.2746,7.938,2274.6,   NaN,32.844,23.4,1.0222,NaN,100,250,1.0004,NaN,,
RSA_027b,16:58:02,2.2784,7.953,2278.4,   NaN,32.844,23.4,1.0222,NaN,100,250,1.0004,NaN,,
RSA_027b,17:10:57,2.2758,enter manually,2275.8,   NaN,32.844,23.4,1.0222,NaN,100,250,1.0004,NaN,,
RSA_027b,17:21:07,2.2793,7.955,2279.3,   NaN,32.844,23.4,1.0222,NaN,100,250,1.0004,NaN,,
RSA_027b,17:33:22,2.2797,7.963,2279.7,   NaN,32.844,23.4,1.0222,NaN,100,250,1.0004,NaN,,
RSA_028a,17:47:37,2.2709,7.93,2270.9,   NaN,32.876,23.4,1.0222,NaN,100,250,1.0004,NaN,NaN,   NaN
RSA_028a,18:02:22,2.2716,7.944,2271.6,   NaN,32.876,23.4,1.0222,NaN,100,250,1.0004,NaN,,
RSA_029a,18:29:47,2.2772,7.921,2277.2,   NaN,32.955,23.4,1.0223,NaN,100,250,1.0004,NaN,flag,flag
RSA_029a,18:41:57,2.2743,7.92,2274.3,   NaN,32.955,23.4,1.0223,NaN,100,250,1.0004,NaN,,
RSA_029a,18:53:01,2.276,7.927,2276,   NaN,32.955,23.4,1.0223,NaN,100,250,1.0004,NaN,,
esl06b_13,19:08:41,2.1821,8.048,2182.1,   NaN,32.291,23.4,1.0218,NaN,50,250,1.0002,NaN,NaN,   NaN
esl06b_13,19:32:36,2.1788,8.039,2178.8,   NaN,32.291,23.4,1.0218,NaN,50,250,1.0002,NaN,,
   ,,   ,,   ,,   ,,   ,,   ,,   ,,   ,,   ,,   ,,   ,,   ,,   ,,   ,,,
Calibration Date & Time	05-24-2021	08:32:33
T(C) = 	 23.4
	pH	EMF(mV)
	 4.01	 170.4
	 7	-3.8
	 10.01	-178.1
pH =	 6.94067	-1.721665e-002	 * EMF(mV)
	C(HCl)(mM)	 96.693
