TOTAL ALKALINITY
Run Date:,06-14-2021,   ,End of Cal:,10:42:05
Operator:,KM,   ,CRM TA:,2109.65,   ,CRM TA:,2.154686,   ,Slope:,-1.703574e-002
Acid Batch:,210524,   ,CRM Salinity:,31.698,   ,Input TA:,,   ,[HCl](mM):,92.947
Volume:,18,   ,CRM Temp:,23.3
 
 
 
SampleID,Time,TA(mM),Init. pH,TA(uM),TA(uM) Corrected,Salinity,Temperature,Density,TA(umolkg-1),Volume HgCl2(uL),Volume Sample(mL),HgCl2 CF,TA(umolkg-1),TA_avg (umolkg-1),TA_std (umolkg-1),
ESL07a_21,10:30:00,2.1462,8.022,2146.2,   NaN,31.698,23.3,1.0213,NaN,50,250,1.0002,NaN,NaN,   NaN
ESL07a_21,10:42:05,2.1454,8.027,2145.4,   NaN,31.698,23.3,1.0213,NaN,50,250,1.0002,NaN,,
RSA_057B,11:12:40,2.2492,7.906,2249.2,   NaN,32.431,23.3,1.0219,NaN,250,250,1.001,NaN,NaN,   NaN
RSA_057B,11:24:55,2.2492,7.915,2249.2,   NaN,32.431,23.3,1.0219,NaN,250,250,1.001,NaN,,
RSA_058A,11:38:30,2.2946,7.843,2294.6,   NaN,33.315,23.3,1.0226,NaN,100,250,1.0004,NaN,NaN,   NaN
RSA_058A,11:50:40,2.294,7.862,2294,   NaN,33.315,23.3,1.0226,NaN,100,250,1.0004,NaN,,
RSA_058B,12:06:24,2.2664,7.955,2266.4,   NaN,33.361,23.3,1.0226,NaN,100,250,1.0004,NaN,NaN,   NaN
RSA_058B,12:17:29,2.2649,enter manually,2264.9,   NaN,33.361,23.3,1.0226,NaN,100,250,1.0004,NaN,,
RSA_059A,12:30:49,2.3478,7.915,2347.8,   NaN,34.397,23.3,1.0234,NaN,100,250,1.0004,NaN,NaN,   NaN
RSA_059A,12:44:14,2.3459,7.908,2345.9,   NaN,34.397,23.3,1.0234,NaN,100,250,1.0004,NaN,,
RSA_059B,13:00:59,2.2618,7.962,2261.8,   NaN,32.521,23.3,1.022,NaN,100,250,1.0004,NaN,NaN,   NaN
RSA_059B,13:12:29,2.2617,7.968,2261.7,   NaN,32.521,23.3,1.022,NaN,100,250,1.0004,NaN,,
RSA_060A,13:26:24,2.2969,7.871,2296.9,   NaN,33.324,23.3,1.0226,NaN,100,250,1.0004,NaN,flag,flag
RSA_060A,13:39:44,2.2945,7.864,2294.5,   NaN,33.324,23.3,1.0226,NaN,100,250,1.0004,NaN,,
RSA_060A,13:51:54,2.2954,7.854,2295.4,   NaN,33.324,23.3,1.0226,NaN,100,250,1.0004,NaN,,
RSA_060B,14:05:09,2.2538,7.89,2253.8,   NaN,32.509,23.3,1.022,NaN,100,250,1.0004,NaN,NaN,   NaN
RSA_060B,14:16:59,2.2538,7.895,2253.8,   NaN,32.509,23.3,1.022,NaN,100,250,1.0004,NaN,,
RSA_061A,14:30:59,2.2729,7.94,2272.9,   NaN,32.728,23.3,1.0221,NaN,100,250,1.0004,NaN,flag,flag
RSA_061A,14:43:34,2.2679,7.933,2267.9,   NaN,32.728,23.3,1.0221,NaN,100,250,1.0004,NaN,,
RSA_061A,14:56:19,2.271,7.936,2271,   NaN,32.728,23.3,1.0221,NaN,100,250,1.0004,NaN,,
RSA_061A,15:09:49,2.2707,7.929,2270.7,   NaN,32.728,23.3,1.0221,NaN,100,250,1.0004,NaN,,
RSA_061B,15:25:04,2.2636,7.91,2263.6,   NaN,32.548,23.3,1.022,NaN,100,250,1.0004,NaN,NaN,   NaN
RSA_061B,15:38:19,2.2636,7.92,2263.6,   NaN,32.548,23.3,1.022,NaN,100,250,1.0004,NaN,,
RSA_062A,15:53:24,2.2649,7.897,2264.9,   NaN,32.576,23.3,1.022,NaN,100,250,1.0004,NaN,NaN,   NaN
RSA_062A,16:04:29,2.2649,7.911,2264.9,   NaN,32.576,23.3,1.022,NaN,100,250,1.0004,NaN,,
RSA_062B,16:18:44,2.256,7.933,2256,   NaN,32.402,23.3,1.0219,NaN,100,250,1.0004,NaN,NaN,   NaN
RSA_062B,16:31:29,2.2571,7.937,2257.1,   NaN,32.402,23.3,1.0219,NaN,100,250,1.0004,NaN,,
ESL07a_21,16:47:44,2.1617,8.032,2161.7,   NaN,31.698,23.3,1.0213,NaN,50,250,1.0002,NaN,NaN,   NaN
ESL07a_21,17:00:44,2.1627,8.001,2162.7,   NaN,31.698,23.3,1.0213,NaN,50,250,1.0002,NaN,,
   ,,   ,,   ,,   ,,   ,,   ,,   ,,   ,,   ,,   ,,   ,,   ,,   ,,   ,,,
Calibration Date & Time	06-14-2021	10:53:49
T(C) = 	 23.3
	pH	EMF(mV)
	 4.01	 170.3
	 7	-5
	 10.01	-181.9
pH =	 6.912403	-1.703574e-002	 * EMF(mV)
	C(HCl)(mM)	 92.947
