TOTAL ALKALINITY
Run Date:,10-25-2021,   ,End of Cal:,11:28:58
Operator:,DT,   ,CRM TA:,2114.9,   ,CRM TA:,2.160371,   ,Slope:,-1.720661e-002
Acid Batch:,210524,   ,CRM Salinity:,31.862,   ,Input TA:,,   ,[HCl](mM):,92.657
Volume:,18,   ,CRM Temp:,23.2
 
 
 
SampleID,Time,TA(mM),Init. pH,TA(uM),TA(uM) Corrected,Salinity,Temperature,Density,TA(umolkg-1),Volume HgCl2(uL),Volume Sample(mL),HgCl2 CF,TA(umolkg-1),TA_avg (umolkg-1),TA_std (umolkg-1),
ESL08b_19,11:17:13,2.1525,8.111,2152.5,   NaN,31.862,23.2,1.0215,NaN,50,250,1.0002,NaN,NaN,   NaN
ESL08b_19,11:28:58,2.1514,8.11,2151.4,   NaN,31.862,23.2,1.0215,NaN,50,250,1.0002,NaN,,
RSA_091A,11:47:13,2.278,7.966,2278,   NaN,32.818,23.2,1.0222,NaN,100,250,1.0004,NaN,NaN,   NaN
RSA_091A,12:01:33,2.2769,7.973,2276.9,   NaN,32.818,23.2,1.0222,NaN,100,250,1.0004,NaN,,
RSA_091B,12:21:08,2.2754,7.976,2275.4,   NaN,32.785,23.2,1.0222,NaN,100,250,1.0004,NaN,NaN,   NaN
RSA_091B,12:33:33,2.2744,7.976,2274.4,   NaN,32.785,23.2,1.0222,NaN,100,250,1.0004,NaN,,
RSA_092A,12:49:53,2.2752,7.948,2275.2,   NaN,32.807,23.2,1.0222,NaN,100,250,1.0004,NaN,NaN,   NaN
RSA_092A,13:03:23,2.2752,7.947,2275.2,   NaN,32.807,23.2,1.0222,NaN,100,250,1.0004,NaN,,
RSA_092B,13:20:43,2.2672,7.983,2267.2,   NaN,32.764,23.2,1.0222,NaN,100,250,1.0004,NaN,NaN,   NaN
RSA_092B,13:31:38,2.2679,7.986,2267.9,   NaN,32.764,23.2,1.0222,NaN,100,250,1.0004,NaN,,
RSA_093A,13:46:03,2.2974,7.934,2297.4,   NaN,33.241,23.2,1.0225,NaN,100,250,1.0004,NaN,NaN,   NaN
RSA_093A,13:59:53,2.2953,7.911,2295.3,   NaN,33.241,23.2,1.0225,NaN,100,250,1.0004,NaN,,
RSA_093B,14:18:08,2.2872,8.001,2287.2,   NaN,32.896,23.2,1.0223,NaN,100,250,1.0004,NaN,flag,flag
RSA_093B,14:31:43,2.2821,7.975,2282.1,   NaN,32.896,23.2,1.0223,NaN,100,250,1.0004,NaN,,
RSA_093B,14:44:03,2.282,7.981,2282,   NaN,32.896,23.2,1.0223,NaN,100,250,1.0004,NaN,,
RSA_094A,14:59:08,2.3002,8.001,2300.2,   NaN,33.044,23.2,1.0224,NaN,100,250,1.0004,NaN,flag,flag
RSA_094A,15:13:43,2.2929,7.926,2292.9,   NaN,33.044,23.2,1.0224,NaN,100,250,1.0004,NaN,,
RSA_094A,15:27:23,2.2834,7.917,2283.4,   NaN,33.044,23.2,1.0224,NaN,100,250,1.0004,NaN,,
RSA_094A,15:38:38,2.2929,7.931,2292.9,   NaN,33.044,23.2,1.0224,NaN,100,250,1.0004,NaN,,
RSA_094A,15:51:28,2.2893,7.935,2289.3,   NaN,33.044,23.2,1.0224,NaN,100,250,1.0004,NaN,,
RSA_094B,16:06:13,2.2834,8.006,2283.4,   NaN,32.831,23.2,1.0222,NaN,100,250,1.0004,NaN,flag,flag
RSA_094B,16:20:43,2.2731,7.981,2273.1,   NaN,32.831,23.2,1.0222,NaN,100,250,1.0004,NaN,,
RSA_094B,16:33:03,2.2737,7.996,2273.7,   NaN,32.831,23.2,1.0222,NaN,100,250,1.0004,NaN,,
RSA_095A,16:49:33,2.2861,7.954,2286.1,   NaN,32.900,23.2,1.0223,NaN,100,250,1.0004,NaN,flag,flag
RSA_095A,17:02:58,2.2818,7.939,2281.8,   NaN,32.900,23.2,1.0223,NaN,100,250,1.0004,NaN,,
RSA_095A,17:15:38,2.2845,7.944,2284.5,   NaN,32.900,23.2,1.0223,NaN,100,250,1.0004,NaN,,
RSA_095A,17:28:38,2.2837,7.954,2283.7,   NaN,32.900,23.2,1.0223,NaN,100,250,1.0004,NaN,,
RSA_095B,17:42:48,2.2734,7.978,2273.4,   NaN,32.845,23.2,1.0222,NaN,100,250,1.0004,NaN,flag,flag
RSA_095B,17:54:53,2.28,8.009,2280,   NaN,32.845,23.2,1.0222,NaN,100,250,1.0004,NaN,,
RSA_095B,18:08:28,2.2808,7.998,2280.8,   NaN,32.845,23.2,1.0222,NaN,100,250,1.0004,NaN,,
RSA_096A,18:22:43,2.285,7.968,2285,   NaN,32.879,23.2,1.0223,NaN,100,250,1.0004,NaN,NaN,   NaN
RSA_096A,18:37:22,2.2847,7.99,2284.7,   NaN,32.879,23.2,1.0223,NaN,100,250,1.0004,NaN,,
RSA_096B,18:53:07,2.2683,8.026,2268.3,   NaN,32.779,23.2,1.0222,NaN,100,250,1.0004,NaN,flag,flag
RSA_096B,19:04:22,2.2713,8.012,2271.3,   NaN,32.779,23.2,1.0222,NaN,100,250,1.0004,NaN,,
RSA_096B,19:15:47,2.2715,8.021,2271.5,   NaN,32.779,23.2,1.0222,NaN,100,250,1.0004,NaN,,
ESL08b_19,19:29:37,2.1617,8.107,2161.7,   NaN,31.862,23.2,1.0215,NaN,50,250,1.0002,NaN,NaN,   NaN
ESL08b_19,19:41:32,2.1609,8.112,2160.9,   NaN,31.862,23.2,1.0215,NaN,50,250,1.0002,NaN,,
   ,,   ,,   ,,   ,,   ,,   ,,   ,,   ,,   ,,   ,,   ,,   ,,   ,,   ,,,
Calibration Date & Time	10-25-2021	11:38:37
T(C) = 	 23.2
	pH	EMF(mV)
	 4.01	 169.1
	 7	-5.9
	 10.01	-179.6
pH =	 6.912604	-1.720661e-002	 * EMF(mV)
	C(HCl)(mM)	 92.657
