TOTAL ALKALINITY
Run Date:,11-02-2021,   ,End of Cal:,12:47:02
Operator:,DT,   ,CRM TA:,2114.9,   ,CRM TA:,2.160431,   ,Slope:,-1.7182e-002
Acid Batch:,210524,   ,CRM Salinity:,31.862,   ,Input TA:,,   ,[HCl](mM):,92.50401
Volume:,18,   ,CRM Temp:,23.1
 
 
 
SampleID,Time,TA(mM),Init. pH,TA(uM),TA(uM) Corrected,Salinity,Temperature,Density,TA(umolkg-1),Volume HgCl2(uL),Volume Sample(mL),HgCl2 CF,TA(umolkg-1),TA_avg (umolkg-1),TA_std (umolkg-1),
ESL08b_31,12:02:42,2.1535,8.123,2153.5,   NaN,31.862,23.1,1.0215,NaN,50,250,1.0002,NaN,flag,flag
ESL08b_31,12:32:32,2.1581,8.164,2158.1,   NaN,31.862,23.1,1.0215,NaN,50,250,1.0002,NaN,,
ESL08b_31,12:47:02,2.158,8.18,2158,   NaN,31.862,23.1,1.0215,NaN,50,250,1.0002,NaN,,
RSA_101B,13:05:57,2.2709,7.957,2270.9,   NaN,32.854,23.1,1.0223,NaN,250,250,1.001,NaN,NaN,   NaN
RSA_101B,13:20:37,2.2725,7.969,2272.5,   NaN,32.854,23.1,1.0223,NaN,250,250,1.001,NaN,,
RSA_102A,13:38:21,2.2746,7.972,2274.6,   NaN,32.925,23.1,1.0223,NaN,250,250,1.001,NaN,NaN,   NaN
RSA_102A,13:50:56,2.2737,7.962,2273.7,   NaN,32.925,23.1,1.0223,NaN,250,250,1.001,NaN,,
RSA_235,14:11:21,2.2693,7.933,2269.3,   NaN,32.860,23.1,1.0223,NaN,250,250,1.001,NaN,flag,flag
RSA_235,14:25:16,2.2603,7.93,2260.3,   NaN,32.860,23.1,1.0223,NaN,250,250,1.001,NaN,,
RSA_235,14:36:41,2.2704,7.954,2270.4,   NaN,32.860,23.1,1.0223,NaN,250,250,1.001,NaN,,
RSA_235,14:52:46,2.269,7.937,2269,   NaN,32.860,23.1,1.0223,NaN,250,250,1.001,NaN,,
RSA_103A,15:07:56,2.2712,7.959,2271.2,   NaN,32.942,23.1,1.0223,NaN,100,250,1.0004,NaN,flag,flag
RSA_103A,15:19:11,2.279,7.99,2279,   NaN,32.942,23.1,1.0223,NaN,100,250,1.0004,NaN,,
RSA_103A,15:31:31,2.2791,7.996,2279.1,   NaN,32.942,23.1,1.0223,NaN,100,250,1.0004,NaN,,
RSA_103B,15:58:36,2.2713,enter manually,2271.3,   NaN,32.855,23.1,1.0223,NaN,100,250,1.0004,NaN,flag,flag
RSA_103B,16:13:36,2.2739,8.026,2273.9,   NaN,32.855,23.1,1.0223,NaN,100,250,1.0004,NaN,,
RSA_103B,16:32:36,2.2683,7.986,2268.3,   NaN,32.855,23.1,1.0223,NaN,100,250,1.0004,NaN,,
RSA_103B,16:44:56,2.2724,8.014,2272.4,   NaN,32.855,23.1,1.0223,NaN,100,250,1.0004,NaN,,
RSA_103B,16:57:11,2.276,8.039,2276,   NaN,32.855,23.1,1.0223,NaN,100,250,1.0004,NaN,,
RSA_104A,17:13:06,2.2891,7.978,2289.1,   NaN,33.145,23.1,1.0225,NaN,100,250,1.0004,NaN,flag,flag
RSA_104A,17:26:56,2.2941,7.938,2294.1,   NaN,33.145,23.1,1.0225,NaN,100,250,1.0004,NaN,,
RSA_104A,17:40:26,2.291,7.953,2291,   NaN,33.145,23.1,1.0225,NaN,100,250,1.0004,NaN,,
RSA_104A,17:54:36,2.2934,7.941,2293.4,   NaN,33.145,23.1,1.0225,NaN,100,250,1.0004,NaN,,
RSA_104A,18:07:16,2.2911,7.929,2291.1,   NaN,33.145,23.1,1.0225,NaN,100,250,1.0004,NaN,,
ESL08b_31,18:22:56,2.1554,8.094,2155.4,   NaN,31.862,23.1,1.0215,NaN,50,250,1.0002,NaN,flag,flag
ESL08b_31,18:37:21,2.1584,8.128,2158.4,   NaN,31.862,23.1,1.0215,NaN,50,250,1.0002,NaN,,
ESL08b_31,18:48:11,2.159,8.12,2159,   NaN,31.862,23.1,1.0215,NaN,50,250,1.0002,NaN,,
   ,,   ,,   ,,   ,,   ,,   ,,   ,,   ,,   ,,   ,,   ,,   ,,   ,,   ,,,
Calibration Date & Time	11-02-2021	13:04:32
T(C) = 	 23.1
	pH	EMF(mV)
	 4.01	 170.1
	 7	-5.1
	 10.01	-179.1
pH =	 6.925911	-1.7182e-002	 * EMF(mV)
	C(HCl)(mM)	 92.50401
