
################################################################################
# Gelman-Rubin Diagnostic
################################################################################

Generally the Gelman diagnostic should be < 1.05


Out of 670 variables: 9 > 1.01

                      
1 > 1.05

                      
0 > 1.1


The worst variables are:

             Point est. Upper C.I.
p.fac1[31,3]   1.050183   1.058078
p.fac1[32,1]   1.031691   1.039873
p.fac1[9,1]    1.030506   1.035150
p.fac1[31,1]   1.030077   1.043522
p.fac1[32,2]   1.021737   1.028266
p.fac1[31,2]   1.018374   1.028984
p.fac1[9,2]    1.018009   1.019390
p.fac1[32,3]   1.013292   1.015937
p.fac1[36,3]   1.010165   1.014225
p.fac1[90,3]   1.009660   1.010840


And here are the Gelman diagnostics for all variables:

                Point est. Upper C.I.
deviance         1.0006723  1.0026669
ilr.fac1[1,1]          NaN        NaN
ilr.fac1[2,1]    1.0007363  1.0025268
ilr.fac1[3,1]    1.0011417  1.0043579
ilr.fac1[4,1]    1.0007902  1.0036325
ilr.fac1[5,1]    1.0012707  1.0051948
ilr.fac1[6,1]    0.9999121  0.9999903
ilr.fac1[7,1]    1.0000019  1.0007160
ilr.fac1[8,1]    0.9997868  0.9999269
ilr.fac1[9,1]    1.0081616  1.0083576
ilr.fac1[10,1]   1.0002723  1.0005113
ilr.fac1[11,1]   1.0019214  1.0038495
ilr.fac1[12,1]   1.0040096  1.0124103
ilr.fac1[13,1]   1.0034687  1.0107708
ilr.fac1[14,1]   1.0018083  1.0032157
ilr.fac1[15,1]   1.0015366  1.0023427
ilr.fac1[16,1]   1.0012973  1.0026801
ilr.fac1[17,1]   0.9998826  1.0004457
ilr.fac1[18,1]   0.9999743  1.0005080
ilr.fac1[19,1]   1.0010603  1.0020984
ilr.fac1[20,1]   0.9997799  1.0000702
ilr.fac1[21,1]   1.0030162  1.0088703
ilr.fac1[22,1]   1.0010739  1.0031147
ilr.fac1[23,1]   1.0004275  1.0012575
ilr.fac1[24,1]   1.0000210  1.0005641
ilr.fac1[25,1]   1.0002356  1.0011482
ilr.fac1[26,1]   1.0032687  1.0069210
ilr.fac1[27,1]   1.0007493  1.0015122
ilr.fac1[28,1]   1.0023410  1.0050900
ilr.fac1[29,1]   1.0015997  1.0017370
ilr.fac1[30,1]   1.0007925  1.0016738
ilr.fac1[31,1]   1.0041243  1.0121627
ilr.fac1[32,1]   1.0034528  1.0088862
ilr.fac1[33,1]   1.0012812  1.0021893
ilr.fac1[34,1]   1.0060250  1.0074513
ilr.fac1[35,1]   0.9999797  1.0000288
ilr.fac1[36,1]   1.0009667  1.0027482
ilr.fac1[37,1]   1.0024548  1.0062991
ilr.fac1[38,1]   1.0002289  1.0002734
ilr.fac1[39,1]   1.0005813  1.0023913
ilr.fac1[40,1]   1.0015170  1.0063423
ilr.fac1[41,1]   1.0005281  1.0024566
ilr.fac1[42,1]   1.0009480  1.0026021
ilr.fac1[43,1]   0.9999824  1.0002427
ilr.fac1[44,1]   1.0007399  1.0030101
ilr.fac1[45,1]   1.0004433  1.0022173
ilr.fac1[46,1]   1.0000733  1.0008737
ilr.fac1[47,1]   0.9998629  1.0001821
ilr.fac1[48,1]   1.0008587  1.0029352
ilr.fac1[49,1]   0.9998081  1.0000744
ilr.fac1[50,1]   1.0012264  1.0032442
ilr.fac1[51,1]   1.0021352  1.0051549
ilr.fac1[52,1]   1.0012065  1.0045893
ilr.fac1[53,1]   1.0005246  1.0016835
ilr.fac1[54,1]   1.0009241  1.0021366
ilr.fac1[55,1]   1.0003236  1.0003289
ilr.fac1[56,1]   0.9999834  1.0002922
ilr.fac1[57,1]   0.9998002  0.9999808
ilr.fac1[58,1]   1.0003107  1.0004110
ilr.fac1[59,1]   1.0008390  1.0014515
ilr.fac1[60,1]   0.9999489  1.0005420
ilr.fac1[61,1]   1.0010394  1.0023141
ilr.fac1[62,1]   1.0000132  1.0002763
ilr.fac1[63,1]   1.0012272  1.0022051
ilr.fac1[64,1]   1.0014650  1.0036924
ilr.fac1[65,1]   1.0015254  1.0033219
ilr.fac1[66,1]   1.0004343  1.0024845
ilr.fac1[67,1]   1.0007333  1.0012651
ilr.fac1[68,1]   1.0014383  1.0057754
ilr.fac1[69,1]   1.0002696  1.0004742
ilr.fac1[70,1]   1.0003334  1.0006936
ilr.fac1[71,1]   1.0012518  1.0041525
ilr.fac1[72,1]   1.0005170  1.0019427
ilr.fac1[73,1]   1.0012893  1.0028616
ilr.fac1[74,1]   1.0009571  1.0041516
ilr.fac1[75,1]   1.0007521  1.0022105
ilr.fac1[76,1]   1.0001512  1.0011815
ilr.fac1[77,1]   1.0014155  1.0023831
ilr.fac1[78,1]   1.0001157  1.0011763
ilr.fac1[79,1]   1.0007904  1.0036046
ilr.fac1[80,1]   1.0015724  1.0032018
ilr.fac1[81,1]   0.9999326  1.0004196
ilr.fac1[82,1]   1.0028986  1.0048669
ilr.fac1[83,1]   0.9997677  0.9998141
ilr.fac1[84,1]   0.9997458  0.9998389
ilr.fac1[85,1]   1.0006585  1.0021214
ilr.fac1[86,1]   1.0007282  1.0032119
ilr.fac1[87,1]   1.0006376  1.0018276
ilr.fac1[88,1]   1.0025294  1.0044829
ilr.fac1[89,1]   1.0039971  1.0057082
ilr.fac1[90,1]   1.0005458  1.0008939
ilr.fac1[91,1]   1.0000217  1.0000572
ilr.fac1[92,1]   1.0001518  1.0010453
ilr.fac1[93,1]   1.0007656  1.0023403
ilr.fac1[94,1]   1.0012491  1.0036615
ilr.fac1[95,1]   1.0011894  1.0012687
ilr.fac1[96,1]   1.0003535  1.0012117
ilr.fac1[97,1]   1.0015577  1.0025640
ilr.fac1[98,1]   1.0003824  1.0016026
ilr.fac1[99,1]   1.0009657  1.0033485
ilr.fac1[100,1]  1.0002224  1.0014373
ilr.fac1[101,1]  1.0001467  1.0012783
ilr.fac1[102,1]  1.0001072  1.0012735
ilr.fac1[103,1]  1.0011491  1.0029721
ilr.fac1[104,1]  1.0001241  1.0012475
ilr.fac1[105,1]  1.0007383  1.0008994
ilr.fac1[106,1]  1.0000478  1.0004032
ilr.fac1[107,1]  0.9997512  0.9998082
ilr.fac1[108,1]  1.0007338  1.0027930
ilr.fac1[109,1]  1.0001028  1.0005625
ilr.fac1[110,1]  1.0017175  1.0049237
ilr.fac1[111,1]  1.0005712  1.0009153
ilr.fac1[1,2]          NaN        NaN
ilr.fac1[2,2]    0.9998512  1.0000816
ilr.fac1[3,2]    0.9999390  1.0001094
ilr.fac1[4,2]    0.9999728  1.0007762
ilr.fac1[5,2]    1.0013657  1.0050666
ilr.fac1[6,2]    0.9997853  0.9998911
ilr.fac1[7,2]    1.0010964  1.0024507
ilr.fac1[8,2]    1.0001116  1.0008532
ilr.fac1[9,2]    1.0027102  1.0053814
ilr.fac1[10,2]   1.0003692  1.0008607
ilr.fac1[11,2]   0.9998293  1.0000258
ilr.fac1[12,2]   1.0000677  1.0010236
ilr.fac1[13,2]   1.0002479  1.0002901
ilr.fac1[14,2]   1.0003486  1.0012223
ilr.fac1[15,2]   1.0039666  1.0129009
ilr.fac1[16,2]   1.0003030  1.0018192
ilr.fac1[17,2]   1.0001693  1.0007526
ilr.fac1[18,2]   1.0001170  1.0011776
ilr.fac1[19,2]   1.0006045  1.0021317
ilr.fac1[20,2]   1.0001993  1.0006921
ilr.fac1[21,2]   0.9999194  1.0003233
ilr.fac1[22,2]   0.9999034  1.0004515
ilr.fac1[23,2]   0.9997085  0.9997768
ilr.fac1[24,2]   1.0003955  1.0015351
ilr.fac1[25,2]   0.9999075  1.0000195
ilr.fac1[26,2]   0.9999762  1.0001296
ilr.fac1[27,2]   1.0000670  1.0007465
ilr.fac1[28,2]   1.0001430  1.0008612
ilr.fac1[29,2]   1.0003896  1.0007857
ilr.fac1[30,2]   0.9999514  1.0003772
ilr.fac1[31,2]   1.0004113  1.0006334
ilr.fac1[32,2]   0.9998989  1.0004725
ilr.fac1[33,2]   0.9997983  0.9999030
ilr.fac1[34,2]   1.0000801  1.0006803
ilr.fac1[35,2]   0.9998336  1.0000755
ilr.fac1[36,2]   1.0011912  1.0033671
ilr.fac1[37,2]   1.0004988  1.0011923
ilr.fac1[38,2]   0.9998160  1.0000657
ilr.fac1[39,2]   0.9998639  1.0002192
ilr.fac1[40,2]   1.0000391  1.0009605
ilr.fac1[41,2]   1.0008886  1.0031900
ilr.fac1[42,2]   1.0003678  1.0020494
ilr.fac1[43,2]   1.0003734  1.0018091
ilr.fac1[44,2]   0.9999175  1.0004819
ilr.fac1[45,2]   1.0004802  1.0022339
ilr.fac1[46,2]   1.0010911  1.0025946
ilr.fac1[47,2]   1.0000470  1.0009043
ilr.fac1[48,2]   1.0005690  1.0020205
ilr.fac1[49,2]   0.9998236  1.0000794
ilr.fac1[50,2]   1.0011924  1.0047306
ilr.fac1[51,2]   1.0005146  1.0021314
ilr.fac1[52,2]   1.0004168  1.0022108
ilr.fac1[53,2]   0.9999305  1.0005556
ilr.fac1[54,2]   1.0007449  1.0025533
ilr.fac1[55,2]   1.0000526  1.0007794
ilr.fac1[56,2]   1.0005671  1.0010653
ilr.fac1[57,2]   0.9997925  0.9999947
ilr.fac1[58,2]   0.9997925  0.9997979
ilr.fac1[59,2]   0.9998747  1.0000046
ilr.fac1[60,2]   0.9997560  0.9998974
ilr.fac1[61,2]   1.0003345  1.0020266
ilr.fac1[62,2]   0.9999567  1.0001882
ilr.fac1[63,2]   1.0001200  1.0012507
ilr.fac1[64,2]   1.0004262  1.0014554
ilr.fac1[65,2]   1.0007651  1.0031827
ilr.fac1[66,2]   0.9997784  0.9999232
ilr.fac1[67,2]   1.0006604  1.0029815
ilr.fac1[68,2]   1.0001198  1.0012319
ilr.fac1[69,2]   1.0002555  1.0005708
ilr.fac1[70,2]   1.0000509  1.0006738
ilr.fac1[71,2]   1.0008985  1.0014898
ilr.fac1[72,2]   1.0010718  1.0038005
ilr.fac1[73,2]   1.0006911  1.0011422
ilr.fac1[74,2]   1.0016203  1.0045132
ilr.fac1[75,2]   1.0006013  1.0026362
ilr.fac1[76,2]   1.0011940  1.0037021
ilr.fac1[77,2]   0.9997742  1.0000399
ilr.fac1[78,2]   1.0002825  1.0017013
ilr.fac1[79,2]   1.0005965  1.0018377
ilr.fac1[80,2]   1.0004585  1.0025036
ilr.fac1[81,2]   1.0002423  1.0007701
ilr.fac1[82,2]   0.9999868  1.0005841
ilr.fac1[83,2]   1.0001210  1.0012754
ilr.fac1[84,2]   1.0001690  1.0003117
ilr.fac1[85,2]   1.0006591  1.0015083
ilr.fac1[86,2]   1.0000021  1.0000607
ilr.fac1[87,2]   1.0008995  1.0038910
ilr.fac1[88,2]   0.9998738  1.0003968
ilr.fac1[89,2]   0.9997236  0.9998662
ilr.fac1[90,2]   1.0005686  1.0010248
ilr.fac1[91,2]   1.0002791  1.0014602
ilr.fac1[92,2]   0.9998367  1.0000147
ilr.fac1[93,2]   1.0001427  1.0013978
ilr.fac1[94,2]   1.0041281  1.0106520
ilr.fac1[95,2]   0.9999562  1.0001156
ilr.fac1[96,2]   0.9997723  0.9998557
ilr.fac1[97,2]   0.9998017  0.9999071
ilr.fac1[98,2]   1.0011625  1.0026221
ilr.fac1[99,2]   0.9999538  1.0004760
ilr.fac1[100,2]  1.0006117  1.0014287
ilr.fac1[101,2]  1.0006370  1.0011378
ilr.fac1[102,2]  1.0017879  1.0037901
ilr.fac1[103,2]  1.0003057  1.0007968
ilr.fac1[104,2]  1.0000140  1.0004545
ilr.fac1[105,2]  1.0009963  1.0024150
ilr.fac1[106,2]  0.9997627  0.9999042
ilr.fac1[107,2]  1.0015478  1.0036724
ilr.fac1[108,2]  1.0023416  1.0080756
ilr.fac1[109,2]  0.9998847  1.0000972
ilr.fac1[110,2]  1.0000785  1.0011580
ilr.fac1[111,2]  0.9997982  0.9999364
loglik[1]        1.0004168  1.0017543
loglik[2]        1.0013014  1.0014042
loglik[3]        1.0013476  1.0037794
loglik[4]        1.0005917  1.0012792
loglik[5]        1.0022159  1.0057331
loglik[6]        1.0010777  1.0020337
loglik[7]        1.0010434  1.0018893
loglik[8]        1.0002981  1.0009950
loglik[9]        1.0001754  1.0002042
loglik[10]       1.0044574  1.0055150
loglik[11]       1.0020223  1.0063990
loglik[12]       1.0006531  1.0017089
loglik[13]       1.0012887  1.0032375
loglik[14]       1.0022051  1.0079014
loglik[15]       1.0007779  1.0030987
loglik[16]       1.0008180  1.0027829
loglik[17]       1.0002769  1.0017259
loglik[18]       0.9999527  1.0001791
loglik[19]       1.0001812  1.0012188
loglik[20]       1.0002471  1.0005213
loglik[21]       1.0027803  1.0075636
loglik[22]       1.0003475  1.0005196
loglik[23]       1.0004332  1.0011281
loglik[24]       1.0005249  1.0014345
loglik[25]       0.9998122  1.0001336
loglik[26]       1.0013667  1.0038258
loglik[27]       1.0011568  1.0032851
loglik[28]       1.0008735  1.0030532
loglik[29]       1.0006830  1.0015449
loglik[30]       1.0014708  1.0032500
loglik[31]       1.0023459  1.0049973
loglik[32]       1.0040463  1.0082511
loglik[33]       1.0023675  1.0076448
loglik[34]       1.0012900  1.0034920
loglik[35]       0.9999338  1.0004319
loglik[36]       1.0001237  1.0008718
loglik[37]       1.0008734  1.0014471
loglik[38]       1.0006945  1.0026363
loglik[39]       1.0004056  1.0005782
loglik[40]       1.0024447  1.0080380
loglik[41]       1.0002813  1.0006421
loglik[42]       1.0003079  1.0012841
loglik[43]       1.0016317  1.0030517
loglik[44]       1.0007644  1.0008436
loglik[45]       0.9999715  1.0001403
loglik[46]       1.0019031  1.0026057
loglik[47]       1.0015491  1.0024730
loglik[48]       0.9997037  0.9997948
loglik[49]       0.9998203  1.0000896
loglik[50]       1.0004037  1.0013998
loglik[51]       0.9997393  0.9998023
loglik[52]       1.0055028  1.0093829
loglik[53]       1.0010538  1.0021144
loglik[54]       1.0039384  1.0046423
loglik[55]       1.0002461  1.0010062
loglik[56]       0.9999710  1.0006307
loglik[57]       0.9999879  1.0005955
loglik[58]       0.9999087  0.9999844
loglik[59]       1.0004565  1.0013796
loglik[60]       1.0007984  1.0021979
loglik[61]       0.9999821  1.0000249
loglik[62]       0.9999378  1.0002818
loglik[63]       1.0003714  1.0012397
loglik[64]       1.0015747  1.0022883
loglik[65]       1.0003507  1.0014837
loglik[66]       1.0010620  1.0032823
loglik[67]       1.0006838  1.0027493
loglik[68]       1.0000690  1.0009723
loglik[69]       1.0004842  1.0014646
loglik[70]       1.0008754  1.0026416
loglik[71]       1.0002159  1.0007826
loglik[72]       1.0016487  1.0017771
loglik[73]       1.0039493  1.0096085
loglik[74]       1.0015948  1.0060844
loglik[75]       1.0002530  1.0015907
loglik[76]       0.9998838  1.0003927
loglik[77]       1.0007943  1.0025844
loglik[78]       0.9998314  1.0000237
loglik[79]       1.0007111  1.0012039
loglik[80]       1.0009577  1.0033523
loglik[81]       1.0003003  1.0011617
loglik[82]       1.0013496  1.0027146
loglik[83]       1.0002432  1.0002827
loglik[84]       1.0008581  1.0017149
loglik[85]       1.0006780  1.0017650
loglik[86]       1.0025735  1.0039544
loglik[87]       1.0001215  1.0008694
loglik[88]       1.0007223  1.0035194
loglik[89]       0.9998759  1.0001161
loglik[90]       1.0004894  1.0017769
loglik[91]       1.0000361  1.0007513
loglik[92]       1.0001417  1.0006901
loglik[93]       1.0005125  1.0026778
loglik[94]       1.0004545  1.0004784
loglik[95]       1.0002599  1.0010614
loglik[96]       0.9999632  1.0001996
loglik[97]       1.0001576  1.0010895
loglik[98]       1.0012698  1.0013012
loglik[99]       1.0013529  1.0055721
loglik[100]      0.9999525  1.0004296
loglik[101]      1.0002530  1.0004661
loglik[102]      1.0003591  1.0020080
loglik[103]      0.9998462  1.0001512
loglik[104]      1.0008431  1.0016822
loglik[105]      1.0018438  1.0025499
loglik[106]      1.0025470  1.0027520
loglik[107]      1.0009234  1.0014532
loglik[108]      1.0008668  1.0008679
loglik[109]      1.0010334  1.0019062
loglik[110]      1.0003470  1.0013353
loglik[111]      1.0002539  1.0003221
p.fac1[1,1]      1.0066929  1.0179827
p.fac1[2,1]      1.0001608  1.0011541
p.fac1[3,1]      1.0001298  1.0013178
p.fac1[4,1]      1.0007301  1.0034294
p.fac1[5,1]      1.0035885  1.0085016
p.fac1[6,1]      1.0013808  1.0018553
p.fac1[7,1]      1.0014916  1.0033432
p.fac1[8,1]      1.0003588  1.0012766
p.fac1[9,1]      1.0305059  1.0351500
p.fac1[10,1]     1.0001309  1.0009647
p.fac1[11,1]     1.0008551  1.0012208
p.fac1[12,1]     1.0021509  1.0035309
p.fac1[13,1]     1.0055076  1.0101291
p.fac1[14,1]     1.0012033  1.0047360
p.fac1[15,1]     1.0024450  1.0054705
p.fac1[16,1]     1.0053532  1.0075135
p.fac1[17,1]     1.0014288  1.0057861
p.fac1[18,1]     1.0000751  1.0011169
p.fac1[19,1]     0.9999274  1.0002330
p.fac1[20,1]     0.9999718  1.0005099
p.fac1[21,1]     1.0009727  1.0038626
p.fac1[22,1]     1.0000036  1.0002062
p.fac1[23,1]     0.9999612  1.0005319
p.fac1[24,1]     1.0002788  1.0014476
p.fac1[25,1]     0.9998394  1.0002271
p.fac1[26,1]     1.0061447  1.0088318
p.fac1[27,1]     1.0001020  1.0011548
p.fac1[28,1]     1.0014839  1.0041376
p.fac1[29,1]     1.0022916  1.0035553
p.fac1[30,1]     1.0026031  1.0030530
p.fac1[31,1]     1.0300775  1.0435223
p.fac1[32,1]     1.0316905  1.0398731
p.fac1[33,1]     1.0009578  1.0017755
p.fac1[34,1]     1.0027708  1.0072992
p.fac1[35,1]     1.0002136  1.0011830
p.fac1[36,1]     1.0016924  1.0033398
p.fac1[37,1]     1.0015564  1.0063746
p.fac1[38,1]     0.9998742  1.0001797
p.fac1[39,1]     1.0005040  1.0024741
p.fac1[40,1]     1.0012802  1.0051691
p.fac1[41,1]     1.0006590  1.0033125
p.fac1[42,1]     1.0001038  1.0008837
p.fac1[43,1]     0.9999465  1.0006494
p.fac1[44,1]     1.0006079  1.0028387
p.fac1[45,1]     1.0006755  1.0032003
p.fac1[46,1]     1.0006320  1.0030526
p.fac1[47,1]     0.9999902  1.0005199
p.fac1[48,1]     1.0008049  1.0038009
p.fac1[49,1]     0.9998075  1.0001491
p.fac1[50,1]     1.0005762  1.0019266
p.fac1[51,1]     1.0016210  1.0053559
p.fac1[52,1]     1.0024822  1.0098003
p.fac1[53,1]     1.0009496  1.0037374
p.fac1[54,1]     1.0013431  1.0029867
p.fac1[55,1]     1.0000323  1.0003002
p.fac1[56,1]     1.0001747  1.0007017
p.fac1[57,1]     0.9998202  1.0001295
p.fac1[58,1]     0.9997194  0.9998100
p.fac1[59,1]     1.0009572  1.0032824
p.fac1[60,1]     1.0006725  1.0029690
p.fac1[61,1]     1.0009377  1.0041641
p.fac1[62,1]     0.9998985  1.0001834
p.fac1[63,1]     1.0003610  1.0007897
p.fac1[64,1]     1.0002379  1.0004058
p.fac1[65,1]     1.0020055  1.0082348
p.fac1[66,1]     1.0002553  1.0016426
p.fac1[67,1]     1.0003046  1.0011117
p.fac1[68,1]     1.0002780  1.0015240
p.fac1[69,1]     1.0003706  1.0016015
p.fac1[70,1]     1.0001651  1.0011279
p.fac1[71,1]     1.0013664  1.0042859
p.fac1[72,1]     1.0007944  1.0033582
p.fac1[73,1]     1.0014304  1.0015776
p.fac1[74,1]     1.0007934  1.0013580
p.fac1[75,1]     1.0002903  1.0013794
p.fac1[76,1]     0.9999619  1.0002429
p.fac1[77,1]     1.0009895  1.0030936
p.fac1[78,1]     0.9998106  1.0001523
p.fac1[79,1]     1.0003698  1.0014243
p.fac1[80,1]     1.0006988  1.0010569
p.fac1[81,1]     1.0009352  1.0038335
p.fac1[82,1]     1.0005874  1.0024859
p.fac1[83,1]     0.9999358  1.0004604
p.fac1[84,1]     1.0000663  1.0007242
p.fac1[85,1]     0.9999048  0.9999266
p.fac1[86,1]     1.0002372  1.0012479
p.fac1[87,1]     1.0011075  1.0042746
p.fac1[88,1]     1.0013821  1.0032181
p.fac1[89,1]     1.0018502  1.0022809
p.fac1[90,1]     1.0006168  1.0008294
p.fac1[91,1]     0.9998784  1.0004272
p.fac1[92,1]     1.0006987  1.0028106
p.fac1[93,1]     1.0015386  1.0065005
p.fac1[94,1]     1.0039460  1.0135931
p.fac1[95,1]     1.0006499  1.0018621
p.fac1[96,1]     1.0004620  1.0024176
p.fac1[97,1]     1.0011690  1.0012163
p.fac1[98,1]     1.0009553  1.0034286
p.fac1[99,1]     0.9998683  1.0002893
p.fac1[100,1]    1.0018259  1.0074308
p.fac1[101,1]    1.0000675  1.0008320
p.fac1[102,1]    1.0009582  1.0021504
p.fac1[103,1]    0.9997994  1.0001312
p.fac1[104,1]    1.0004289  1.0009831
p.fac1[105,1]    0.9997721  0.9998502
p.fac1[106,1]    1.0003203  1.0018640
p.fac1[107,1]    0.9997180  0.9998544
p.fac1[108,1]    1.0016063  1.0064345
p.fac1[109,1]    0.9999497  1.0006635
p.fac1[110,1]    1.0007317  1.0031150
p.fac1[111,1]    1.0026580  1.0041353
p.fac1[1,2]      1.0083597  1.0204757
p.fac1[2,2]      0.9999731  1.0007191
p.fac1[3,2]      1.0000087  1.0009131
p.fac1[4,2]      1.0007665  1.0036913
p.fac1[5,2]      1.0019109  1.0049138
p.fac1[6,2]      1.0009802  1.0016543
p.fac1[7,2]      1.0012703  1.0032696
p.fac1[8,2]      1.0005256  1.0013967
p.fac1[9,2]      1.0180093  1.0193905
p.fac1[10,2]     1.0007509  1.0033175
p.fac1[11,2]     1.0001080  1.0001956
p.fac1[12,2]     1.0015239  1.0038253
p.fac1[13,2]     1.0054808  1.0095270
p.fac1[14,2]     1.0004056  1.0016918
p.fac1[15,2]     1.0029701  1.0099747
p.fac1[16,2]     1.0025219  1.0050106
p.fac1[17,2]     1.0012893  1.0051417
p.fac1[18,2]     1.0005167  1.0023392
p.fac1[19,2]     0.9998682  1.0002679
p.fac1[20,2]     0.9999437  1.0006317
p.fac1[21,2]     1.0015229  1.0056560
p.fac1[22,2]     0.9998996  1.0003227
p.fac1[23,2]     1.0000835  1.0011010
p.fac1[24,2]     1.0016718  1.0069030
p.fac1[25,2]     0.9997612  1.0000151
p.fac1[26,2]     1.0080689  1.0102730
p.fac1[27,2]     1.0000210  1.0005547
p.fac1[28,2]     1.0008051  1.0024699
p.fac1[29,2]     1.0008998  1.0034212
p.fac1[30,2]     1.0003714  1.0004247
p.fac1[31,2]     1.0183742  1.0289843
p.fac1[32,2]     1.0217373  1.0282655
p.fac1[33,2]     1.0034946  1.0047009
p.fac1[34,2]     1.0026763  1.0048065
p.fac1[35,2]     1.0001648  1.0012039
p.fac1[36,2]     1.0026546  1.0089956
p.fac1[37,2]     1.0015835  1.0064948
p.fac1[38,2]     0.9998124  0.9999571
p.fac1[39,2]     1.0002898  1.0017725
p.fac1[40,2]     1.0003748  1.0021849
p.fac1[41,2]     1.0000746  1.0001668
p.fac1[42,2]     0.9998147  0.9999477
p.fac1[43,2]     0.9998107  1.0001717
p.fac1[44,2]     1.0010392  1.0035627
p.fac1[45,2]     1.0000738  1.0004053
p.fac1[46,2]     1.0010604  1.0043364
p.fac1[47,2]     1.0000541  1.0005157
p.fac1[48,2]     1.0003113  1.0020284
p.fac1[49,2]     1.0000747  1.0008865
p.fac1[50,2]     1.0004071  1.0017563
p.fac1[51,2]     1.0008257  1.0014521
p.fac1[52,2]     1.0017941  1.0073269
p.fac1[53,2]     1.0012233  1.0047104
p.fac1[54,2]     1.0019550  1.0064365
p.fac1[55,2]     1.0002499  1.0011411
p.fac1[56,2]     1.0002118  1.0014426
p.fac1[57,2]     0.9998296  0.9998706
p.fac1[58,2]     1.0000219  1.0001633
p.fac1[59,2]     1.0013168  1.0039125
p.fac1[60,2]     1.0011087  1.0044925
p.fac1[61,2]     1.0010104  1.0044353
p.fac1[62,2]     1.0007107  1.0007314
p.fac1[63,2]     1.0009714  1.0021038
p.fac1[64,2]     1.0003959  1.0007341
p.fac1[65,2]     1.0014741  1.0037487
p.fac1[66,2]     1.0004034  1.0021288
p.fac1[67,2]     1.0002208  1.0005702
p.fac1[68,2]     1.0003005  1.0011279
p.fac1[69,2]     1.0002193  1.0016740
p.fac1[70,2]     1.0012700  1.0031879
p.fac1[71,2]     1.0010333  1.0027055
p.fac1[72,2]     1.0011240  1.0043346
p.fac1[73,2]     1.0013405  1.0021809
p.fac1[74,2]     1.0017037  1.0068813
p.fac1[75,2]     1.0005715  1.0012383
p.fac1[76,2]     1.0018325  1.0063795
p.fac1[77,2]     1.0017450  1.0051533
p.fac1[78,2]     1.0000329  1.0006685
p.fac1[79,2]     0.9999516  1.0006036
p.fac1[80,2]     1.0012076  1.0021223
p.fac1[81,2]     1.0023404  1.0058099
p.fac1[82,2]     1.0007174  1.0026019
p.fac1[83,2]     1.0001090  1.0011410
p.fac1[84,2]     1.0003977  1.0009477
p.fac1[85,2]     1.0002957  1.0013113
p.fac1[86,2]     1.0005637  1.0017252
p.fac1[87,2]     1.0031463  1.0101145
p.fac1[88,2]     1.0025044  1.0069226
p.fac1[89,2]     1.0042169  1.0043801
p.fac1[90,2]     1.0005677  1.0021054
p.fac1[91,2]     1.0007328  1.0033448
p.fac1[92,2]     1.0018629  1.0074406
p.fac1[93,2]     1.0007410  1.0035533
p.fac1[94,2]     1.0002008  1.0013938
p.fac1[95,2]     1.0028265  1.0052279
p.fac1[96,2]     1.0015894  1.0044988
p.fac1[97,2]     1.0002147  1.0004529
p.fac1[98,2]     1.0011547  1.0023298
p.fac1[99,2]     1.0005397  1.0018312
p.fac1[100,2]    1.0012400  1.0042574
p.fac1[101,2]    1.0001810  1.0007523
p.fac1[102,2]    1.0004710  1.0013159
p.fac1[103,2]    1.0002657  1.0008656
p.fac1[104,2]    1.0005404  1.0012050
p.fac1[105,2]    1.0017682  1.0052991
p.fac1[106,2]    1.0003865  1.0016140
p.fac1[107,2]    1.0002852  1.0017636
p.fac1[108,2]    1.0007530  1.0010798
p.fac1[109,2]    0.9998124  0.9999890
p.fac1[110,2]    1.0002504  1.0004218
p.fac1[111,2]    1.0068360  1.0081869
p.fac1[1,3]      0.9998365  1.0002825
p.fac1[2,3]      1.0004027  1.0009699
p.fac1[3,3]      1.0018771  1.0021318
p.fac1[4,3]      1.0000206  1.0004633
p.fac1[5,3]      1.0004769  1.0019456
p.fac1[6,3]      0.9999538  1.0000971
p.fac1[7,3]      1.0000178  1.0001741
p.fac1[8,3]      1.0010936  1.0012431
p.fac1[9,3]      1.0015087  1.0044654
p.fac1[10,3]     1.0022026  1.0030321
p.fac1[11,3]     1.0021538  1.0023936
p.fac1[12,3]     1.0041026  1.0061052
p.fac1[13,3]     1.0011524  1.0016384
p.fac1[14,3]     1.0054023  1.0070087
p.fac1[15,3]     1.0081639  1.0149386
p.fac1[16,3]     1.0024759  1.0054155
p.fac1[17,3]     1.0011029  1.0014584
p.fac1[18,3]     1.0002587  1.0003089
p.fac1[19,3]     1.0011738  1.0025213
p.fac1[20,3]     1.0021103  1.0028655
p.fac1[21,3]     1.0082347  1.0106835
p.fac1[22,3]     1.0019327  1.0019999
p.fac1[23,3]     1.0012885  1.0017774
p.fac1[24,3]     1.0053675  1.0073435
p.fac1[25,3]     1.0002853  1.0003258
p.fac1[26,3]     1.0014963  1.0020778
p.fac1[27,3]     1.0013127  1.0015079
p.fac1[28,3]     1.0014793  1.0028178
p.fac1[29,3]     1.0054164  1.0072640
p.fac1[30,3]     1.0056594  1.0072440
p.fac1[31,3]     1.0501827  1.0580778
p.fac1[32,3]     1.0132918  1.0159370
p.fac1[33,3]     1.0006052  1.0009486
p.fac1[34,3]     1.0052623  1.0071267
p.fac1[35,3]     1.0000777  1.0001081
p.fac1[36,3]     1.0101646  1.0142245
p.fac1[37,3]     1.0007051  1.0022445
p.fac1[38,3]     1.0004050  1.0004899
p.fac1[39,3]     1.0010569  1.0013857
p.fac1[40,3]     1.0000477  1.0007401
p.fac1[41,3]     1.0002831  1.0017050
p.fac1[42,3]     1.0019473  1.0035075
p.fac1[43,3]     0.9999457  1.0000430
p.fac1[44,3]     0.9999777  1.0003337
p.fac1[45,3]     1.0008144  1.0029443
p.fac1[46,3]     1.0015665  1.0026828
p.fac1[47,3]     0.9997336  0.9999124
p.fac1[48,3]     1.0002254  1.0010018
p.fac1[49,3]     1.0003259  1.0005272
p.fac1[50,3]     1.0040149  1.0071082
p.fac1[51,3]     1.0008142  1.0032724
p.fac1[52,3]     0.9999637  1.0000117
p.fac1[53,3]     1.0003293  1.0004593
p.fac1[54,3]     1.0004803  1.0009375
p.fac1[55,3]     1.0000227  1.0007344
p.fac1[56,3]     1.0021570  1.0039529
p.fac1[57,3]     0.9997423  0.9998757
p.fac1[58,3]     0.9997292  0.9997518
p.fac1[59,3]     1.0004282  1.0008439
p.fac1[60,3]     1.0010216  1.0012648
p.fac1[61,3]     1.0002533  1.0009583
p.fac1[62,3]     1.0000421  1.0002184
p.fac1[63,3]     1.0002527  1.0007776
p.fac1[64,3]     1.0010113  1.0021811
p.fac1[65,3]     1.0054909  1.0089933
p.fac1[66,3]     0.9997146  0.9997527
p.fac1[67,3]     1.0032848  1.0050274
p.fac1[68,3]     1.0004681  1.0012152
p.fac1[69,3]     1.0017022  1.0017885
p.fac1[70,3]     0.9998484  1.0001560
p.fac1[71,3]     1.0008367  1.0015387
p.fac1[72,3]     1.0016303  1.0029541
p.fac1[73,3]     1.0089811  1.0121272
p.fac1[74,3]     1.0012740  1.0030287
p.fac1[75,3]     1.0003677  1.0017941
p.fac1[76,3]     1.0023980  1.0065787
p.fac1[77,3]     1.0000654  1.0003293
p.fac1[78,3]     1.0055930  1.0067410
p.fac1[79,3]     1.0006664  1.0021217
p.fac1[80,3]     1.0010832  1.0020153
p.fac1[81,3]     1.0031503  1.0033151
p.fac1[82,3]     1.0013935  1.0015394
p.fac1[83,3]     1.0001990  1.0010697
p.fac1[84,3]     0.9998294  1.0001107
p.fac1[85,3]     1.0003725  1.0010359
p.fac1[86,3]     1.0012020  1.0014076
p.fac1[87,3]     1.0002194  1.0011333
p.fac1[88,3]     1.0001856  1.0002325
p.fac1[89,3]     1.0015831  1.0017850
p.fac1[90,3]     1.0096603  1.0108396
p.fac1[91,3]     1.0014563  1.0040571
p.fac1[92,3]     1.0001957  1.0008352
p.fac1[93,3]     0.9998672  1.0003904
p.fac1[94,3]     1.0054940  1.0122051
p.fac1[95,3]     0.9999172  1.0000109
p.fac1[96,3]     0.9997930  0.9998456
p.fac1[97,3]     1.0033612  1.0036449
p.fac1[98,3]     1.0041536  1.0071592
p.fac1[99,3]     0.9998275  1.0001607
p.fac1[100,3]    1.0046619  1.0058464
p.fac1[101,3]    1.0003809  1.0011122
p.fac1[102,3]    1.0038996  1.0065122
p.fac1[103,3]    1.0008535  1.0019896
p.fac1[104,3]    1.0011052  1.0020650
p.fac1[105,3]    1.0022361  1.0041851
p.fac1[106,3]    1.0008525  1.0008633
p.fac1[107,3]    1.0026620  1.0050301
p.fac1[108,3]    1.0025302  1.0090191
p.fac1[109,3]    0.9998703  1.0002013
p.fac1[110,3]    1.0003124  1.0017353
p.fac1[111,3]    1.0003930  1.0008242
p.global[1]      1.0066929  1.0179827
p.global[2]      1.0083597  1.0204757
p.global[3]      0.9998365  1.0002825

################################################################################
# Geweke Diagnostic
################################################################################

The Geweke diagnostic is a standard z-score, so we'd expect 5% to be outside +/-1.96
Number of variables outside +/-1.96 in each chain (out of 
670
):


       Chain 1 Chain 2 Chain 3
Geweke      34      46      35


And here are the Geweke diagnostics for all variables:

                chain1 chain2 chain3
deviance         0.116 -0.974 -0.981
ilr.fac1[2,1]   -0.956 -0.880 -2.782
ilr.fac1[3,1]    1.061  2.233  0.846
ilr.fac1[4,1]   -0.181  1.202 -1.079
ilr.fac1[5,1]   -0.413  2.280 -0.187
ilr.fac1[6,1]    1.454  1.670 -1.047
ilr.fac1[7,1]    0.764  0.193 -0.870
ilr.fac1[8,1]    1.847 -1.118  0.030
ilr.fac1[9,1]   -0.134  0.515  0.548
ilr.fac1[10,1]   1.516 -0.041 -2.332
ilr.fac1[11,1]  -0.959  2.128  0.471
ilr.fac1[12,1]  -2.732  0.615  1.710
ilr.fac1[13,1]  -1.436  2.300 -0.437
ilr.fac1[14,1]  -0.343 -0.462  0.902
ilr.fac1[15,1]  -0.611 -0.263  0.730
ilr.fac1[16,1]  -1.304  1.531  1.034
ilr.fac1[17,1]   0.058 -0.994  0.481
ilr.fac1[18,1]  -0.274  1.759  1.024
ilr.fac1[19,1]   0.820  1.972 -0.126
ilr.fac1[20,1]   1.137  0.630 -0.128
ilr.fac1[21,1]   1.073  1.910  1.692
ilr.fac1[22,1]  -0.507 -0.289  1.532
ilr.fac1[23,1]  -0.889  1.797 -2.093
ilr.fac1[24,1]  -0.321  0.866  1.128
ilr.fac1[25,1]  -0.031  0.643 -0.475
ilr.fac1[26,1]  -1.186  1.810 -0.711
ilr.fac1[27,1]   0.580  0.878  1.308
ilr.fac1[28,1]  -0.845  0.875 -1.141
ilr.fac1[29,1]  -0.830  2.830  0.836
ilr.fac1[30,1]   0.509  0.889  0.390
ilr.fac1[31,1]  -0.722  0.634  0.554
ilr.fac1[32,1]  -0.092  1.685 -1.065
ilr.fac1[33,1]   0.399  1.341  0.335
ilr.fac1[34,1]   0.875 -1.241  1.269
ilr.fac1[35,1]  -0.527  0.379 -0.300
ilr.fac1[36,1]  -0.999 -0.394 -0.948
ilr.fac1[37,1]  -0.004  0.868 -0.096
ilr.fac1[38,1]   1.473  1.627 -0.341
ilr.fac1[39,1]  -1.011  0.742  0.822
ilr.fac1[40,1]  -1.047  1.412 -1.729
ilr.fac1[41,1]  -1.545 -0.523 -0.284
ilr.fac1[42,1]  -0.713 -0.864 -0.304
ilr.fac1[43,1]   0.628  0.418  0.784
ilr.fac1[44,1]   0.199 -0.755  0.646
ilr.fac1[45,1]   0.080 -0.784 -1.537
ilr.fac1[46,1]   0.602 -0.255  1.960
ilr.fac1[47,1]   1.055  1.742  0.048
ilr.fac1[48,1]  -0.268  1.118  0.732
ilr.fac1[49,1]  -1.527  1.264 -0.561
ilr.fac1[50,1]  -0.377 -2.359  1.034
ilr.fac1[51,1]   0.422  0.766 -0.650
ilr.fac1[52,1]   2.845 -0.310  2.540
ilr.fac1[53,1]   1.353  0.046  0.822
ilr.fac1[54,1]   1.562 -0.776  0.741
ilr.fac1[55,1]  -0.573  0.195 -1.780
ilr.fac1[56,1]   0.194  0.965  1.170
ilr.fac1[57,1]  -0.829  1.519 -0.529
ilr.fac1[58,1]  -0.198  2.064  1.333
ilr.fac1[59,1]  -0.769 -0.124  0.335
ilr.fac1[60,1]   0.206  1.825  0.990
ilr.fac1[61,1]   0.156  0.271 -0.364
ilr.fac1[62,1]   0.069  0.498  0.708
ilr.fac1[63,1]   0.194  0.402  0.093
ilr.fac1[64,1]  -1.838 -0.286 -0.247
ilr.fac1[65,1]  -0.375 -1.533  1.382
ilr.fac1[66,1]   1.271  2.089  1.236
ilr.fac1[67,1]  -1.190 -0.794  0.299
ilr.fac1[68,1]  -0.237  1.059 -0.817
ilr.fac1[69,1]   2.413 -0.980 -0.563
ilr.fac1[70,1]  -1.039  0.057  1.077
ilr.fac1[71,1]  -1.998 -1.377  0.025
ilr.fac1[72,1]   0.067 -0.178  0.478
ilr.fac1[73,1]  -0.858  1.992 -0.240
ilr.fac1[74,1]   0.657  0.966 -0.264
ilr.fac1[75,1]  -0.938  0.005 -0.239
ilr.fac1[76,1]  -1.303  0.658  0.979
ilr.fac1[77,1]  -0.353 -0.914 -0.566
ilr.fac1[78,1]   0.315  0.474 -0.184
ilr.fac1[79,1]  -1.173  0.591 -0.630
ilr.fac1[80,1]   1.314  0.760  0.053
ilr.fac1[81,1]  -1.792  0.541 -0.704
ilr.fac1[82,1]   0.532 -0.544 -0.925
ilr.fac1[83,1]  -0.063 -0.796 -0.492
ilr.fac1[84,1]   0.289  1.347 -0.409
ilr.fac1[85,1]  -1.146  1.604 -0.934
ilr.fac1[86,1]   1.397 -0.027  0.356
ilr.fac1[87,1]   0.424 -0.131  1.117
ilr.fac1[88,1]   0.135 -1.403  1.418
ilr.fac1[89,1]  -1.112  1.056  0.314
ilr.fac1[90,1]  -0.408  2.080  0.971
ilr.fac1[91,1]   0.032 -0.453 -1.257
ilr.fac1[92,1]  -0.420 -0.135 -0.831
ilr.fac1[93,1]  -0.386 -0.216  0.979
ilr.fac1[94,1]  -0.646 -2.033  0.505
ilr.fac1[95,1]  -0.160 -0.113  0.697
ilr.fac1[96,1]   0.879  0.755 -0.623
ilr.fac1[97,1]   0.850 -0.447 -0.632
ilr.fac1[98,1]   0.991  0.622 -0.090
ilr.fac1[99,1]   0.832  1.354  0.408
ilr.fac1[100,1]  1.052 -1.540  0.018
ilr.fac1[101,1]  0.899  0.402 -1.584
ilr.fac1[102,1] -0.276  0.320  0.750
ilr.fac1[103,1] -0.433  2.272  2.253
ilr.fac1[104,1]  0.137  0.704  0.157
ilr.fac1[105,1]  1.522  0.728 -0.145
ilr.fac1[106,1]  0.060 -1.474 -0.291
ilr.fac1[107,1]  1.337 -0.308  0.900
ilr.fac1[108,1] -1.148  1.016  0.713
ilr.fac1[109,1]  1.660 -0.099 -0.379
ilr.fac1[110,1] -0.545  0.185 -0.653
ilr.fac1[111,1] -0.370  0.795 -0.882
ilr.fac1[2,2]   -0.516 -0.328 -1.845
ilr.fac1[3,2]    0.427 -0.253  0.278
ilr.fac1[4,2]   -1.395 -0.406 -0.243
ilr.fac1[5,2]   -0.067 -0.168  0.031
ilr.fac1[6,2]    0.449  1.296  1.972
ilr.fac1[7,2]    0.809 -0.311  0.800
ilr.fac1[8,2]    1.162 -0.691  0.431
ilr.fac1[9,2]    0.858 -0.724 -0.378
ilr.fac1[10,2]   1.022 -1.290 -1.487
ilr.fac1[11,2]  -0.394 -0.691  0.683
ilr.fac1[12,2]  -0.118  0.336 -1.759
ilr.fac1[13,2]  -0.644 -3.439  1.630
ilr.fac1[14,2]  -0.451 -0.923 -0.237
ilr.fac1[15,2]   1.109  0.912 -0.422
ilr.fac1[16,2]   1.109 -0.568  1.255
ilr.fac1[17,2]   0.160  0.181 -0.432
ilr.fac1[18,2]   1.118 -0.560 -0.276
ilr.fac1[19,2]  -0.867 -0.498  0.493
ilr.fac1[20,2]   0.455 -0.212 -0.374
ilr.fac1[21,2]   1.439  0.342 -0.240
ilr.fac1[22,2]  -0.874 -0.548 -0.967
ilr.fac1[23,2]  -0.052  0.996 -0.047
ilr.fac1[24,2]   1.166  0.828 -0.563
ilr.fac1[25,2]  -0.697  1.549  0.886
ilr.fac1[26,2]  -1.619 -1.876  3.058
ilr.fac1[27,2]   0.652  0.013 -0.082
ilr.fac1[28,2]   0.214 -0.170 -1.025
ilr.fac1[29,2]  -0.115 -1.261  0.972
ilr.fac1[30,2]  -1.070 -1.112  0.409
ilr.fac1[31,2]   1.745  1.981  2.235
ilr.fac1[32,2]   0.006  1.247  0.710
ilr.fac1[33,2]  -0.758 -1.429 -0.875
ilr.fac1[34,2]   0.103 -2.012  0.269
ilr.fac1[35,2]   0.466 -0.647  0.308
ilr.fac1[36,2]   0.756  0.979 -1.428
ilr.fac1[37,2]  -0.698 -0.728  0.421
ilr.fac1[38,2]  -1.177 -0.680  0.040
ilr.fac1[39,2]  -0.551 -0.313  1.265
ilr.fac1[40,2]   1.255  0.616 -0.061
ilr.fac1[41,2]  -0.365 -1.762  0.791
ilr.fac1[42,2]  -0.530 -1.068  0.880
ilr.fac1[43,2]  -0.970 -1.724  0.713
ilr.fac1[44,2]  -0.499  0.792  1.386
ilr.fac1[45,2]  -0.379 -1.172 -1.195
ilr.fac1[46,2]   1.283  1.481  1.873
ilr.fac1[47,2]   0.215  0.454 -0.037
ilr.fac1[48,2]  -0.809  0.319  1.361
ilr.fac1[49,2]  -1.511  0.818 -0.280
ilr.fac1[50,2]   0.123  0.337  1.146
ilr.fac1[51,2]   0.247 -0.908 -1.724
ilr.fac1[52,2]   1.230 -1.061  0.220
ilr.fac1[53,2]   1.073  1.007  1.210
ilr.fac1[54,2]   1.042 -0.921  0.676
ilr.fac1[55,2]   0.659  2.491  1.284
ilr.fac1[56,2]  -0.396  0.854  1.452
ilr.fac1[57,2]   0.342 -1.279 -0.389
ilr.fac1[58,2]  -0.725  1.269  0.489
ilr.fac1[59,2]  -0.327 -2.240  0.594
ilr.fac1[60,2]   0.435  0.469 -1.103
ilr.fac1[61,2]  -1.453  0.252  0.465
ilr.fac1[62,2]   1.583 -1.164  0.733
ilr.fac1[63,2]   0.874  1.692 -0.020
ilr.fac1[64,2]  -1.515 -1.874  0.898
ilr.fac1[65,2]  -1.043 -1.516 -0.452
ilr.fac1[66,2]   1.398 -0.047  0.366
ilr.fac1[67,2]  -1.990  1.147 -0.770
ilr.fac1[68,2]  -0.025 -0.336 -2.274
ilr.fac1[69,2]   1.391 -0.542 -0.645
ilr.fac1[70,2]   0.210 -0.864  2.275
ilr.fac1[71,2]   0.500 -0.452  0.095
ilr.fac1[72,2]   0.676  0.074  2.717
ilr.fac1[73,2]  -1.567  2.235 -0.765
ilr.fac1[74,2]  -0.185  0.686  0.584
ilr.fac1[75,2]   1.097  1.482  0.915
ilr.fac1[76,2]  -0.009 -0.395  0.912
ilr.fac1[77,2]   0.122 -0.095 -0.070
ilr.fac1[78,2]   0.173  1.783  0.907
ilr.fac1[79,2]  -1.773 -0.823 -1.110
ilr.fac1[80,2]  -0.926  0.704  0.161
ilr.fac1[81,2]  -1.070 -0.581  1.726
ilr.fac1[82,2]  -0.111  0.175  0.725
ilr.fac1[83,2]  -1.651 -0.588 -0.830
ilr.fac1[84,2]  -0.901 -0.635  1.212
ilr.fac1[85,2]  -0.254  1.446 -0.458
ilr.fac1[86,2]  -0.494 -0.275  1.044
ilr.fac1[87,2]   0.287  0.921  0.640
ilr.fac1[88,2]  -0.470  1.134  1.988
ilr.fac1[89,2]  -1.562  0.657  1.676
ilr.fac1[90,2]   1.124 -0.827 -1.529
ilr.fac1[91,2]   0.112  0.100 -0.103
ilr.fac1[92,2]  -0.658  0.880 -0.274
ilr.fac1[93,2]   1.119 -0.515  0.259
ilr.fac1[94,2]   0.418 -0.811  0.986
ilr.fac1[95,2]  -1.822  1.281  0.778
ilr.fac1[96,2]  -1.241  2.001  1.195
ilr.fac1[97,2]   0.923  0.300  1.604
ilr.fac1[98,2]   0.869 -0.123  0.274
ilr.fac1[99,2]  -0.095  1.117 -1.131
ilr.fac1[100,2]  0.198  1.706  0.345
ilr.fac1[101,2]  1.312 -0.875 -0.199
ilr.fac1[102,2] -2.192  0.671  0.355
ilr.fac1[103,2]  1.224 -0.210  0.910
ilr.fac1[104,2]  2.781 -0.477  0.470
ilr.fac1[105,2]  1.551  0.783 -0.005
ilr.fac1[106,2]  0.577 -0.545 -1.540
ilr.fac1[107,2] -0.587 -0.738  1.890
ilr.fac1[108,2]  0.556  2.073 -2.472
ilr.fac1[109,2]  0.014  0.387 -0.564
ilr.fac1[110,2] -0.501  0.979 -0.087
ilr.fac1[111,2]  0.807 -0.808 -0.414
loglik[1]       -0.701  0.940 -0.084
loglik[2]        0.895  0.379  0.972
loglik[3]        0.244 -0.955 -0.290
loglik[4]        0.258 -0.675 -0.893
loglik[5]        0.232 -1.153  0.517
loglik[6]        0.885 -1.528 -0.813
loglik[7]        0.164 -0.179 -1.068
loglik[8]        2.164 -1.730  0.985
loglik[9]        0.672 -0.726 -1.539
loglik[10]      -0.389 -0.858 -0.504
loglik[11]      -0.670  0.759 -0.921
loglik[12]      -0.085  0.743  1.583
loglik[13]      -0.363 -0.470 -0.010
loglik[14]       0.322  0.661 -0.718
loglik[15]      -0.076 -0.588  0.275
loglik[16]      -0.244 -0.650  1.147
loglik[17]      -0.144  0.027 -0.938
loglik[18]       0.269 -0.402  1.098
loglik[19]       0.612  0.608  0.139
loglik[20]       0.582 -0.957  0.233
loglik[21]       0.481 -1.432 -0.239
loglik[22]       0.503 -0.872 -0.777
loglik[23]      -0.064 -0.184  0.106
loglik[24]      -0.311 -0.162 -0.141
loglik[25]       0.097  1.813  0.948
loglik[26]      -0.924  0.132  1.957
loglik[27]       0.051 -0.998 -0.093
loglik[28]      -0.651  0.291 -1.742
loglik[29]      -1.701  0.259  1.258
loglik[30]      -0.482  0.107  0.559
loglik[31]      -0.418  0.659 -1.291
loglik[32]       1.324  2.052 -0.592
loglik[33]       0.722  1.567  1.931
loglik[34]       0.406 -1.259 -0.548
loglik[35]      -0.068  0.137 -0.110
loglik[36]       0.704  1.097 -1.932
loglik[37]      -1.135  0.255  0.367
loglik[38]      -1.004  0.466  0.416
loglik[39]      -0.996  0.617  0.567
loglik[40]      -1.022  0.530  1.056
loglik[41]       0.168  0.989 -0.445
loglik[42]       1.849  0.308  0.911
loglik[43]      -1.040 -1.865 -0.372
loglik[44]       0.393  0.070 -0.384
loglik[45]       0.457  1.237  0.742
loglik[46]       0.266  0.595  0.560
loglik[47]       2.330 -1.449 -0.167
loglik[48]      -1.748  0.969  0.291
loglik[49]       0.129 -0.181  1.840
loglik[50]       1.219  1.439  0.807
loglik[51]       0.640  0.711  1.264
loglik[52]       0.192  1.521  0.628
loglik[53]       1.037  1.547  0.666
loglik[54]       0.213 -0.704  1.523
loglik[55]       0.565 -1.254 -0.839
loglik[56]      -0.509  2.430 -3.470
loglik[57]       0.227 -0.595 -1.915
loglik[58]       2.142  0.866  0.265
loglik[59]      -2.189 -1.252  0.414
loglik[60]       0.347 -0.634  3.002
loglik[61]       0.424  1.158  0.558
loglik[62]      -0.196  1.710 -0.035
loglik[63]      -0.873  0.254  0.148
loglik[64]      -1.986 -0.013  1.632
loglik[65]      -1.315  1.873 -0.126
loglik[66]      -0.612  0.456 -0.828
loglik[67]      -1.097  0.726  0.447
loglik[68]       0.089 -0.281 -1.765
loglik[69]       2.794 -1.289  1.064
loglik[70]      -0.249 -1.556 -0.687
loglik[71]      -0.642  0.866  1.443
loglik[72]      -0.787 -0.295  0.077
loglik[73]      -1.509  0.751  0.330
loglik[74]      -1.523 -0.460  0.976
loglik[75]       0.069  0.296  2.780
loglik[76]       0.110 -1.007 -0.347
loglik[77]      -1.144  2.331 -1.470
loglik[78]       0.460  1.916  1.943
loglik[79]       0.928  0.678  2.586
loglik[80]       0.239  1.501  0.807
loglik[81]      -0.731 -0.353  0.796
loglik[82]      -0.031 -0.942 -0.852
loglik[83]       0.689 -0.047 -0.562
loglik[84]       0.849 -0.734 -0.441
loglik[85]      -0.323 -1.348 -0.100
loglik[86]      -0.332 -0.685  1.681
loglik[87]       1.662 -1.999  0.646
loglik[88]       0.221  1.768  0.689
loglik[89]      -0.760  0.556  2.227
loglik[90]      -1.706  1.493  0.300
loglik[91]      -1.693  0.756  0.467
loglik[92]      -0.327 -0.289  0.283
loglik[93]       0.393  0.899 -0.540
loglik[94]      -0.976 -0.462 -0.019
loglik[95]       0.435  0.314  0.821
loglik[96]       1.009 -1.715 -1.078
loglik[97]      -0.202  1.557  0.452
loglik[98]       1.693  0.658 -0.048
loglik[99]       2.117  0.253  0.440
loglik[100]      1.312 -0.607 -0.845
loglik[101]      0.020  0.857  0.601
loglik[102]     -0.444 -0.622  0.971
loglik[103]      0.711  1.684 -0.378
loglik[104]      0.050 -0.527  0.610
loglik[105]     -0.220  0.363 -2.275
loglik[106]     -0.144 -0.359  1.071
loglik[107]      1.424  0.869  0.327
loglik[108]     -1.526  0.822  0.985
loglik[109]      1.324 -1.091  0.413
loglik[110]      0.571 -0.436  0.810
loglik[111]     -0.778  0.672 -0.648
p.fac1[1,1]      0.485 -1.315 -0.470
p.fac1[2,1]     -1.138 -0.696 -3.198
p.fac1[3,1]      1.432  1.569  0.480
p.fac1[4,1]      0.102  1.110 -1.590
p.fac1[5,1]     -0.396  1.517 -0.738
p.fac1[6,1]      0.746  1.508 -0.719
p.fac1[7,1]      0.878 -0.369 -0.638
p.fac1[8,1]      1.971 -1.706 -0.095
p.fac1[9,1]     -0.122 -0.652  0.796
p.fac1[10,1]     1.628 -1.264 -1.693
p.fac1[11,1]    -0.809  1.559  0.050
p.fac1[12,1]    -2.264 -0.084  0.269
p.fac1[13,1]    -1.572  0.560  0.073
p.fac1[14,1]    -0.103 -1.949  0.677
p.fac1[15,1]     0.012 -0.406  0.715
p.fac1[16,1]    -0.797  0.278  0.684
p.fac1[17,1]     0.197 -1.708  0.244
p.fac1[18,1]     0.338  0.304  0.536
p.fac1[19,1]     0.697  1.810 -0.610
p.fac1[20,1]     1.298  0.325 -0.293
p.fac1[21,1]     0.758  2.068  1.012
p.fac1[22,1]    -0.494 -1.093  1.938
p.fac1[23,1]    -0.335  1.418 -1.907
p.fac1[24,1]    -0.461  0.425  0.363
p.fac1[25,1]    -0.020  0.148 -0.709
p.fac1[26,1]    -1.533  0.976  0.773
p.fac1[27,1]     1.049  0.700  0.426
p.fac1[28,1]    -0.530  0.089 -1.701
p.fac1[29,1]    -0.638  1.518  0.639
p.fac1[30,1]    -0.363  0.618 -0.212
p.fac1[31,1]     0.591  1.043  1.226
p.fac1[32,1]     0.185  1.378 -0.600
p.fac1[33,1]    -0.022  0.690 -0.002
p.fac1[34,1]     0.429 -2.693  0.636
p.fac1[35,1]     0.064 -0.319  0.136
p.fac1[36,1]    -0.961 -0.822 -1.455
p.fac1[37,1]     0.115  0.183 -0.624
p.fac1[38,1]     1.477  1.067 -0.058
p.fac1[39,1]    -1.173  0.005  0.866
p.fac1[40,1]    -0.454  1.130 -2.145
p.fac1[41,1]    -1.201 -1.794 -0.313
p.fac1[42,1]    -1.214 -1.016 -0.376
p.fac1[43,1]     0.939 -0.383  0.634
p.fac1[44,1]     0.131 -1.265  0.503
p.fac1[45,1]    -0.070 -1.018 -1.740
p.fac1[46,1]     0.709 -0.273  1.306
p.fac1[47,1]     0.979  0.963 -0.340
p.fac1[48,1]    -0.434  1.290  0.904
p.fac1[49,1]    -1.873  0.776 -0.772
p.fac1[50,1]    -0.695 -3.008  1.377
p.fac1[51,1]     0.464 -0.309 -2.268
p.fac1[52,1]     3.248 -0.452  1.809
p.fac1[53,1]     1.818 -0.753  1.194
p.fac1[54,1]     0.788 -1.091  1.072
p.fac1[55,1]    -0.779 -0.172 -1.568
p.fac1[56,1]     0.368  0.519  0.865
p.fac1[57,1]    -0.385 -0.576 -1.240
p.fac1[58,1]    -0.606  1.441  0.999
p.fac1[59,1]    -0.825 -1.732  0.401
p.fac1[60,1]     0.379  1.197  0.643
p.fac1[61,1]     0.234 -0.397 -0.048
p.fac1[62,1]     0.593 -0.066  0.431
p.fac1[63,1]     0.365  0.272 -0.024
p.fac1[64,1]    -1.963 -1.011 -0.127
p.fac1[65,1]    -0.604 -1.925  0.261
p.fac1[66,1]     1.870  1.648  1.372
p.fac1[67,1]    -1.456 -1.252 -0.185
p.fac1[68,1]    -0.203  0.302 -1.121
p.fac1[69,1]     2.948 -1.373 -0.960
p.fac1[70,1]    -0.289 -1.293  1.793
p.fac1[71,1]    -2.046 -1.923  0.254
p.fac1[72,1]     0.534 -0.751  1.170
p.fac1[73,1]    -0.959  1.450 -0.586
p.fac1[74,1]     0.202  1.130 -0.307
p.fac1[75,1]     0.428  0.653 -0.200
p.fac1[76,1]    -0.283 -0.349  1.265
p.fac1[77,1]    -0.002 -1.105 -0.528
p.fac1[78,1]     0.011  0.217 -0.373
p.fac1[79,1]    -1.140 -0.561 -1.458
p.fac1[80,1]     0.696 -0.204 -0.160
p.fac1[81,1]    -1.189 -1.147 -0.615
p.fac1[82,1]     0.606 -1.003 -0.867
p.fac1[83,1]    -0.348 -1.488 -0.378
p.fac1[84,1]     0.172  0.321 -0.190
p.fac1[85,1]    -1.009  1.627 -1.099
p.fac1[86,1]     1.302 -0.583  0.311
p.fac1[87,1]     1.077 -0.643  1.484
p.fac1[88,1]     0.310 -1.176  1.673
p.fac1[89,1]    -1.158  0.443  0.554
p.fac1[90,1]     0.125  0.796  0.559
p.fac1[91,1]     0.142 -0.439 -1.465
p.fac1[92,1]    -0.090 -0.241 -1.128
p.fac1[93,1]    -0.159 -0.582  0.714
p.fac1[94,1]    -0.254 -2.840  0.827
p.fac1[95,1]    -1.393 -0.764  1.095
p.fac1[96,1]     0.344  1.298 -0.157
p.fac1[97,1]     1.519 -1.508  0.219
p.fac1[98,1]     1.610 -0.124 -0.055
p.fac1[99,1]     0.491  0.996 -0.657
p.fac1[100,1]    0.914 -1.490  0.002
p.fac1[101,1]    1.094 -0.021 -1.628
p.fac1[102,1]   -1.678 -0.050  0.479
p.fac1[103,1]    0.909  0.858  1.744
p.fac1[104,1]    2.674  0.127  0.034
p.fac1[105,1]    2.311  0.769 -0.564
p.fac1[106,1]    0.367 -1.966 -0.480
p.fac1[107,1]    0.736 -0.729  0.901
p.fac1[108,1]   -0.865  2.608 -2.221
p.fac1[109,1]    1.606 -0.291 -0.868
p.fac1[110,1]   -0.433  0.328 -0.793
p.fac1[111,1]    0.341  0.166 -1.709
p.fac1[1,2]     -0.410  1.281 -0.418
p.fac1[2,2]      1.160  1.534  1.124
p.fac1[3,2]     -0.746 -1.337 -0.831
p.fac1[4,2]     -0.373 -1.296  0.624
p.fac1[5,2]      0.540 -1.686  0.372
p.fac1[6,2]     -0.979 -0.660  2.318
p.fac1[7,2]     -0.384  0.822  1.203
p.fac1[8,2]     -1.613  1.803 -0.209
p.fac1[9,2]      1.173  0.399 -1.776
p.fac1[10,2]    -1.911  0.978  1.433
p.fac1[11,2]     0.696 -1.149 -0.764
p.fac1[12,2]     2.553  0.274 -2.007
p.fac1[13,2]     1.266 -1.753  0.691
p.fac1[14,2]    -0.001  0.580 -0.758
p.fac1[15,2]     0.789  1.496 -0.801
p.fac1[16,2]     2.280 -0.471 -0.254
p.fac1[17,2]     0.217  1.832 -0.609
p.fac1[18,2]     0.258 -1.429 -1.140
p.fac1[19,2]    -1.053 -1.459  0.189
p.fac1[20,2]    -2.075 -0.375  0.044
p.fac1[21,2]    -0.287 -1.943 -0.972
p.fac1[22,2]     0.197  0.977 -1.069
p.fac1[23,2]     0.354 -0.980  1.731
p.fac1[24,2]    -0.079  0.379 -1.493
p.fac1[25,2]    -0.102  0.630  0.811
p.fac1[26,2]     0.899 -1.812  0.484
p.fac1[27,2]    -0.657 -0.660 -0.766
p.fac1[28,2]     0.880 -0.066  0.733
p.fac1[29,2]     0.694 -1.479 -1.051
p.fac1[30,2]    -1.043 -0.768 -0.541
p.fac1[31,2]    -0.058 -0.571 -0.492
p.fac1[32,2]    -0.096 -1.433  1.066
p.fac1[33,2]    -0.292 -1.514 -0.292
p.fac1[34,2]    -1.179  0.669 -1.020
p.fac1[35,2]     0.398  0.253  0.471
p.fac1[36,2]     0.820  1.032  0.520
p.fac1[37,2]    -0.248 -0.167  0.352
p.fac1[38,2]    -1.990 -1.044  0.162
p.fac1[39,2]     0.917  0.021 -0.429
p.fac1[40,2]     2.336 -0.017  1.131
p.fac1[41,2]     1.433 -0.714  0.442
p.fac1[42,2]     1.175  0.968  0.463
p.fac1[43,2]    -1.203 -0.149 -0.661
p.fac1[44,2]    -0.396  2.212 -0.199
p.fac1[45,2]    -0.403  0.446 -0.167
p.fac1[46,2]     0.370  2.238 -0.577
p.fac1[47,2]    -0.658 -0.481 -0.155
p.fac1[48,2]     0.329 -0.867 -0.783
p.fac1[49,2]     1.026  0.028  0.262
p.fac1[50,2]     0.781  3.116 -0.974
p.fac1[51,2]    -0.211 -0.909 -1.369
p.fac1[52,2]    -2.517  0.209 -2.447
p.fac1[53,2]    -0.969  1.309  0.126
p.fac1[54,2]    -2.236  1.196 -0.460
p.fac1[55,2]     0.837  1.627  1.754
p.fac1[56,2]    -0.793  0.301 -0.417
p.fac1[57,2]     0.916 -1.234 -0.145
p.fac1[58,2]    -0.299 -0.472 -1.420
p.fac1[59,2]    -0.183 -0.039  0.176
p.fac1[60,2]     0.363 -0.617 -1.629
p.fac1[61,2]    -0.042  0.239  0.127
p.fac1[62,2]     1.087 -0.772 -0.939
p.fac1[63,2]    -0.088  1.009 -0.985
p.fac1[64,2]     1.283  0.127  1.435
p.fac1[65,2]    -0.115  1.104 -1.753
p.fac1[66,2]    -1.400 -1.710 -0.467
p.fac1[67,2]     0.267  1.945 -0.472
p.fac1[68,2]    -0.101 -0.575  0.520
p.fac1[69,2]    -1.853  1.392  0.095
p.fac1[70,2]     0.657  0.360  0.503
p.fac1[71,2]     1.796  1.896 -0.032
p.fac1[72,2]     0.345  1.006  0.179
p.fac1[73,2]    -0.461 -0.318 -0.576
p.fac1[74,2]    -0.326  0.183 -0.212
p.fac1[75,2]     1.522  1.899  0.504
p.fac1[76,2]     0.543 -0.159 -1.037
p.fac1[77,2]     0.426  1.735  0.783
p.fac1[78,2]    -0.359  0.836  0.683
p.fac1[79,2]     0.149 -0.094  0.047
p.fac1[80,2]    -2.090  0.142  0.028
p.fac1[81,2]     1.770  0.032  0.757
p.fac1[82,2]    -0.354  0.949  1.007
p.fac1[83,2]    -0.253  0.973 -0.020
p.fac1[84,2]    -1.053 -0.889  0.949
p.fac1[85,2]     0.809 -0.039  0.294
p.fac1[86,2]    -1.796  0.617 -0.139
p.fac1[87,2]     0.017  1.126 -0.389
p.fac1[88,2]    -0.139  1.696 -1.128
p.fac1[89,2]     0.926 -0.097 -0.028
p.fac1[90,2]     0.397 -0.715 -1.204
p.fac1[91,2]    -0.007  1.427  0.659
p.fac1[92,2]    -0.362  1.657 -0.008
p.fac1[93,2]     0.851  0.187 -1.278
p.fac1[94,2]     0.897  2.234 -0.460
p.fac1[95,2]    -0.480  0.763 -0.404
p.fac1[96,2]    -1.381  1.051  0.686
p.fac1[97,2]    -0.987  1.290  0.564
p.fac1[98,2]    -1.079  0.261  0.001
p.fac1[99,2]    -0.974 -0.137 -0.915
p.fac1[100,2]   -1.223  2.814  0.143
p.fac1[101,2]    0.306 -1.123  1.217
p.fac1[102,2]   -1.018  0.812 -0.939
p.fac1[103,2]    1.053 -0.942 -1.574
p.fac1[104,2]    0.699 -0.091  0.148
p.fac1[105,2]   -0.580  0.455 -0.711
p.fac1[106,2]    0.143  1.654 -0.381
p.fac1[107,2]   -1.663  0.904 -0.275
p.fac1[108,2]    1.259 -0.249 -0.985
p.fac1[109,2]   -1.944  0.640 -0.082
p.fac1[110,2]    0.261  1.102  0.337
p.fac1[111,2]    0.161 -0.908  0.766
p.fac1[1,3]     -0.215 -0.524  2.146
p.fac1[2,3]     -0.021 -0.535  2.042
p.fac1[3,3]     -1.936  0.566  0.967
p.fac1[4,3]      0.641  0.889  1.487
p.fac1[5,3]     -0.176  0.175  0.406
p.fac1[6,3]      0.161 -1.444 -2.100
p.fac1[7,3]     -0.772 -0.468 -0.647
p.fac1[8,3]     -1.020  0.415  0.384
p.fac1[9,3]     -1.698  0.405  1.457
p.fac1[10,3]     0.160  0.723  1.077
p.fac1[11,3]     0.285 -0.725  0.561
p.fac1[12,3]    -0.169 -0.168  1.699
p.fac1[13,3]     0.518  2.130 -1.436
p.fac1[14,3]     0.131  1.665  0.022
p.fac1[15,3]    -1.147 -1.510  0.092
p.fac1[16,3]    -2.291  0.347 -0.581
p.fac1[17,3]    -0.732  0.163  0.319
p.fac1[18,3]    -0.712  0.982  0.597
p.fac1[19,3]     0.294 -0.464  0.455
p.fac1[20,3]     0.864  0.109  0.622
p.fac1[21,3]    -1.054  0.477  0.272
p.fac1[22,3]     0.230  0.301 -0.697
p.fac1[23,3]     0.052 -1.123 -0.006
p.fac1[24,3]     0.618 -1.177  1.232
p.fac1[25,3]     0.237 -1.683 -0.287
p.fac1[26,3]     1.222  0.539 -1.699
p.fac1[27,3]    -0.608  0.132  0.908
p.fac1[28,3]    -0.539 -0.041  1.302
p.fac1[29,3]    -0.107 -0.119  0.320
p.fac1[30,3]     1.431 -0.143  0.786
p.fac1[31,3]    -1.177 -1.723 -1.663
p.fac1[32,3]    -0.199 -2.122 -0.596
p.fac1[33,3]     0.439  0.817  0.397
p.fac1[34,3]     0.268  2.604  0.075
p.fac1[35,3]    -0.630  0.144 -1.112
p.fac1[36,3]     0.300 -0.030  1.281
p.fac1[37,3]     0.343  0.051  0.419
p.fac1[38,3]     1.528  0.132 -0.283
p.fac1[39,3]     0.327 -0.066 -0.897
p.fac1[40,3]    -2.108 -1.076  0.653
p.fac1[41,3]     0.051  1.720 -0.056
p.fac1[42,3]    -0.208  0.052 -0.096
p.fac1[43,3]     0.933  1.103  0.305
p.fac1[44,3]     0.426 -1.998 -0.325
p.fac1[45,3]     0.419  0.559  1.895
p.fac1[46,3]    -1.285 -2.538 -0.607
p.fac1[47,3]    -0.300 -0.700  0.782
p.fac1[48,3]     0.068 -1.021 -0.478
p.fac1[49,3]     1.374 -1.101  0.734
p.fac1[50,3]    -0.370 -1.191 -0.585
p.fac1[51,3]    -0.266  0.680  2.333
p.fac1[52,3]    -0.896  0.338  1.134
p.fac1[53,3]    -1.459 -0.866 -2.343
p.fac1[54,3]     0.512  0.286 -0.880
p.fac1[55,3]    -0.174 -2.688 -0.495
p.fac1[56,3]     0.678 -1.380 -0.660
p.fac1[57,3]    -0.289  1.082  1.173
p.fac1[58,3]     1.022 -1.141  0.500
p.fac1[59,3]     1.043  1.828 -0.603
p.fac1[60,3]    -1.210 -1.217  0.990
p.fac1[61,3]    -0.411  0.232 -0.194
p.fac1[62,3]    -1.628  0.636  0.415
p.fac1[63,3]    -0.586 -2.843  1.602
p.fac1[64,3]     1.496  1.595 -0.768
p.fac1[65,3]     0.653  1.682  1.023
p.fac1[66,3]    -1.566 -0.371 -1.979
p.fac1[67,3]     1.491 -1.443  0.745
p.fac1[68,3]     0.449  0.375  1.240
p.fac1[69,3]    -1.189 -0.108  1.299
p.fac1[70,3]    -0.043  0.856 -1.709
p.fac1[71,3]     0.176 -0.591 -0.408
p.fac1[72,3]    -1.173 -0.061 -2.229
p.fac1[73,3]     1.898 -1.825  1.466
p.fac1[74,3]    -0.017 -0.962  0.333
p.fac1[75,3]    -1.251 -1.496 -0.104
p.fac1[76,3]    -0.378  0.482 -0.294
p.fac1[77,3]    -0.319  0.017  0.010
p.fac1[78,3]     0.569 -2.489 -0.684
p.fac1[79,3]     1.253  0.706  1.778
p.fac1[80,3]     1.498  0.126  0.192
p.fac1[81,3]    -0.333  1.245  0.011
p.fac1[82,3]    -0.526  0.047 -0.566
p.fac1[83,3]     1.004  0.494  0.654
p.fac1[84,3]     0.844  0.633 -0.883
p.fac1[85,3]     0.126 -1.512  0.727
p.fac1[86,3]     0.805 -0.125 -0.250
p.fac1[87,3]    -1.680 -0.391 -1.324
p.fac1[88,3]    -0.264  0.176 -1.489
p.fac1[89,3]     0.617 -0.453 -0.628
p.fac1[90,3]    -0.654 -0.246  0.680
p.fac1[91,3]    -0.134 -0.924  0.786
p.fac1[92,3]     0.406 -1.285  0.982
p.fac1[93,3]    -1.069  0.359  0.702
p.fac1[94,3]    -0.612  0.675 -0.427
p.fac1[95,3]     1.863  0.253 -0.934
p.fac1[96,3]     0.660 -2.040 -0.456
p.fac1[97,3]    -0.604  0.057 -0.841
p.fac1[98,3]    -0.769 -0.163  0.076
p.fac1[99,3]     0.377 -1.012  1.606
p.fac1[100,3]    0.362 -1.369 -0.198
p.fac1[101,3]   -1.644  1.243  0.505
p.fac1[102,3]    2.174 -0.510  0.208
p.fac1[103,3]   -1.700 -0.052 -0.566
p.fac1[104,3]   -3.564 -0.036 -0.189
p.fac1[105,3]   -1.699 -1.073  0.928
p.fac1[106,3]   -0.972  0.501  1.486
p.fac1[107,3]    1.068 -0.373 -0.897
p.fac1[108,3]   -0.091 -2.448  2.861
p.fac1[109,3]    0.224 -0.497  0.988
p.fac1[110,3]    0.249 -1.129  0.521
p.fac1[111,3]   -0.471  0.517  1.210
p.global[1]      0.485 -1.315 -0.470
p.global[2]     -0.410  1.281 -0.418
p.global[3]     -0.215 -0.524  2.146
