
################################################################################
# Gelman-Rubin Diagnostic
################################################################################

Generally the Gelman diagnostic should be < 1.05


Out of 514 variables: 9 > 1.01

                      
0 > 1.05

                      
0 > 1.1


The worst variables are:

             Point est. Upper C.I.
p.fac1[43,1]   1.046856   1.072037
p.fac1[69,1]   1.031891   1.047539
p.fac1[19,1]   1.031820   1.045405
p.fac1[49,1]   1.029047   1.040758
p.fac1[21,1]   1.025207   1.032843
p.fac1[17,1]   1.024523   1.036153
p.fac1[62,1]   1.016092   1.017706
p.fac1[64,1]   1.010722   1.013994
p.fac1[2,1]    1.010310   1.013637
p.fac1[14,1]   1.009816   1.015823


And here are the Gelman diagnostics for all variables:

               Point est. Upper C.I.
deviance        0.9998572  1.0001072
ilr.fac1[1,1]         NaN        NaN
ilr.fac1[2,1]   0.9999776  1.0007490
ilr.fac1[3,1]   1.0002157  1.0015800
ilr.fac1[4,1]   1.0000173  1.0004139
ilr.fac1[5,1]   0.9997301  0.9998531
ilr.fac1[6,1]   0.9998843  1.0003785
ilr.fac1[7,1]   1.0000878  1.0011846
ilr.fac1[8,1]   0.9999774  1.0007759
ilr.fac1[9,1]   0.9997457  0.9997985
ilr.fac1[10,1]  0.9997736  0.9998419
ilr.fac1[11,1]  1.0005096  1.0021330
ilr.fac1[12,1]  1.0001145  1.0012722
ilr.fac1[13,1]  1.0012210  1.0039033
ilr.fac1[14,1]  1.0009488  1.0023926
ilr.fac1[15,1]  1.0000025  1.0004290
ilr.fac1[16,1]  1.0008546  1.0039713
ilr.fac1[17,1]  1.0000449  1.0010059
ilr.fac1[18,1]  1.0001401  1.0012727
ilr.fac1[19,1]  1.0004893  1.0025853
ilr.fac1[20,1]  1.0005507  1.0020071
ilr.fac1[21,1]  0.9997056  0.9997884
ilr.fac1[22,1]  0.9998315  1.0002466
ilr.fac1[23,1]  1.0005526  1.0020675
ilr.fac1[24,1]  0.9999502  1.0002064
ilr.fac1[25,1]  1.0010585  1.0047270
ilr.fac1[26,1]  1.0007262  1.0032426
ilr.fac1[27,1]  0.9997615  0.9998817
ilr.fac1[28,1]  1.0001290  1.0003509
ilr.fac1[29,1]  1.0004045  1.0017617
ilr.fac1[30,1]  1.0001176  1.0010245
ilr.fac1[31,1]  1.0010138  1.0013326
ilr.fac1[32,1]  1.0010343  1.0043252
ilr.fac1[33,1]  1.0004055  1.0018873
ilr.fac1[34,1]  0.9999686  1.0004243
ilr.fac1[35,1]  1.0005534  1.0019365
ilr.fac1[36,1]  1.0001343  1.0013892
ilr.fac1[37,1]  0.9999262  1.0005208
ilr.fac1[38,1]  1.0014703  1.0033165
ilr.fac1[39,1]  0.9999180  1.0003683
ilr.fac1[40,1]  0.9998456  1.0001069
ilr.fac1[41,1]  1.0000563  1.0001686
ilr.fac1[42,1]  1.0001725  1.0010386
ilr.fac1[43,1]  1.0014308  1.0045145
ilr.fac1[44,1]  1.0003447  1.0004357
ilr.fac1[45,1]  1.0009677  1.0043230
ilr.fac1[46,1]  0.9998702  0.9999144
ilr.fac1[47,1]  1.0004587  1.0021478
ilr.fac1[48,1]  1.0014435  1.0016562
ilr.fac1[49,1]  1.0004783  1.0015897
ilr.fac1[50,1]  0.9998464  0.9998540
ilr.fac1[51,1]  1.0005898  1.0027666
ilr.fac1[52,1]  1.0002858  1.0010376
ilr.fac1[53,1]  0.9999938  1.0000302
ilr.fac1[54,1]  0.9999840  1.0005962
ilr.fac1[55,1]  1.0006295  1.0006446
ilr.fac1[56,1]  1.0005862  1.0029503
ilr.fac1[57,1]  1.0013773  1.0057595
ilr.fac1[58,1]  1.0001055  1.0005962
ilr.fac1[59,1]  1.0000783  1.0011365
ilr.fac1[60,1]  1.0003699  1.0009981
ilr.fac1[61,1]  0.9999297  1.0000215
ilr.fac1[62,1]  0.9998679  1.0003754
ilr.fac1[63,1]  0.9998869  1.0003624
ilr.fac1[64,1]  1.0000998  1.0008829
ilr.fac1[65,1]  1.0002486  1.0011155
ilr.fac1[66,1]  1.0000172  1.0004372
ilr.fac1[67,1]  1.0002572  1.0017749
ilr.fac1[68,1]  1.0006711  1.0024563
ilr.fac1[69,1]  1.0003072  1.0016925
ilr.fac1[70,1]  1.0001456  1.0012556
ilr.fac1[71,1]  1.0006852  1.0032357
ilr.fac1[72,1]  0.9998477  1.0002018
ilr.fac1[73,1]  0.9999047  1.0004737
ilr.fac1[74,1]  0.9998737  1.0000083
ilr.fac1[75,1]  1.0008946  1.0034955
ilr.fac1[76,1]  1.0000143  1.0008792
ilr.fac1[77,1]  1.0001192  1.0011226
ilr.fac1[78,1]  1.0019674  1.0066308
ilr.fac1[79,1]  0.9997499  0.9997643
ilr.fac1[80,1]  1.0019165  1.0052857
ilr.fac1[81,1]  0.9998659  1.0003502
ilr.fac1[82,1]  1.0004638  1.0018493
ilr.fac1[83,1]  1.0007614  1.0029554
ilr.fac1[84,1]  1.0019902  1.0047897
ilr.fac1[85,1]  1.0001032  1.0008627
ilr.fac1[1,2]         NaN        NaN
ilr.fac1[2,2]   1.0015809  1.0061039
ilr.fac1[3,2]   0.9998147  1.0000058
ilr.fac1[4,2]   1.0015419  1.0047807
ilr.fac1[5,2]   1.0002412  1.0003122
ilr.fac1[6,2]   0.9999175  0.9999790
ilr.fac1[7,2]   0.9997279  0.9997900
ilr.fac1[8,2]   0.9999398  1.0006511
ilr.fac1[9,2]   1.0001191  1.0004308
ilr.fac1[10,2]  1.0006553  1.0021065
ilr.fac1[11,2]  1.0003388  1.0011875
ilr.fac1[12,2]  0.9998982  1.0001093
ilr.fac1[13,2]  1.0010053  1.0021324
ilr.fac1[14,2]  1.0009348  1.0012559
ilr.fac1[15,2]  1.0020956  1.0050282
ilr.fac1[16,2]  1.0003723  1.0019140
ilr.fac1[17,2]  0.9998120  0.9999376
ilr.fac1[18,2]  1.0014190  1.0040507
ilr.fac1[19,2]  1.0003558  1.0005661
ilr.fac1[20,2]  0.9999372  1.0001064
ilr.fac1[21,2]  1.0001915  1.0002491
ilr.fac1[22,2]  0.9998166  1.0000133
ilr.fac1[23,2]  1.0005090  1.0016532
ilr.fac1[24,2]  1.0004068  1.0018532
ilr.fac1[25,2]  1.0003813  1.0009809
ilr.fac1[26,2]  1.0010430  1.0040002
ilr.fac1[27,2]  1.0004759  1.0021005
ilr.fac1[28,2]  1.0001409  1.0010951
ilr.fac1[29,2]  1.0006292  1.0027104
ilr.fac1[30,2]  0.9999450  1.0003277
ilr.fac1[31,2]  0.9998800  0.9999972
ilr.fac1[32,2]  1.0010520  1.0036564
ilr.fac1[33,2]  1.0017645  1.0059494
ilr.fac1[34,2]  1.0002612  1.0005490
ilr.fac1[35,2]  1.0010810  1.0040340
ilr.fac1[36,2]  1.0009547  1.0038759
ilr.fac1[37,2]  1.0001393  1.0006533
ilr.fac1[38,2]  1.0005235  1.0023549
ilr.fac1[39,2]  1.0001926  1.0011892
ilr.fac1[40,2]  1.0009122  1.0011550
ilr.fac1[41,2]  0.9999972  1.0006645
ilr.fac1[42,2]  1.0011262  1.0040502
ilr.fac1[43,2]  1.0025486  1.0050388
ilr.fac1[44,2]  0.9998479  0.9999162
ilr.fac1[45,2]  1.0000352  1.0009438
ilr.fac1[46,2]  1.0002679  1.0011643
ilr.fac1[47,2]  1.0002670  1.0006912
ilr.fac1[48,2]  1.0004983  1.0027094
ilr.fac1[49,2]  1.0015274  1.0035354
ilr.fac1[50,2]  1.0003814  1.0004006
ilr.fac1[51,2]  0.9999754  1.0003849
ilr.fac1[52,2]  1.0007537  1.0032742
ilr.fac1[53,2]  1.0001904  1.0010997
ilr.fac1[54,2]  1.0001741  1.0007164
ilr.fac1[55,2]  0.9999392  1.0004301
ilr.fac1[56,2]  1.0012830  1.0055499
ilr.fac1[57,2]  1.0001726  1.0007029
ilr.fac1[58,2]  1.0002856  1.0018899
ilr.fac1[59,2]  1.0018907  1.0067814
ilr.fac1[60,2]  1.0011339  1.0039206
ilr.fac1[61,2]  1.0001910  1.0013788
ilr.fac1[62,2]  1.0008726  1.0011790
ilr.fac1[63,2]  1.0006077  1.0021628
ilr.fac1[64,2]  1.0022111  1.0028873
ilr.fac1[65,2]  1.0007000  1.0026041
ilr.fac1[66,2]  0.9998025  1.0001162
ilr.fac1[67,2]  1.0022332  1.0074754
ilr.fac1[68,2]  1.0018092  1.0071901
ilr.fac1[69,2]  1.0016165  1.0034115
ilr.fac1[70,2]  1.0006842  1.0030772
ilr.fac1[71,2]  1.0002170  1.0011741
ilr.fac1[72,2]  1.0002844  1.0017386
ilr.fac1[73,2]  1.0009458  1.0043086
ilr.fac1[74,2]  1.0001557  1.0012142
ilr.fac1[75,2]  0.9997556  0.9999059
ilr.fac1[76,2]  0.9999782  1.0001504
ilr.fac1[77,2]  1.0025889  1.0072132
ilr.fac1[78,2]  1.0025414  1.0071353
ilr.fac1[79,2]  0.9998908  1.0001214
ilr.fac1[80,2]  1.0009066  1.0028751
ilr.fac1[81,2]  1.0014791  1.0051884
ilr.fac1[82,2]  1.0009398  1.0032851
ilr.fac1[83,2]  1.0003366  1.0009073
ilr.fac1[84,2]  1.0003085  1.0019865
ilr.fac1[85,2]  1.0007919  1.0035764
loglik[1]       1.0002632  1.0013077
loglik[2]       1.0007624  1.0021022
loglik[3]       1.0007715  1.0019101
loglik[4]       1.0018987  1.0033678
loglik[5]       0.9997604  0.9998245
loglik[6]       1.0000820  1.0004512
loglik[7]       1.0008873  1.0011371
loglik[8]       1.0003336  1.0013890
loglik[9]       1.0000464  1.0003691
loglik[10]      1.0017272  1.0024139
loglik[11]      1.0011172  1.0016674
loglik[12]      1.0014516  1.0027531
loglik[13]      1.0027872  1.0030541
loglik[14]      1.0009596  1.0020191
loglik[15]      1.0009081  1.0012280
loglik[16]      1.0017742  1.0055922
loglik[17]      1.0003930  1.0022600
loglik[18]      1.0015456  1.0031661
loglik[19]      1.0006212  1.0027142
loglik[20]      1.0007848  1.0026819
loglik[21]      1.0025312  1.0043738
loglik[22]      1.0003985  1.0014290
loglik[23]      1.0034264  1.0079042
loglik[24]      1.0000683  1.0007478
loglik[25]      0.9997084  0.9998059
loglik[26]      1.0023193  1.0061273
loglik[27]      1.0004048  1.0013549
loglik[28]      1.0005573  1.0007091
loglik[29]      0.9999940  1.0007390
loglik[30]      0.9997525  0.9997599
loglik[31]      1.0009080  1.0029122
loglik[32]      1.0003611  1.0021478
loglik[33]      1.0007317  1.0008966
loglik[34]      1.0002035  1.0016115
loglik[35]      1.0034786  1.0053579
loglik[36]      1.0001730  1.0014480
loglik[37]      1.0002224  1.0006441
loglik[38]      1.0005938  1.0026903
loglik[39]      1.0013217  1.0015893
loglik[40]      1.0002172  1.0014555
loglik[41]      0.9998311  1.0001384
loglik[42]      1.0008959  1.0024349
loglik[43]      1.0060946  1.0175143
loglik[44]      1.0005614  1.0012445
loglik[45]      1.0004686  1.0024898
loglik[46]      0.9998730  1.0003737
loglik[47]      1.0002150  1.0002797
loglik[48]      1.0005428  1.0018568
loglik[49]      1.0028440  1.0049414
loglik[50]      1.0003338  1.0005187
loglik[51]      0.9999350  1.0003885
loglik[52]      1.0005566  1.0028295
loglik[53]      1.0011876  1.0027963
loglik[54]      0.9998577  1.0002622
loglik[55]      1.0003170  1.0003188
loglik[56]      1.0022094  1.0076411
loglik[57]      0.9999712  1.0007239
loglik[58]      1.0002152  1.0013071
loglik[59]      1.0012527  1.0016151
loglik[60]      1.0029189  1.0069031
loglik[61]      1.0011540  1.0015384
loglik[62]      1.0001478  1.0008130
loglik[63]      1.0015008  1.0030349
loglik[64]      1.0018027  1.0051691
loglik[65]      1.0010826  1.0047718
loglik[66]      0.9999349  1.0005789
loglik[67]      1.0018439  1.0069037
loglik[68]      1.0013253  1.0028920
loglik[69]      1.0010099  1.0045232
loglik[70]      1.0004338  1.0017809
loglik[71]      1.0003891  1.0009349
loglik[72]      1.0009611  1.0044253
loglik[73]      0.9998690  1.0000192
loglik[74]      1.0002192  1.0002632
loglik[75]      1.0002581  1.0014994
loglik[76]      1.0004911  1.0010887
loglik[77]      1.0005888  1.0028478
loglik[78]      1.0011691  1.0027597
loglik[79]      1.0000952  1.0009041
loglik[80]      1.0019238  1.0057453
loglik[81]      1.0005077  1.0014823
loglik[82]      1.0005274  1.0006591
loglik[83]      1.0004375  1.0009897
loglik[84]      1.0013736  1.0026125
loglik[85]      1.0003246  1.0011650
p.fac1[1,1]     1.0083208  1.0146467
p.fac1[2,1]     1.0103098  1.0136366
p.fac1[3,1]     1.0049339  1.0088027
p.fac1[4,1]     1.0007790  1.0029611
p.fac1[5,1]     1.0011475  1.0025147
p.fac1[6,1]     0.9999801  1.0002008
p.fac1[7,1]     1.0018085  1.0046981
p.fac1[8,1]     1.0023189  1.0061596
p.fac1[9,1]     1.0006608  1.0029076
p.fac1[10,1]    1.0003630  1.0005738
p.fac1[11,1]    1.0010030  1.0020484
p.fac1[12,1]    1.0002231  1.0005933
p.fac1[13,1]    1.0020078  1.0059760
p.fac1[14,1]    1.0098159  1.0158233
p.fac1[15,1]    1.0019776  1.0020023
p.fac1[16,1]    1.0009240  1.0031928
p.fac1[17,1]    1.0245228  1.0361526
p.fac1[18,1]    0.9998993  1.0002980
p.fac1[19,1]    1.0318202  1.0454050
p.fac1[20,1]    1.0060687  1.0081644
p.fac1[21,1]    1.0252072  1.0328428
p.fac1[22,1]    1.0007547  1.0025085
p.fac1[23,1]    1.0022733  1.0056628
p.fac1[24,1]    1.0000542  1.0002626
p.fac1[25,1]    1.0001705  1.0001893
p.fac1[26,1]    1.0018325  1.0049051
p.fac1[27,1]    1.0017909  1.0024424
p.fac1[28,1]    1.0013808  1.0026433
p.fac1[29,1]    1.0014956  1.0054029
p.fac1[30,1]    1.0004836  1.0022449
p.fac1[31,1]    1.0004648  1.0017872
p.fac1[32,1]    1.0013737  1.0058360
p.fac1[33,1]    1.0019969  1.0075931
p.fac1[34,1]    1.0005968  1.0014414
p.fac1[35,1]    1.0031445  1.0046383
p.fac1[36,1]    1.0027179  1.0060526
p.fac1[37,1]    0.9999119  1.0005308
p.fac1[38,1]    1.0006505  1.0010563
p.fac1[39,1]    0.9999704  1.0003613
p.fac1[40,1]    0.9997411  0.9999171
p.fac1[41,1]    1.0004455  1.0017113
p.fac1[42,1]    1.0004493  1.0020048
p.fac1[43,1]    1.0468560  1.0720372
p.fac1[44,1]    1.0000888  1.0006341
p.fac1[45,1]    1.0004003  1.0021154
p.fac1[46,1]    1.0008534  1.0028140
p.fac1[47,1]    0.9997510  0.9998427
p.fac1[48,1]    1.0004766  1.0017637
p.fac1[49,1]    1.0290467  1.0407581
p.fac1[50,1]    0.9998938  1.0002366
p.fac1[51,1]    1.0001733  1.0007299
p.fac1[52,1]    1.0008388  1.0038765
p.fac1[53,1]    0.9997954  0.9998167
p.fac1[54,1]    0.9999627  1.0007457
p.fac1[55,1]    1.0001575  1.0013517
p.fac1[56,1]    1.0000594  1.0005661
p.fac1[57,1]    1.0000521  1.0003969
p.fac1[58,1]    1.0002397  1.0015983
p.fac1[59,1]    1.0009517  1.0009856
p.fac1[60,1]    0.9999951  1.0007469
p.fac1[61,1]    1.0006920  1.0018916
p.fac1[62,1]    1.0160921  1.0177060
p.fac1[63,1]    1.0003444  1.0018714
p.fac1[64,1]    1.0107220  1.0139944
p.fac1[65,1]    1.0003285  1.0017664
p.fac1[66,1]    1.0000082  1.0004453
p.fac1[67,1]    1.0013386  1.0054327
p.fac1[68,1]    1.0024846  1.0083612
p.fac1[69,1]    1.0318913  1.0475394
p.fac1[70,1]    1.0003345  1.0015056
p.fac1[71,1]    0.9999156  1.0003953
p.fac1[72,1]    1.0000659  1.0009892
p.fac1[73,1]    1.0005776  1.0018740
p.fac1[74,1]    0.9997404  0.9998353
p.fac1[75,1]    0.9998912  1.0002613
p.fac1[76,1]    1.0002635  1.0010878
p.fac1[77,1]    1.0013862  1.0029522
p.fac1[78,1]    1.0001941  1.0011132
p.fac1[79,1]    0.9997739  1.0000267
p.fac1[80,1]    1.0014429  1.0018597
p.fac1[81,1]    1.0003130  1.0019835
p.fac1[82,1]    0.9997283  0.9997369
p.fac1[83,1]    1.0033874  1.0070811
p.fac1[84,1]    1.0007230  1.0025233
p.fac1[85,1]    1.0014483  1.0019472
p.fac1[1,2]     1.0007643  1.0019424
p.fac1[2,2]     1.0000008  1.0006442
p.fac1[3,2]     1.0001408  1.0009914
p.fac1[4,2]     1.0010395  1.0024095
p.fac1[5,2]     1.0000483  1.0010592
p.fac1[6,2]     1.0007991  1.0016566
p.fac1[7,2]     1.0001753  1.0012943
p.fac1[8,2]     1.0000019  1.0006430
p.fac1[9,2]     0.9999776  1.0003499
p.fac1[10,2]    1.0005369  1.0026904
p.fac1[11,2]    0.9997735  0.9998144
p.fac1[12,2]    1.0003010  1.0006237
p.fac1[13,2]    1.0002002  1.0009435
p.fac1[14,2]    1.0002036  1.0012229
p.fac1[15,2]    1.0014413  1.0021974
p.fac1[16,2]    1.0021291  1.0071289
p.fac1[17,2]    1.0012345  1.0034422
p.fac1[18,2]    1.0011606  1.0026758
p.fac1[19,2]    1.0007894  1.0032184
p.fac1[20,2]    1.0001158  1.0007385
p.fac1[21,2]    1.0005992  1.0016178
p.fac1[22,2]    1.0004678  1.0020207
p.fac1[23,2]    1.0001689  1.0003168
p.fac1[24,2]    1.0012693  1.0055331
p.fac1[25,2]    0.9998456  1.0002274
p.fac1[26,2]    1.0026884  1.0100393
p.fac1[27,2]    1.0016449  1.0027484
p.fac1[28,2]    1.0003621  1.0013015
p.fac1[29,2]    1.0008107  1.0034791
p.fac1[30,2]    1.0001379  1.0008505
p.fac1[31,2]    1.0000387  1.0003479
p.fac1[32,2]    1.0004188  1.0020575
p.fac1[33,2]    1.0000132  1.0006735
p.fac1[34,2]    0.9999353  1.0005320
p.fac1[35,2]    1.0027467  1.0049088
p.fac1[36,2]    1.0003713  1.0006019
p.fac1[37,2]    0.9997977  0.9998317
p.fac1[38,2]    1.0083040  1.0124065
p.fac1[39,2]    1.0014205  1.0028854
p.fac1[40,2]    1.0000978  1.0006325
p.fac1[41,2]    1.0004746  1.0014526
p.fac1[42,2]    1.0054956  1.0110321
p.fac1[43,2]    1.0001439  1.0007622
p.fac1[44,2]    1.0000433  1.0003609
p.fac1[45,2]    1.0012478  1.0051517
p.fac1[46,2]    1.0001988  1.0002809
p.fac1[47,2]    0.9999920  1.0000365
p.fac1[48,2]    1.0002179  1.0016667
p.fac1[49,2]    1.0009893  1.0043474
p.fac1[50,2]    0.9999573  1.0002098
p.fac1[51,2]    0.9998043  1.0001413
p.fac1[52,2]    1.0004675  1.0007328
p.fac1[53,2]    1.0009268  1.0024104
p.fac1[54,2]    1.0007494  1.0014308
p.fac1[55,2]    1.0019138  1.0030175
p.fac1[56,2]    1.0022407  1.0050184
p.fac1[57,2]    1.0005063  1.0025378
p.fac1[58,2]    1.0011627  1.0025489
p.fac1[59,2]    1.0009061  1.0034051
p.fac1[60,2]    1.0001931  1.0008120
p.fac1[61,2]    1.0004382  1.0023370
p.fac1[62,2]    1.0003025  1.0003100
p.fac1[63,2]    1.0012157  1.0044022
p.fac1[64,2]    1.0013493  1.0046954
p.fac1[65,2]    1.0006965  1.0014545
p.fac1[66,2]    0.9997220  0.9997388
p.fac1[67,2]    1.0011968  1.0034494
p.fac1[68,2]    1.0000029  1.0002248
p.fac1[69,2]    1.0010010  1.0040453
p.fac1[70,2]    1.0001629  1.0007484
p.fac1[71,2]    1.0002169  1.0009564
p.fac1[72,2]    1.0003201  1.0011044
p.fac1[73,2]    1.0001998  1.0015884
p.fac1[74,2]    1.0010505  1.0047399
p.fac1[75,2]    1.0000984  1.0009351
p.fac1[76,2]    0.9998127  1.0000355
p.fac1[77,2]    1.0015238  1.0045364
p.fac1[78,2]    1.0006678  1.0010854
p.fac1[79,2]    0.9999365  1.0001140
p.fac1[80,2]    1.0001577  1.0008400
p.fac1[81,2]    1.0006115  1.0028500
p.fac1[82,2]    1.0010650  1.0029460
p.fac1[83,2]    1.0006364  1.0015555
p.fac1[84,2]    1.0000744  1.0011385
p.fac1[85,2]    1.0004832  1.0023203
p.fac1[1,3]     1.0021815  1.0032376
p.fac1[2,3]     1.0025592  1.0054864
p.fac1[3,3]     0.9999127  1.0002833
p.fac1[4,3]     1.0012137  1.0042722
p.fac1[5,3]     1.0001140  1.0002102
p.fac1[6,3]     1.0007560  1.0017703
p.fac1[7,3]     1.0001497  1.0005105
p.fac1[8,3]     1.0000402  1.0007173
p.fac1[9,3]     1.0000883  1.0004752
p.fac1[10,3]    1.0007947  1.0029311
p.fac1[11,3]    0.9999624  1.0002333
p.fac1[12,3]    1.0001720  1.0004644
p.fac1[13,3]    1.0007617  1.0007825
p.fac1[14,3]    1.0005639  1.0006433
p.fac1[15,3]    1.0014432  1.0019098
p.fac1[16,3]    1.0002598  1.0018011
p.fac1[17,3]    1.0014997  1.0018763
p.fac1[18,3]    1.0020727  1.0040047
p.fac1[19,3]    1.0042814  1.0047831
p.fac1[20,3]    1.0002102  1.0004784
p.fac1[21,3]    1.0032043  1.0038177
p.fac1[22,3]    0.9997955  0.9999495
p.fac1[23,3]    0.9999761  1.0007166
p.fac1[24,3]    1.0003695  1.0014897
p.fac1[25,3]    0.9999071  1.0002832
p.fac1[26,3]    1.0021240  1.0080021
p.fac1[27,3]    1.0008512  1.0015549
p.fac1[28,3]    0.9998651  1.0001774
p.fac1[29,3]    1.0009505  1.0026801
p.fac1[30,3]    0.9998487  1.0003175
p.fac1[31,3]    0.9998444  1.0000254
p.fac1[32,3]    1.0019233  1.0066610
p.fac1[33,3]    1.0019964  1.0077084
p.fac1[34,3]    1.0001904  1.0006234
p.fac1[35,3]    1.0031696  1.0071223
p.fac1[36,3]    1.0004462  1.0021128
p.fac1[37,3]    1.0000104  1.0006576
p.fac1[38,3]    1.0035957  1.0074728
p.fac1[39,3]    1.0010332  1.0028860
p.fac1[40,3]    0.9998129  1.0001144
p.fac1[41,3]    1.0003641  1.0014838
p.fac1[42,3]    1.0022725  1.0070407
p.fac1[43,3]    1.0082776  1.0172158
p.fac1[44,3]    1.0000062  1.0007969
p.fac1[45,3]    1.0002611  1.0014048
p.fac1[46,3]    1.0009888  1.0030368
p.fac1[47,3]    0.9999971  1.0000940
p.fac1[48,3]    1.0008850  1.0032481
p.fac1[49,3]    1.0044291  1.0086444
p.fac1[50,3]    0.9999034  1.0004542
p.fac1[51,3]    1.0000011  1.0005588
p.fac1[52,3]    1.0007873  1.0037152
p.fac1[53,3]    0.9999513  1.0003398
p.fac1[54,3]    1.0000003  1.0003759
p.fac1[55,3]    1.0004929  1.0023417
p.fac1[56,3]    1.0009000  1.0037141
p.fac1[57,3]    0.9999168  1.0004824
p.fac1[58,3]    1.0016541  1.0025838
p.fac1[59,3]    1.0007100  1.0032963
p.fac1[60,3]    1.0005367  1.0021624
p.fac1[61,3]    1.0005910  1.0027036
p.fac1[62,3]    1.0012562  1.0016301
p.fac1[63,3]    1.0004611  1.0019537
p.fac1[64,3]    1.0016465  1.0031454
p.fac1[65,3]    1.0008682  1.0031810
p.fac1[66,3]    0.9998192  1.0001639
p.fac1[67,3]    1.0035607  1.0102843
p.fac1[68,3]    1.0022831  1.0081305
p.fac1[69,3]    1.0016575  1.0033087
p.fac1[70,3]    1.0005749  1.0019767
p.fac1[71,3]    1.0008160  1.0020065
p.fac1[72,3]    1.0005743  1.0016216
p.fac1[73,3]    1.0007070  1.0034583
p.fac1[74,3]    1.0008636  1.0030702
p.fac1[75,3]    1.0001160  1.0004356
p.fac1[76,3]    0.9999494  1.0000782
p.fac1[77,3]    1.0023258  1.0058483
p.fac1[78,3]    1.0005819  1.0014503
p.fac1[79,3]    0.9997437  0.9997654
p.fac1[80,3]    1.0001806  1.0011020
p.fac1[81,3]    1.0015854  1.0056188
p.fac1[82,3]    1.0007110  1.0023922
p.fac1[83,3]    1.0001826  1.0002419
p.fac1[84,3]    0.9998630  1.0003740
p.fac1[85,3]    1.0005108  1.0020998
p.global[1]     1.0083208  1.0146467
p.global[2]     1.0007643  1.0019424
p.global[3]     1.0021815  1.0032376

################################################################################
# Geweke Diagnostic
################################################################################

The Geweke diagnostic is a standard z-score, so we'd expect 5% to be outside +/-1.96
Number of variables outside +/-1.96 in each chain (out of 
514
):


       Chain 1 Chain 2 Chain 3
Geweke      37      28      33


And here are the Geweke diagnostics for all variables:

               chain1 chain2 chain3
deviance       -1.507 -2.442 -1.449
ilr.fac1[2,1]   0.298 -0.630 -0.499
ilr.fac1[3,1]  -0.927 -0.437  0.259
ilr.fac1[4,1]  -1.138 -0.742 -0.515
ilr.fac1[5,1]  -0.364 -0.986  2.356
ilr.fac1[6,1]   0.231  0.219 -0.857
ilr.fac1[7,1]  -1.635 -0.928 -1.141
ilr.fac1[8,1]  -0.878 -1.060 -0.832
ilr.fac1[9,1]  -1.461 -0.305 -0.974
ilr.fac1[10,1]  0.731 -1.337 -0.755
ilr.fac1[11,1]  1.132 -0.043 -1.284
ilr.fac1[12,1]  1.673 -0.967 -0.647
ilr.fac1[13,1]  0.001  0.285  0.611
ilr.fac1[14,1] -1.298 -0.512 -1.119
ilr.fac1[15,1] -0.749 -0.469  0.622
ilr.fac1[16,1] -0.785 -0.027 -1.920
ilr.fac1[17,1] -1.027  1.153 -2.764
ilr.fac1[18,1] -1.087 -1.708  0.436
ilr.fac1[19,1] -1.344 -0.294 -0.219
ilr.fac1[20,1] -0.603 -1.034 -2.958
ilr.fac1[21,1] -1.612 -0.166 -0.646
ilr.fac1[22,1]  1.421  0.209 -0.739
ilr.fac1[23,1] -0.933  0.200  2.424
ilr.fac1[24,1]  0.467  0.419 -1.378
ilr.fac1[25,1]  0.219 -1.759 -0.977
ilr.fac1[26,1] -1.367  0.913 -0.869
ilr.fac1[27,1] -1.495  0.304 -0.450
ilr.fac1[28,1] -1.197 -0.363 -0.096
ilr.fac1[29,1] -0.204  0.788 -0.514
ilr.fac1[30,1] -1.558  1.021 -0.469
ilr.fac1[31,1] -0.326 -0.237 -1.349
ilr.fac1[32,1]  0.800  1.310 -1.377
ilr.fac1[33,1] -1.099 -0.124  0.917
ilr.fac1[34,1]  0.954  0.651 -0.481
ilr.fac1[35,1]  1.677 -1.341 -0.582
ilr.fac1[36,1]  1.472 -1.283 -0.996
ilr.fac1[37,1] -0.702 -0.192 -1.683
ilr.fac1[38,1] -0.209 -0.355  0.075
ilr.fac1[39,1] -0.527 -0.803 -0.386
ilr.fac1[40,1]  1.262  1.421  0.831
ilr.fac1[41,1] -0.712 -0.116  0.670
ilr.fac1[42,1] -1.402 -0.938  0.383
ilr.fac1[43,1] -2.038  1.312 -1.653
ilr.fac1[44,1] -0.902 -2.058 -0.529
ilr.fac1[45,1]  1.666 -1.662  0.353
ilr.fac1[46,1]  1.338 -0.121  1.139
ilr.fac1[47,1]  1.930 -0.490  0.982
ilr.fac1[48,1]  1.635  0.634 -0.225
ilr.fac1[49,1] -0.009 -0.483 -0.661
ilr.fac1[50,1] -0.251  0.904 -1.407
ilr.fac1[51,1] -0.155  0.579  2.134
ilr.fac1[52,1]  0.701 -0.051 -1.564
ilr.fac1[53,1]  0.124  0.881  1.110
ilr.fac1[54,1] -2.107  0.145 -0.121
ilr.fac1[55,1]  1.216  0.949  1.393
ilr.fac1[56,1]  1.312  0.270 -1.883
ilr.fac1[57,1]  0.552  0.945 -0.256
ilr.fac1[58,1] -0.001 -0.875 -1.801
ilr.fac1[59,1] -0.514 -0.948 -0.263
ilr.fac1[60,1] -0.683 -0.151 -0.083
ilr.fac1[61,1]  1.282  1.312 -0.354
ilr.fac1[62,1]  0.414  0.044 -0.536
ilr.fac1[63,1] -0.312 -0.519 -1.863
ilr.fac1[64,1] -1.957  0.739 -2.604
ilr.fac1[65,1] -0.704 -1.163  1.910
ilr.fac1[66,1]  1.132 -0.268  0.188
ilr.fac1[67,1]  0.800  0.067 -0.807
ilr.fac1[68,1] -1.521 -1.643 -0.349
ilr.fac1[69,1] -1.666  1.161 -1.221
ilr.fac1[70,1]  0.073 -0.971  1.207
ilr.fac1[71,1]  1.377 -0.876 -1.352
ilr.fac1[72,1] -0.597 -0.026  0.262
ilr.fac1[73,1]  0.413 -1.124  1.574
ilr.fac1[74,1]  0.300 -0.163 -0.413
ilr.fac1[75,1] -0.113 -1.746 -1.091
ilr.fac1[76,1]  1.155  1.619  0.541
ilr.fac1[77,1]  0.590 -1.103 -1.499
ilr.fac1[78,1]  1.278 -0.856 -0.862
ilr.fac1[79,1]  0.722  1.234 -0.195
ilr.fac1[80,1] -0.092  0.843 -1.840
ilr.fac1[81,1]  1.389  1.166  1.462
ilr.fac1[82,1]  0.303  1.379 -0.493
ilr.fac1[83,1] -1.138  0.567 -0.755
ilr.fac1[84,1] -0.739  1.043 -1.605
ilr.fac1[85,1]  0.343  0.289 -0.897
ilr.fac1[2,2]  -0.001 -0.377 -1.203
ilr.fac1[3,2]  -0.656 -0.059 -0.115
ilr.fac1[4,2]   0.827  1.500 -2.374
ilr.fac1[5,2]   0.825 -0.265  2.711
ilr.fac1[6,2]  -0.727  0.840 -0.157
ilr.fac1[7,2]  -1.602 -1.600  0.399
ilr.fac1[8,2]   0.195 -0.659 -0.420
ilr.fac1[9,2]  -0.749  0.640 -0.040
ilr.fac1[10,2]  1.442  2.662  1.260
ilr.fac1[11,2] -1.693 -0.773 -0.898
ilr.fac1[12,2]  0.648 -0.582  1.416
ilr.fac1[13,2] -0.443 -0.335 -0.653
ilr.fac1[14,2] -0.006 -1.147 -0.293
ilr.fac1[15,2]  1.873 -1.056 -0.267
ilr.fac1[16,2] -0.008 -1.897 -0.545
ilr.fac1[17,2] -0.883  0.207 -1.734
ilr.fac1[18,2]  2.600 -0.696  1.212
ilr.fac1[19,2] -0.572 -1.333 -0.987
ilr.fac1[20,2] -0.011 -1.259 -1.207
ilr.fac1[21,2] -0.618  0.350  1.173
ilr.fac1[22,2] -0.037  0.884 -0.551
ilr.fac1[23,2]  0.103 -0.425  1.358
ilr.fac1[24,2]  2.962  0.206 -0.037
ilr.fac1[25,2] -2.015 -1.351 -0.652
ilr.fac1[26,2] -2.660 -0.056 -0.428
ilr.fac1[27,2]  0.859  0.074  0.097
ilr.fac1[28,2] -0.141 -0.076  0.456
ilr.fac1[29,2] -0.880 -0.378 -0.771
ilr.fac1[30,2] -0.409  2.548  0.080
ilr.fac1[31,2] -0.624  0.086 -1.058
ilr.fac1[32,2]  2.115  1.201 -2.378
ilr.fac1[33,2] -1.240 -1.041  0.672
ilr.fac1[34,2]  0.498 -0.621 -1.420
ilr.fac1[35,2]  0.042 -1.263 -0.432
ilr.fac1[36,2]  0.667  0.597 -1.246
ilr.fac1[37,2] -0.267  1.137 -1.216
ilr.fac1[38,2] -1.544  0.988  0.535
ilr.fac1[39,2]  0.031  0.046  2.900
ilr.fac1[40,2]  1.518  0.422  2.148
ilr.fac1[41,2]  1.537  1.043  0.657
ilr.fac1[42,2] -0.019 -0.061  0.172
ilr.fac1[43,2] -0.660  0.573 -0.123
ilr.fac1[44,2] -0.903 -1.066 -0.321
ilr.fac1[45,2]  0.817 -0.917  1.382
ilr.fac1[46,2]  0.092 -0.778 -0.116
ilr.fac1[47,2]  1.775  0.103  1.326
ilr.fac1[48,2] -1.833  0.202 -1.629
ilr.fac1[49,2] -1.528 -0.132 -1.111
ilr.fac1[50,2]  0.299  1.568 -1.267
ilr.fac1[51,2] -0.163  3.112  1.632
ilr.fac1[52,2]  0.297 -0.430 -1.857
ilr.fac1[53,2]  0.812  0.714 -1.430
ilr.fac1[54,2]  0.084 -0.298 -0.861
ilr.fac1[55,2]  0.310  0.743  1.260
ilr.fac1[56,2]  2.991  1.116  0.181
ilr.fac1[57,2]  1.084  0.799  1.428
ilr.fac1[58,2] -1.939  0.677  0.474
ilr.fac1[59,2]  1.461 -0.417 -0.049
ilr.fac1[60,2] -0.841  0.867 -0.904
ilr.fac1[61,2]  0.194  1.552  0.336
ilr.fac1[62,2]  2.371 -0.128 -0.147
ilr.fac1[63,2]  0.167 -0.819 -0.328
ilr.fac1[64,2] -0.146  0.950 -1.236
ilr.fac1[65,2] -0.278 -0.507  0.558
ilr.fac1[66,2]  0.985  1.190  0.552
ilr.fac1[67,2]  1.859  2.090 -0.757
ilr.fac1[68,2] -2.526  0.063  1.462
ilr.fac1[69,2] -0.202 -2.034  1.170
ilr.fac1[70,2] -0.279 -0.687  1.584
ilr.fac1[71,2]  0.346  0.485  0.346
ilr.fac1[72,2]  0.112  0.690 -0.130
ilr.fac1[73,2]  2.688 -0.516  1.960
ilr.fac1[74,2]  0.261  0.178  0.430
ilr.fac1[75,2]  0.076  0.418 -0.137
ilr.fac1[76,2]  0.635 -0.528 -0.936
ilr.fac1[77,2]  2.735 -1.356 -0.293
ilr.fac1[78,2]  0.275 -1.401  0.993
ilr.fac1[79,2]  1.787  0.288  0.226
ilr.fac1[80,2]  0.366  1.148 -2.034
ilr.fac1[81,2]  0.679 -0.309  0.597
ilr.fac1[82,2]  1.534  1.093  0.924
ilr.fac1[83,2] -0.620  0.605  1.136
ilr.fac1[84,2] -0.024 -0.182 -0.784
ilr.fac1[85,2]  0.731 -0.038  0.480
loglik[1]      -0.293  0.111  0.171
loglik[2]       0.589 -0.106 -0.415
loglik[3]      -1.483 -0.149  0.702
loglik[4]      -0.053  0.126  2.094
loglik[5]       0.147 -0.986  0.797
loglik[6]       0.106 -0.341 -0.347
loglik[7]       0.880 -0.503 -0.798
loglik[8]      -0.511  0.631  1.829
loglik[9]      -0.717  1.579  0.593
loglik[10]     -0.459  1.922  0.154
loglik[11]     -0.512  1.316 -1.030
loglik[12]     -1.196  1.903 -1.175
loglik[13]      0.084 -0.538 -0.778
loglik[14]      0.174  1.546  1.715
loglik[15]     -0.329 -0.495  0.020
loglik[16]      0.284  1.821  1.067
loglik[17]      0.929  0.427  1.455
loglik[18]      2.433  1.999  0.187
loglik[19]      0.024  0.081  0.436
loglik[20]      1.142  1.176  2.246
loglik[21]      0.161 -0.386  1.110
loglik[22]     -0.098  2.504 -1.456
loglik[23]     -0.122  2.768  0.257
loglik[24]      1.284  0.439  0.191
loglik[25]     -0.843 -0.733  0.830
loglik[26]     -1.261 -1.098  0.653
loglik[27]      1.503 -0.422  0.336
loglik[28]      0.248  1.286  0.174
loglik[29]      1.053 -1.000 -0.306
loglik[30]      0.739  3.116  0.701
loglik[31]      0.641  0.408 -1.146
loglik[32]      0.758  1.297 -2.303
loglik[33]      1.352  0.838  1.210
loglik[34]      1.710  0.312  1.253
loglik[35]      0.767 -0.191  0.449
loglik[36]      0.493 -1.303  1.317
loglik[37]      0.498  0.041 -0.841
loglik[38]      0.910  0.035 -0.344
loglik[39]     -0.729 -0.570 -1.305
loglik[40]      2.390 -0.937  1.426
loglik[41]      0.313  2.523  0.075
loglik[42]      0.791  0.571 -0.163
loglik[43]      1.659 -1.662  2.524
loglik[44]      1.226 -1.863  0.406
loglik[45]      0.481  0.257  0.669
loglik[46]      0.027  1.824  1.112
loglik[47]      0.474 -0.453  1.893
loglik[48]      0.150 -0.046  1.011
loglik[49]      1.012 -0.139  0.933
loglik[50]     -0.284  1.203 -1.294
loglik[51]     -1.510  3.362  2.497
loglik[52]     -0.412 -0.581 -2.306
loglik[53]     -0.507  1.499  1.689
loglik[54]      0.312 -0.777  0.360
loglik[55]      0.223  1.715  0.481
loglik[56]      2.412  0.496 -0.135
loglik[57]      2.002  0.964  1.513
loglik[58]     -1.692  0.425  0.839
loglik[59]      0.803  0.455  0.528
loglik[60]     -0.789  1.154  0.032
loglik[61]      0.275  0.779  1.383
loglik[62]      1.558 -0.001  0.416
loglik[63]      0.483 -0.731 -1.310
loglik[64]      1.215  1.378  1.134
loglik[65]     -0.237 -0.354  0.302
loglik[66]      0.241  0.698 -0.207
loglik[67]      1.650  1.792 -0.358
loglik[68]     -1.030  0.988  0.880
loglik[69]      0.978 -0.963  1.949
loglik[70]     -0.422 -0.071  1.041
loglik[71]      0.095  2.110 -0.176
loglik[72]     -0.042  0.941 -1.249
loglik[73]      1.734  0.541  0.458
loglik[74]     -1.499  0.928  1.037
loglik[75]     -0.879  1.882  1.000
loglik[76]      1.155 -1.106 -1.134
loglik[77]      2.106 -0.081  0.858
loglik[78]     -1.580  0.236  0.481
loglik[79]      1.712  0.001  0.052
loglik[80]      0.905  1.541 -0.651
loglik[81]      1.246 -0.345  1.887
loglik[82]      0.090  1.456 -0.083
loglik[83]     -1.571  0.541  0.814
loglik[84]     -1.080  0.325 -0.091
loglik[85]      0.261  0.353  0.600
p.fac1[1,1]     0.317  1.466  1.236
p.fac1[2,1]    -0.116  0.610 -0.023
p.fac1[3,1]    -0.551 -0.374  1.049
p.fac1[4,1]     0.955 -0.618 -1.228
p.fac1[5,1]     0.349  0.355  3.352
p.fac1[6,1]    -0.359  0.735  0.131
p.fac1[7,1]    -0.877 -0.207  0.193
p.fac1[8,1]    -0.701  0.253 -0.444
p.fac1[9,1]    -0.799  0.704  0.230
p.fac1[10,1]    1.498  0.171  0.422
p.fac1[11,1]    0.161  1.350 -0.919
p.fac1[12,1]    2.190 -1.428  0.686
p.fac1[13,1]    0.014  0.783  0.825
p.fac1[14,1]   -0.688 -0.316  0.418
p.fac1[15,1]    0.784 -0.460  1.396
p.fac1[16,1]   -0.205  0.595 -0.390
p.fac1[17,1]   -1.252  1.498 -1.353
p.fac1[18,1]    0.243 -1.027  0.799
p.fac1[19,1]   -0.951  0.062 -0.165
p.fac1[20,1]   -0.220 -0.065 -1.497
p.fac1[21,1]   -1.103  0.091  0.532
p.fac1[22,1]    1.813  0.551  0.540
p.fac1[23,1]   -0.076  0.363  3.122
p.fac1[24,1]    1.177  1.098 -0.082
p.fac1[25,1]   -0.025 -0.987 -0.431
p.fac1[26,1]   -0.681  1.805 -0.936
p.fac1[27,1]    0.044  0.878  0.107
p.fac1[28,1]   -0.070  0.325  1.188
p.fac1[29,1]    0.028  2.895 -0.117
p.fac1[30,1]   -0.880  2.184  0.406
p.fac1[31,1]   -0.387  1.109 -0.074
p.fac1[32,1]    1.145  1.018 -1.519
p.fac1[33,1]   -0.699 -0.090  1.516
p.fac1[34,1]    1.542  0.042 -0.634
p.fac1[35,1]    1.437 -0.363  0.387
p.fac1[36,1]    1.172 -0.039 -0.929
p.fac1[37,1]    0.065  1.082 -1.069
p.fac1[38,1]   -0.743  0.621  0.928
p.fac1[39,1]   -0.589  0.029  1.230
p.fac1[40,1]    1.523 -0.092  1.821
p.fac1[41,1]    0.622  1.247  0.826
p.fac1[42,1]    0.314 -0.071  0.719
p.fac1[43,1]   -1.830  1.895  0.089
p.fac1[44,1]   -0.131 -1.109  0.096
p.fac1[45,1]    1.960 -0.710  1.307
p.fac1[46,1]    0.470  0.489  0.418
p.fac1[47,1]    1.813  0.161  1.394
p.fac1[48,1]   -0.068  1.014 -0.364
p.fac1[49,1]   -1.225  0.139  0.115
p.fac1[50,1]    0.070  1.741 -1.201
p.fac1[51,1]    0.696  2.460  2.530
p.fac1[52,1]    0.448  0.466 -1.750
p.fac1[53,1]    0.716  1.469  0.101
p.fac1[54,1]   -0.974  0.909  0.386
p.fac1[55,1]    0.712  1.400  1.567
p.fac1[56,1]    2.538  1.038 -0.369
p.fac1[57,1]    1.195  1.248  0.987
p.fac1[58,1]    0.031 -0.765 -1.138
p.fac1[59,1]    0.355  0.451  0.420
p.fac1[60,1]    0.510  0.762  0.077
p.fac1[61,1]    1.409  2.275  0.461
p.fac1[62,1]    0.179  0.610 -0.137
p.fac1[63,1]    0.537 -0.192 -0.203
p.fac1[64,1]   -0.967  1.268 -2.750
p.fac1[65,1]    0.568  0.114  1.255
p.fac1[66,1]    1.237  0.447  1.006
p.fac1[67,1]    1.818  1.399  0.016
p.fac1[68,1]   -1.999  0.397  1.049
p.fac1[69,1]   -0.967  1.129 -0.196
p.fac1[70,1]    0.108  0.297  2.567
p.fac1[71,1]    1.706  0.136  0.359
p.fac1[72,1]   -0.186 -0.175  1.090
p.fac1[73,1]    1.209 -0.247  2.185
p.fac1[74,1]    0.643  0.444  0.194
p.fac1[75,1]    1.031 -0.035  0.135
p.fac1[76,1]    1.247  1.916  0.666
p.fac1[77,1]    0.574 -0.789 -0.275
p.fac1[78,1]    1.703 -0.160  0.356
p.fac1[79,1]    1.483  1.273  0.973
p.fac1[80,1]    0.187  1.409 -0.495
p.fac1[81,1]    1.326  1.134  1.333
p.fac1[82,1]    0.830  2.582  0.840
p.fac1[83,1]    0.059  1.344  0.107
p.fac1[84,1]    0.601  0.987 -0.243
p.fac1[85,1]    0.855  0.683  0.275
p.fac1[1,2]    -0.673 -1.076 -0.568
p.fac1[2,2]    -0.813  0.101 -0.206
p.fac1[3,2]     0.495  0.177 -0.301
p.fac1[4,2]     0.859  1.505 -1.401
p.fac1[5,2]     0.763  0.194 -0.384
p.fac1[6,2]    -0.707  0.492  0.324
p.fac1[7,2]    -0.062 -0.827  0.765
p.fac1[8,2]     0.439 -0.037  0.276
p.fac1[9,2]     0.210  0.200  0.743
p.fac1[10,2]    0.247  2.290  1.596
p.fac1[11,2]   -2.841 -0.834 -0.290
p.fac1[12,2]   -1.165 -0.015  1.359
p.fac1[13,2]   -0.663 -0.838 -1.238
p.fac1[14,2]    0.827 -0.789  0.670
p.fac1[15,2]    1.589 -0.176 -0.923
p.fac1[16,2]    0.057 -2.627  0.819
p.fac1[17,2]    0.218 -1.218  0.386
p.fac1[18,2]    3.165  0.870  0.400
p.fac1[19,2]    0.947 -1.287 -0.570
p.fac1[20,2]    0.271 -0.548  1.250
p.fac1[21,2]    0.796  0.089  1.404
p.fac1[22,2]   -1.706  0.482 -0.487
p.fac1[23,2]    0.416 -0.843 -1.471
p.fac1[24,2]    2.564 -0.882  0.966
p.fac1[25,2]   -1.579 -0.823  0.086
p.fac1[26,2]   -1.667 -0.966  0.410
p.fac1[27,2]    1.837 -1.151  0.165
p.fac1[28,2]   -0.079  0.257  0.481
p.fac1[29,2]   -0.620 -1.463 -0.317
p.fac1[30,2]    0.864  1.257  0.240
p.fac1[31,2]   -0.244 -0.375 -0.172
p.fac1[32,2]    0.996  0.652 -0.215
p.fac1[33,2]   -0.689 -1.186 -0.485
p.fac1[34,2]   -0.803 -0.457 -1.113
p.fac1[35,2]   -1.347 -0.272 -0.741
p.fac1[36,2]   -0.754  1.297 -0.345
p.fac1[37,2]   -0.433  0.683  0.401
p.fac1[38,2]   -1.855  0.784 -0.061
p.fac1[39,2]    0.680  0.124  1.689
p.fac1[40,2]   -0.382 -0.319  0.441
p.fac1[41,2]    1.092  0.740  0.155
p.fac1[42,2]   -0.010  0.162 -0.044
p.fac1[43,2]    1.509 -0.652  0.956
p.fac1[44,2]   -1.229  1.721 -0.201
p.fac1[45,2]   -2.142  0.105  0.819
p.fac1[46,2]   -0.882 -1.875 -1.755
p.fac1[47,2]   -0.388 -0.200 -0.204
p.fac1[48,2]   -4.424 -0.848 -1.743
p.fac1[49,2]   -0.265  0.062 -0.582
p.fac1[50,2]    0.379 -0.222  0.843
p.fac1[51,2]   -0.606  1.685 -0.921
p.fac1[52,2]    0.134 -1.117 -0.225
p.fac1[53,2]    0.623 -1.197 -2.044
p.fac1[54,2]    1.056 -0.332 -0.735
p.fac1[55,2]   -0.658 -1.861  0.054
p.fac1[56,2]    0.872  0.236  1.580
p.fac1[57,2]   -0.133 -0.876  1.171
p.fac1[58,2]   -2.244  0.613  1.876
p.fac1[59,2]    1.598 -0.347 -0.024
p.fac1[60,2]   -0.525  0.674 -0.591
p.fac1[61,2]   -1.320 -0.090  0.581
p.fac1[62,2]    1.500 -0.502  0.530
p.fac1[63,2]    0.051 -0.510  0.220
p.fac1[64,2]    1.572 -0.132  0.844
p.fac1[65,2]   -0.580  0.226 -1.081
p.fac1[66,2]   -0.989  0.891  0.127
p.fac1[67,2]    0.322  1.800  0.297
p.fac1[68,2]   -1.031  0.440  1.612
p.fac1[69,2]    1.291 -2.650  1.992
p.fac1[70,2]   -0.607 -0.252  0.205
p.fac1[71,2]   -1.246  0.777  1.336
p.fac1[72,2]    0.126  0.784 -0.615
p.fac1[73,2]    1.417 -0.129 -0.081
p.fac1[74,2]   -0.284 -0.390  0.631
p.fac1[75,2]   -0.073  0.966  0.535
p.fac1[76,2]   -0.454 -2.388 -1.501
p.fac1[77,2]    1.645 -0.942  0.944
p.fac1[78,2]   -1.090 -0.667  1.086
p.fac1[79,2]    0.521 -1.267  0.291
p.fac1[80,2]    0.229  0.140 -0.285
p.fac1[81,2]   -1.263 -1.740 -1.174
p.fac1[82,2]    0.698 -1.231  0.985
p.fac1[83,2]   -0.582 -0.134  1.403
p.fac1[84,2]   -0.436 -1.022 -0.023
p.fac1[85,2]    0.228 -0.335  1.166
p.fac1[1,3]     0.221 -0.177 -0.578
p.fac1[2,3]     0.654 -0.460  0.177
p.fac1[3,3]    -0.093  0.033 -0.335
p.fac1[4,3]    -1.556 -1.024  2.095
p.fac1[5,3]    -0.807 -0.396 -2.559
p.fac1[6,3]     0.899 -0.905 -0.355
p.fac1[7,3]     0.651  0.914 -0.764
p.fac1[8,3]     0.044 -0.110 -0.049
p.fac1[9,3]     0.371 -0.664 -0.871
p.fac1[10,3]   -1.368 -2.477 -2.012
p.fac1[11,3]    2.251  0.031  0.759
p.fac1[12,3]   -0.367  0.769 -1.788
p.fac1[13,3]    0.636  0.427  0.720
p.fac1[14,3]   -0.364  0.944 -0.911
p.fac1[15,3]   -1.939  0.482 -0.233
p.fac1[16,3]    0.089  1.960 -0.515
p.fac1[17,3]    0.795  0.350  0.573
p.fac1[18,3]   -3.684 -0.423 -0.720
p.fac1[19,3]    0.248  1.106  0.657
p.fac1[20,3]   -0.159  0.586 -0.700
p.fac1[21,3]    0.458 -0.135 -1.657
p.fac1[22,3]    0.497 -0.811  0.034
p.fac1[23,3]   -0.292  0.580 -0.879
p.fac1[24,3]   -2.822 -0.317 -0.553
p.fac1[25,3]    1.748  1.173  0.108
p.fac1[26,3]    2.010  0.337 -0.080
p.fac1[27,3]   -2.954  0.839 -0.275
p.fac1[28,3]    0.122 -0.445 -1.247
p.fac1[29,3]    0.639  0.200  0.410
p.fac1[30,3]   -0.036 -2.529 -0.506
p.fac1[31,3]    0.465 -0.380  0.225
p.fac1[32,3]   -1.818 -1.443  1.568
p.fac1[33,3]    0.963  0.787 -0.967
p.fac1[34,3]   -0.993  0.238  1.163
p.fac1[35,3]    0.100  0.467  0.185
p.fac1[36,3]   -0.244 -1.139  0.817
p.fac1[37,3]    0.064 -1.293  0.998
p.fac1[38,3]    1.691 -1.144 -0.553
p.fac1[39,3]   -0.224 -0.112 -2.556
p.fac1[40,3]   -1.275  0.177 -1.920
p.fac1[41,3]   -1.405 -1.537 -0.722
p.fac1[42,3]   -0.257 -0.027 -0.535
p.fac1[43,3]    0.719 -0.523 -0.899
p.fac1[44,3]    0.396  0.642 -0.048
p.fac1[45,3]   -0.264  0.559 -1.846
p.fac1[46,3]   -0.197 -0.025 -0.058
p.fac1[47,3]   -1.345 -0.032 -1.354
p.fac1[48,3]    1.197 -0.812  0.860
p.fac1[49,3]    1.379 -0.196  0.466
p.fac1[50,3]   -0.182 -1.816  1.108
p.fac1[51,3]   -0.228 -3.553 -1.967
p.fac1[52,3]   -0.529  0.034  1.874
p.fac1[53,3]   -0.884 -0.527  1.136
p.fac1[54,3]   -0.194 -0.361  0.325
p.fac1[55,3]   -0.453 -0.851 -1.534
p.fac1[56,3]   -2.768 -1.058 -0.938
p.fac1[57,3]   -0.819 -0.165 -1.652
p.fac1[58,3]    2.468 -0.396 -1.656
p.fac1[59,3]   -1.649  0.083 -0.223
p.fac1[60,3]    0.285 -1.126  0.582
p.fac1[61,3]    0.580 -1.131 -0.963
p.fac1[62,3]   -1.382  0.276 -0.496
p.fac1[63,3]   -0.377  0.601 -0.122
p.fac1[64,3]   -1.054 -0.472 -0.043
p.fac1[65,3]    0.006 -0.313 -0.156
p.fac1[66,3]   -0.097 -1.209 -1.317
p.fac1[67,3]   -1.992 -2.792 -0.300
p.fac1[68,3]    2.465 -0.653 -1.996
p.fac1[69,3]   -0.449  2.676 -1.974
p.fac1[70,3]    0.591  0.087 -1.758
p.fac1[71,3]    0.163 -0.858 -1.636
p.fac1[72,3]    0.017 -0.585 -0.303
p.fac1[73,3]   -2.258  0.291 -1.276
p.fac1[74,3]   -0.420 -0.117 -0.588
p.fac1[75,3]   -0.549 -0.926 -0.622
p.fac1[76,3]   -0.333  0.894  1.029
p.fac1[77,3]   -2.056  1.361 -0.877
p.fac1[78,3]    0.443  0.793 -1.367
p.fac1[79,3]   -1.775 -0.172 -1.063
p.fac1[80,3]   -0.335 -0.844  0.535
p.fac1[81,3]   -0.461  0.123 -0.717
p.fac1[82,3]   -1.292 -0.580 -1.617
p.fac1[83,3]    0.636 -0.453 -1.606
p.fac1[84,3]    0.131  0.527  0.163
p.fac1[85,3]   -0.595  0.108 -1.564
p.global[1]     0.317  1.466  1.236
p.global[2]    -0.673 -1.076 -0.568
p.global[3]     0.221 -0.177 -0.578
