
################################################################################
# Gelman-Rubin Diagnostic
################################################################################

Generally the Gelman diagnostic should be < 1.05


Out of 616 variables: 22 > 1.01

                      
0 > 1.05

                      
0 > 1.1


The worst variables are:

                Point est. Upper C.I.
p.fac1[101,2]     1.049899   1.120545
p.fac1[102,2]     1.043358   1.100197
loglik[101]       1.021560   1.061941
p.fac1[99,2]      1.020919   1.042991
ilr.fac1[101,2]   1.020538   1.053813
ilr.fac1[102,2]   1.019845   1.045585
loglik[102]       1.018313   1.050770
p.fac1[102,3]     1.017525   1.045333
ilr.fac1[101,1]   1.016942   1.053141
ilr.fac1[50,2]    1.016880   1.044179


And here are the Gelman diagnostics for all variables:

                Point est. Upper C.I.
deviance         1.0022116  1.0087827
ilr.fac1[1,1]          NaN        NaN
ilr.fac1[2,1]    1.0008694  1.0011671
ilr.fac1[3,1]    1.0009197  1.0020062
ilr.fac1[4,1]    1.0000159  1.0002012
ilr.fac1[5,1]    1.0014161  1.0041650
ilr.fac1[6,1]    1.0041443  1.0119395
ilr.fac1[7,1]    0.9997104  0.9997977
ilr.fac1[8,1]    1.0003923  1.0017594
ilr.fac1[9,1]    0.9999600  1.0006641
ilr.fac1[10,1]   1.0007318  1.0026033
ilr.fac1[11,1]   1.0008715  1.0028486
ilr.fac1[12,1]   0.9998076  1.0000779
ilr.fac1[13,1]   0.9999396  1.0001511
ilr.fac1[14,1]   0.9998611  1.0000148
ilr.fac1[15,1]   1.0009746  1.0044058
ilr.fac1[16,1]   1.0005264  1.0019570
ilr.fac1[17,1]   1.0001393  1.0012319
ilr.fac1[18,1]   1.0001140  1.0009770
ilr.fac1[19,1]   0.9999707  1.0007875
ilr.fac1[20,1]   1.0003189  1.0019803
ilr.fac1[21,1]   1.0009708  1.0044425
ilr.fac1[22,1]   0.9999498  1.0004382
ilr.fac1[23,1]   1.0008431  1.0024333
ilr.fac1[24,1]   1.0010518  1.0042977
ilr.fac1[25,1]   1.0001705  1.0007041
ilr.fac1[26,1]   1.0000785  1.0005067
ilr.fac1[27,1]   1.0017460  1.0065784
ilr.fac1[28,1]   1.0000961  1.0001388
ilr.fac1[29,1]   1.0015874  1.0058575
ilr.fac1[30,1]   1.0003910  1.0005159
ilr.fac1[31,1]   0.9998585  1.0002753
ilr.fac1[32,1]   1.0023300  1.0081273
ilr.fac1[33,1]   1.0003778  1.0015068
ilr.fac1[34,1]   1.0006141  1.0018651
ilr.fac1[35,1]   1.0004061  1.0004275
ilr.fac1[36,1]   1.0027408  1.0085316
ilr.fac1[37,1]   1.0009857  1.0015945
ilr.fac1[38,1]   1.0015011  1.0027096
ilr.fac1[39,1]   1.0007042  1.0016568
ilr.fac1[40,1]   1.0005970  1.0028889
ilr.fac1[41,1]   1.0026699  1.0089308
ilr.fac1[42,1]   1.0008134  1.0026582
ilr.fac1[43,1]   1.0002701  1.0016365
ilr.fac1[44,1]   1.0016326  1.0033996
ilr.fac1[45,1]   1.0006702  1.0029107
ilr.fac1[46,1]   1.0099155  1.0212238
ilr.fac1[47,1]   1.0027777  1.0073382
ilr.fac1[48,1]   1.0006114  1.0014240
ilr.fac1[49,1]   1.0073832  1.0184061
ilr.fac1[50,1]   1.0002037  1.0010442
ilr.fac1[51,1]   1.0011922  1.0021858
ilr.fac1[52,1]   1.0016541  1.0044823
ilr.fac1[53,1]   1.0005443  1.0015734
ilr.fac1[54,1]   1.0001162  1.0009493
ilr.fac1[55,1]   1.0014430  1.0058972
ilr.fac1[56,1]   1.0029399  1.0061372
ilr.fac1[57,1]   1.0035033  1.0092218
ilr.fac1[58,1]   1.0014116  1.0034269
ilr.fac1[59,1]   1.0060298  1.0154853
ilr.fac1[60,1]   1.0011944  1.0041018
ilr.fac1[61,1]   0.9997052  0.9997843
ilr.fac1[62,1]   1.0000543  1.0007779
ilr.fac1[63,1]   1.0030719  1.0120025
ilr.fac1[64,1]   1.0077106  1.0166390
ilr.fac1[65,1]   1.0010061  1.0044056
ilr.fac1[66,1]   1.0007571  1.0018345
ilr.fac1[67,1]   1.0037743  1.0145250
ilr.fac1[68,1]   1.0005441  1.0026771
ilr.fac1[69,1]   1.0036303  1.0070630
ilr.fac1[70,1]   1.0001080  1.0010569
ilr.fac1[71,1]   0.9999042  1.0001245
ilr.fac1[72,1]   1.0025537  1.0071178
ilr.fac1[73,1]   0.9999728  1.0004487
ilr.fac1[74,1]   1.0003812  1.0013603
ilr.fac1[75,1]   1.0011672  1.0040494
ilr.fac1[76,1]   1.0001544  1.0010101
ilr.fac1[77,1]   1.0001907  1.0012130
ilr.fac1[78,1]   1.0005957  1.0006720
ilr.fac1[79,1]   1.0005635  1.0015173
ilr.fac1[80,1]   1.0006480  1.0026183
ilr.fac1[81,1]   1.0001514  1.0004152
ilr.fac1[82,1]   0.9998324  0.9998500
ilr.fac1[83,1]   1.0002603  1.0003195
ilr.fac1[84,1]   1.0000633  1.0005295
ilr.fac1[85,1]   1.0001099  1.0011565
ilr.fac1[86,1]   0.9997519  0.9997686
ilr.fac1[87,1]   1.0008972  1.0029476
ilr.fac1[88,1]   1.0005529  1.0028137
ilr.fac1[89,1]   1.0009810  1.0021959
ilr.fac1[90,1]   1.0007689  1.0020961
ilr.fac1[91,1]   1.0004968  1.0020977
ilr.fac1[92,1]   1.0015782  1.0062050
ilr.fac1[93,1]   1.0000232  1.0008987
ilr.fac1[94,1]   0.9997113  0.9997247
ilr.fac1[95,1]   1.0012932  1.0039919
ilr.fac1[96,1]   1.0007468  1.0016839
ilr.fac1[97,1]   1.0009511  1.0028269
ilr.fac1[98,1]   1.0003997  1.0022091
ilr.fac1[99,1]   1.0049525  1.0168494
ilr.fac1[100,1]  1.0030143  1.0091961
ilr.fac1[101,1]  1.0169424  1.0531413
ilr.fac1[102,1]  1.0136676  1.0408235
ilr.fac1[1,2]          NaN        NaN
ilr.fac1[2,2]    0.9997551  0.9998969
ilr.fac1[3,2]    0.9998456  1.0001461
ilr.fac1[4,2]    1.0003050  1.0018161
ilr.fac1[5,2]    1.0019436  1.0065275
ilr.fac1[6,2]    1.0023571  1.0083989
ilr.fac1[7,2]    1.0002571  1.0010437
ilr.fac1[8,2]    1.0005671  1.0017740
ilr.fac1[9,2]    1.0005288  1.0022480
ilr.fac1[10,2]   1.0010045  1.0042953
ilr.fac1[11,2]   1.0002752  1.0015276
ilr.fac1[12,2]   1.0001944  1.0011536
ilr.fac1[13,2]   1.0003245  1.0008676
ilr.fac1[14,2]   1.0002336  1.0012546
ilr.fac1[15,2]   0.9999416  0.9999526
ilr.fac1[16,2]   1.0003855  1.0009237
ilr.fac1[17,2]   1.0008475  1.0026551
ilr.fac1[18,2]   1.0002691  1.0003747
ilr.fac1[19,2]   1.0002508  1.0014079
ilr.fac1[20,2]   1.0006563  1.0030876
ilr.fac1[21,2]   1.0005917  1.0029114
ilr.fac1[22,2]   0.9999857  1.0004064
ilr.fac1[23,2]   0.9998680  1.0001714
ilr.fac1[24,2]   1.0033606  1.0114985
ilr.fac1[25,2]   1.0000466  1.0008111
ilr.fac1[26,2]   1.0003529  1.0020488
ilr.fac1[27,2]   0.9998470  1.0002465
ilr.fac1[28,2]   1.0000381  1.0003929
ilr.fac1[29,2]   1.0007570  1.0034950
ilr.fac1[30,2]   1.0002168  1.0016557
ilr.fac1[31,2]   1.0004716  1.0005640
ilr.fac1[32,2]   1.0023224  1.0077727
ilr.fac1[33,2]   1.0011372  1.0026287
ilr.fac1[34,2]   1.0004392  1.0010209
ilr.fac1[35,2]   0.9999866  1.0003053
ilr.fac1[36,2]   1.0019147  1.0075594
ilr.fac1[37,2]   1.0009125  1.0038916
ilr.fac1[38,2]   1.0005367  1.0020619
ilr.fac1[39,2]   1.0001280  1.0012101
ilr.fac1[40,2]   1.0002623  1.0015101
ilr.fac1[41,2]   1.0002336  1.0006669
ilr.fac1[42,2]   1.0000330  1.0009058
ilr.fac1[43,2]   0.9998741  1.0002362
ilr.fac1[44,2]   0.9999275  1.0004668
ilr.fac1[45,2]   1.0008011  1.0015494
ilr.fac1[46,2]   1.0004357  1.0016095
ilr.fac1[47,2]   0.9999566  1.0006331
ilr.fac1[48,2]   0.9998732  1.0001037
ilr.fac1[49,2]   0.9999548  1.0006487
ilr.fac1[50,2]   1.0168804  1.0441791
ilr.fac1[51,2]   1.0018687  1.0059026
ilr.fac1[52,2]   1.0014879  1.0039846
ilr.fac1[53,2]   1.0001683  1.0011911
ilr.fac1[54,2]   1.0027313  1.0067095
ilr.fac1[55,2]   0.9998787  1.0002399
ilr.fac1[56,2]   1.0002844  1.0013130
ilr.fac1[57,2]   0.9998867  1.0001529
ilr.fac1[58,2]   0.9999469  1.0006997
ilr.fac1[59,2]   1.0007200  1.0010478
ilr.fac1[60,2]   1.0003346  1.0011601
ilr.fac1[61,2]   0.9998390  1.0002778
ilr.fac1[62,2]   1.0009990  1.0036565
ilr.fac1[63,2]   1.0013358  1.0028946
ilr.fac1[64,2]   1.0009123  1.0041320
ilr.fac1[65,2]   1.0003302  1.0014482
ilr.fac1[66,2]   0.9999202  1.0001133
ilr.fac1[67,2]   1.0005643  1.0026637
ilr.fac1[68,2]   1.0010933  1.0022538
ilr.fac1[69,2]   1.0005983  1.0016409
ilr.fac1[70,2]   1.0004648  1.0019460
ilr.fac1[71,2]   1.0010923  1.0044741
ilr.fac1[72,2]   1.0016880  1.0024832
ilr.fac1[73,2]   1.0001174  1.0002643
ilr.fac1[74,2]   0.9999026  1.0004367
ilr.fac1[75,2]   1.0013848  1.0020100
ilr.fac1[76,2]   1.0015555  1.0041216
ilr.fac1[77,2]   1.0019701  1.0049476
ilr.fac1[78,2]   1.0008985  1.0031061
ilr.fac1[79,2]   1.0003719  1.0005275
ilr.fac1[80,2]   1.0000516  1.0009079
ilr.fac1[81,2]   1.0000025  1.0002031
ilr.fac1[82,2]   1.0001144  1.0006446
ilr.fac1[83,2]   1.0006473  1.0011574
ilr.fac1[84,2]   1.0002456  1.0004863
ilr.fac1[85,2]   1.0009175  1.0035073
ilr.fac1[86,2]   0.9999728  1.0001532
ilr.fac1[87,2]   1.0002422  1.0009331
ilr.fac1[88,2]   1.0000165  1.0005760
ilr.fac1[89,2]   1.0006144  1.0025592
ilr.fac1[90,2]   1.0017906  1.0058432
ilr.fac1[91,2]   1.0010126  1.0019606
ilr.fac1[92,2]   1.0001789  1.0009290
ilr.fac1[93,2]   1.0000477  1.0005877
ilr.fac1[94,2]   1.0051939  1.0078442
ilr.fac1[95,2]   1.0039353  1.0150913
ilr.fac1[96,2]   1.0010074  1.0042540
ilr.fac1[97,2]   0.9999834  1.0004411
ilr.fac1[98,2]   0.9998519  1.0002600
ilr.fac1[99,2]   1.0071671  1.0108367
ilr.fac1[100,2]  1.0037404  1.0037704
ilr.fac1[101,2]  1.0205383  1.0538125
ilr.fac1[102,2]  1.0198455  1.0455853
loglik[1]        1.0004368  1.0010689
loglik[2]        1.0021626  1.0041214
loglik[3]        1.0006611  1.0027355
loglik[4]        1.0007374  1.0023173
loglik[5]        1.0011368  1.0041094
loglik[6]        1.0018242  1.0047058
loglik[7]        1.0020148  1.0055390
loglik[8]        1.0021016  1.0061760
loglik[9]        1.0009478  1.0022782
loglik[10]       1.0010883  1.0030052
loglik[11]       1.0022044  1.0061622
loglik[12]       1.0006982  1.0023481
loglik[13]       1.0009092  1.0013288
loglik[14]       1.0003156  1.0012875
loglik[15]       1.0012563  1.0043179
loglik[16]       1.0004718  1.0015672
loglik[17]       1.0005355  1.0017351
loglik[18]       1.0003578  1.0012796
loglik[19]       1.0014073  1.0049472
loglik[20]       1.0025136  1.0051514
loglik[21]       1.0008218  1.0038292
loglik[22]       0.9997330  0.9999071
loglik[23]       1.0011232  1.0030524
loglik[24]       1.0021086  1.0064799
loglik[25]       1.0007327  1.0011184
loglik[26]       1.0001621  1.0004637
loglik[27]       1.0016764  1.0040555
loglik[28]       1.0007193  1.0017525
loglik[29]       1.0003842  1.0016731
loglik[30]       0.9999932  1.0004268
loglik[31]       1.0007582  1.0035930
loglik[32]       1.0001789  1.0002226
loglik[33]       1.0003683  1.0004157
loglik[34]       1.0016967  1.0025849
loglik[35]       1.0003201  1.0006979
loglik[36]       1.0062659  1.0146698
loglik[37]       1.0025939  1.0067980
loglik[38]       1.0021295  1.0078359
loglik[39]       1.0025867  1.0089858
loglik[40]       0.9998529  1.0001178
loglik[41]       0.9999694  1.0000720
loglik[42]       1.0001498  1.0009741
loglik[43]       1.0017050  1.0042785
loglik[44]       1.0006419  1.0012388
loglik[45]       1.0006674  1.0026872
loglik[46]       1.0021279  1.0073350
loglik[47]       1.0005111  1.0005375
loglik[48]       1.0021408  1.0050131
loglik[49]       1.0004437  1.0006565
loglik[50]       1.0052348  1.0161122
loglik[51]       1.0054223  1.0184622
loglik[52]       1.0043112  1.0133996
loglik[53]       1.0032605  1.0124271
loglik[54]       1.0017505  1.0063119
loglik[55]       1.0040565  1.0132196
loglik[56]       1.0033094  1.0115766
loglik[57]       1.0016941  1.0020899
loglik[58]       1.0014816  1.0056556
loglik[59]       1.0009750  1.0011873
loglik[60]       1.0054183  1.0196407
loglik[61]       1.0006392  1.0029034
loglik[62]       1.0086673  1.0283387
loglik[63]       1.0054420  1.0182046
loglik[64]       1.0010521  1.0012761
loglik[65]       1.0000352  1.0005767
loglik[66]       1.0014967  1.0052532
loglik[67]       1.0066430  1.0245026
loglik[68]       1.0037975  1.0132010
loglik[69]       1.0022897  1.0085883
loglik[70]       1.0012989  1.0023276
loglik[71]       1.0020959  1.0042373
loglik[72]       1.0014014  1.0025609
loglik[73]       1.0004502  1.0006710
loglik[74]       1.0010125  1.0032600
loglik[75]       1.0013631  1.0019155
loglik[76]       1.0001390  1.0001478
loglik[77]       1.0001737  1.0009249
loglik[78]       1.0035368  1.0050346
loglik[79]       1.0002810  1.0006081
loglik[80]       1.0011686  1.0033180
loglik[81]       1.0014381  1.0041287
loglik[82]       1.0002429  1.0002938
loglik[83]       0.9999640  1.0005820
loglik[84]       1.0011020  1.0020361
loglik[85]       1.0024848  1.0036035
loglik[86]       1.0011420  1.0042035
loglik[87]       1.0011589  1.0019850
loglik[88]       0.9997206  0.9997863
loglik[89]       1.0017914  1.0020359
loglik[90]       1.0009536  1.0014189
loglik[91]       1.0018918  1.0046989
loglik[92]       1.0013552  1.0023030
loglik[93]       1.0015631  1.0028179
loglik[94]       1.0017029  1.0038370
loglik[95]       1.0028797  1.0068277
loglik[96]       1.0012612  1.0032768
loglik[97]       0.9997201  0.9998003
loglik[98]       1.0015069  1.0015906
loglik[99]       1.0053183  1.0066132
loglik[100]      1.0021396  1.0027140
loglik[101]      1.0215599  1.0619408
loglik[102]      1.0183127  1.0507700
p.fac1[1,1]      1.0000366  1.0010183
p.fac1[2,1]      1.0008423  1.0011993
p.fac1[3,1]      1.0047317  1.0076851
p.fac1[4,1]      1.0003213  1.0005955
p.fac1[5,1]      1.0012571  1.0044328
p.fac1[6,1]      1.0002576  1.0011577
p.fac1[7,1]      1.0002854  1.0006221
p.fac1[8,1]      1.0006599  1.0015475
p.fac1[9,1]      1.0010341  1.0029665
p.fac1[10,1]     1.0006286  1.0016522
p.fac1[11,1]     1.0009598  1.0032495
p.fac1[12,1]     1.0006402  1.0021434
p.fac1[13,1]     0.9999099  0.9999951
p.fac1[14,1]     1.0000790  1.0004559
p.fac1[15,1]     1.0008209  1.0032252
p.fac1[16,1]     1.0045068  1.0069141
p.fac1[17,1]     1.0007373  1.0019725
p.fac1[18,1]     1.0003480  1.0008578
p.fac1[19,1]     1.0007426  1.0025431
p.fac1[20,1]     1.0001774  1.0009514
p.fac1[21,1]     1.0003987  1.0019167
p.fac1[22,1]     1.0000778  1.0005122
p.fac1[23,1]     1.0000907  1.0006147
p.fac1[24,1]     1.0005647  1.0024097
p.fac1[25,1]     1.0000363  1.0005254
p.fac1[26,1]     0.9999286  1.0000969
p.fac1[27,1]     1.0020793  1.0076290
p.fac1[28,1]     1.0003361  1.0018956
p.fac1[29,1]     1.0012793  1.0037143
p.fac1[30,1]     0.9999054  1.0003427
p.fac1[31,1]     0.9998281  1.0002096
p.fac1[32,1]     1.0007838  1.0034561
p.fac1[33,1]     0.9998931  1.0002978
p.fac1[34,1]     1.0005255  1.0025623
p.fac1[35,1]     1.0003785  1.0007942
p.fac1[36,1]     1.0017701  1.0046273
p.fac1[37,1]     1.0020336  1.0045786
p.fac1[38,1]     1.0012939  1.0037442
p.fac1[39,1]     1.0008461  1.0028996
p.fac1[40,1]     1.0017748  1.0041145
p.fac1[41,1]     1.0017934  1.0056144
p.fac1[42,1]     1.0002365  1.0013115
p.fac1[43,1]     1.0006191  1.0030619
p.fac1[44,1]     1.0009595  1.0030006
p.fac1[45,1]     1.0004608  1.0024912
p.fac1[46,1]     1.0057786  1.0168753
p.fac1[47,1]     1.0017752  1.0056785
p.fac1[48,1]     1.0006193  1.0018374
p.fac1[49,1]     1.0041084  1.0139746
p.fac1[50,1]     1.0017987  1.0057745
p.fac1[51,1]     1.0004044  1.0005506
p.fac1[52,1]     1.0029513  1.0083753
p.fac1[53,1]     1.0009087  1.0025288
p.fac1[54,1]     1.0004767  1.0023088
p.fac1[55,1]     1.0006160  1.0031322
p.fac1[56,1]     1.0020261  1.0064160
p.fac1[57,1]     1.0024328  1.0089188
p.fac1[58,1]     1.0010910  1.0037809
p.fac1[59,1]     1.0033530  1.0117071
p.fac1[60,1]     1.0005822  1.0023737
p.fac1[61,1]     0.9997286  0.9998304
p.fac1[62,1]     1.0005792  1.0013093
p.fac1[63,1]     1.0047751  1.0148197
p.fac1[64,1]     1.0033333  1.0111705
p.fac1[65,1]     1.0010950  1.0048363
p.fac1[66,1]     1.0011361  1.0023331
p.fac1[67,1]     1.0045841  1.0161584
p.fac1[68,1]     1.0007001  1.0027000
p.fac1[69,1]     1.0020326  1.0058318
p.fac1[70,1]     1.0004956  1.0026522
p.fac1[71,1]     1.0006753  1.0028171
p.fac1[72,1]     1.0048073  1.0182629
p.fac1[73,1]     1.0000554  1.0008963
p.fac1[74,1]     1.0012155  1.0036389
p.fac1[75,1]     1.0004894  1.0014817
p.fac1[76,1]     1.0000048  1.0005846
p.fac1[77,1]     0.9998929  1.0002483
p.fac1[78,1]     1.0013964  1.0023537
p.fac1[79,1]     1.0008316  1.0018414
p.fac1[80,1]     1.0007006  1.0027253
p.fac1[81,1]     1.0003520  1.0010555
p.fac1[82,1]     0.9998974  1.0003863
p.fac1[83,1]     1.0000991  1.0004902
p.fac1[84,1]     0.9998681  0.9998992
p.fac1[85,1]     1.0008760  1.0036571
p.fac1[86,1]     0.9998136  0.9999979
p.fac1[87,1]     1.0011081  1.0036276
p.fac1[88,1]     1.0007492  1.0030289
p.fac1[89,1]     0.9997936  0.9998636
p.fac1[90,1]     1.0005539  1.0022336
p.fac1[91,1]     1.0010725  1.0041950
p.fac1[92,1]     1.0004629  1.0019596
p.fac1[93,1]     1.0001667  1.0014337
p.fac1[94,1]     1.0000602  1.0001499
p.fac1[95,1]     1.0004123  1.0004569
p.fac1[96,1]     1.0000065  1.0001965
p.fac1[97,1]     1.0007297  1.0024102
p.fac1[98,1]     1.0005017  1.0027124
p.fac1[99,1]     1.0023464  1.0092677
p.fac1[100,1]    1.0029790  1.0085945
p.fac1[101,1]    1.0012047  1.0052878
p.fac1[102,1]    1.0008201  1.0025123
p.fac1[1,2]      1.0016354  1.0054017
p.fac1[2,2]      1.0009721  1.0024406
p.fac1[3,2]      1.0082713  1.0123231
p.fac1[4,2]      1.0018068  1.0020027
p.fac1[5,2]      1.0059217  1.0120401
p.fac1[6,2]      1.0152046  1.0281723
p.fac1[7,2]      1.0022166  1.0043854
p.fac1[8,2]      1.0073313  1.0115731
p.fac1[9,2]      1.0009283  1.0018515
p.fac1[10,2]     1.0005730  1.0021341
p.fac1[11,2]     1.0056192  1.0115481
p.fac1[12,2]     0.9999611  0.9999852
p.fac1[13,2]     0.9998466  0.9999572
p.fac1[14,2]     1.0009525  1.0019426
p.fac1[15,2]     1.0006695  1.0026079
p.fac1[16,2]     1.0072574  1.0084384
p.fac1[17,2]     1.0013738  1.0031002
p.fac1[18,2]     1.0025281  1.0040079
p.fac1[19,2]     0.9999057  1.0003389
p.fac1[20,2]     1.0000578  1.0010447
p.fac1[21,2]     1.0008856  1.0034023
p.fac1[22,2]     0.9999407  1.0002957
p.fac1[23,2]     1.0022819  1.0061119
p.fac1[24,2]     1.0084150  1.0214459
p.fac1[25,2]     1.0012542  1.0025622
p.fac1[26,2]     0.9998508  1.0003325
p.fac1[27,2]     1.0012635  1.0043277
p.fac1[28,2]     1.0002217  1.0004988
p.fac1[29,2]     1.0011716  1.0050239
p.fac1[30,2]     0.9997991  0.9999188
p.fac1[31,2]     0.9998741  1.0002021
p.fac1[32,2]     1.0136467  1.0330963
p.fac1[33,2]     1.0004300  1.0019245
p.fac1[34,2]     1.0011661  1.0043069
p.fac1[35,2]     1.0002899  1.0007959
p.fac1[36,2]     1.0033326  1.0097079
p.fac1[37,2]     1.0010960  1.0019924
p.fac1[38,2]     1.0052205  1.0090928
p.fac1[39,2]     1.0033296  1.0060368
p.fac1[40,2]     1.0007236  1.0029765
p.fac1[41,2]     1.0111032  1.0233972
p.fac1[42,2]     1.0038972  1.0102433
p.fac1[43,2]     1.0001927  1.0012084
p.fac1[44,2]     1.0008835  1.0030192
p.fac1[45,2]     1.0004346  1.0020423
p.fac1[46,2]     1.0100023  1.0266282
p.fac1[47,2]     1.0064059  1.0166974
p.fac1[48,2]     1.0018436  1.0040660
p.fac1[49,2]     1.0108243  1.0298098
p.fac1[50,2]     1.0083807  1.0243675
p.fac1[51,2]     1.0009899  1.0025026
p.fac1[52,2]     1.0026399  1.0057441
p.fac1[53,2]     0.9999884  1.0008101
p.fac1[54,2]     0.9999340  1.0001599
p.fac1[55,2]     1.0006365  1.0030666
p.fac1[56,2]     1.0021049  1.0050686
p.fac1[57,2]     1.0069071  1.0194245
p.fac1[58,2]     1.0005764  1.0025238
p.fac1[59,2]     1.0124387  1.0330599
p.fac1[60,2]     1.0005812  1.0027720
p.fac1[61,2]     1.0002928  1.0009252
p.fac1[62,2]     1.0003653  1.0019307
p.fac1[63,2]     1.0009220  1.0042146
p.fac1[64,2]     1.0100546  1.0246934
p.fac1[65,2]     1.0009206  1.0027210
p.fac1[66,2]     1.0005709  1.0015209
p.fac1[67,2]     1.0010473  1.0043409
p.fac1[68,2]     0.9998034  1.0000687
p.fac1[69,2]     1.0026999  1.0074768
p.fac1[70,2]     1.0001870  1.0010399
p.fac1[71,2]     1.0001449  1.0008688
p.fac1[72,2]     1.0029491  1.0057954
p.fac1[73,2]     0.9999551  1.0007229
p.fac1[74,2]     1.0002890  1.0003355
p.fac1[75,2]     1.0007941  1.0030334
p.fac1[76,2]     1.0009201  1.0042414
p.fac1[77,2]     1.0014408  1.0057339
p.fac1[78,2]     1.0002086  1.0005032
p.fac1[79,2]     1.0001240  1.0004203
p.fac1[80,2]     1.0003917  1.0015831
p.fac1[81,2]     0.9999615  1.0006425
p.fac1[82,2]     0.9998233  0.9999854
p.fac1[83,2]     0.9997906  0.9998671
p.fac1[84,2]     0.9998075  1.0001662
p.fac1[85,2]     1.0001356  1.0010476
p.fac1[86,2]     0.9997447  0.9997970
p.fac1[87,2]     1.0014067  1.0029956
p.fac1[88,2]     0.9999501  1.0005904
p.fac1[89,2]     1.0047225  1.0103990
p.fac1[90,2]     1.0017976  1.0034201
p.fac1[91,2]     1.0000718  1.0010834
p.fac1[92,2]     1.0041076  1.0114138
p.fac1[93,2]     1.0001473  1.0013730
p.fac1[94,2]     1.0012236  1.0028010
p.fac1[95,2]     1.0014554  1.0057487
p.fac1[96,2]     1.0005100  1.0018565
p.fac1[97,2]     1.0002115  1.0007471
p.fac1[98,2]     0.9998445  1.0000813
p.fac1[99,2]     1.0209194  1.0429909
p.fac1[100,2]    1.0085574  1.0151198
p.fac1[101,2]    1.0498986  1.1205448
p.fac1[102,2]    1.0433576  1.1001967
p.fac1[1,3]      1.0016743  1.0060760
p.fac1[2,3]      1.0011645  1.0022404
p.fac1[3,3]      0.9997856  0.9998553
p.fac1[4,3]      1.0009563  1.0014500
p.fac1[5,3]      1.0025690  1.0081472
p.fac1[6,3]      1.0045229  1.0114239
p.fac1[7,3]      1.0012939  1.0030993
p.fac1[8,3]      1.0024009  1.0048813
p.fac1[9,3]      1.0007853  1.0019402
p.fac1[10,3]     1.0017670  1.0044039
p.fac1[11,3]     1.0005290  1.0020755
p.fac1[12,3]     1.0054442  1.0090062
p.fac1[13,3]     1.0037869  1.0044633
p.fac1[14,3]     1.0008084  1.0023311
p.fac1[15,3]     1.0003912  1.0009426
p.fac1[16,3]     1.0115587  1.0163854
p.fac1[17,3]     1.0106336  1.0164250
p.fac1[18,3]     1.0016629  1.0044846
p.fac1[19,3]     1.0008527  1.0019590
p.fac1[20,3]     1.0002424  1.0012299
p.fac1[21,3]     1.0000678  1.0010934
p.fac1[22,3]     1.0001390  1.0002721
p.fac1[23,3]     1.0008336  1.0017771
p.fac1[24,3]     1.0024634  1.0076677
p.fac1[25,3]     1.0015363  1.0037856
p.fac1[26,3]     1.0001599  1.0012970
p.fac1[27,3]     1.0000106  1.0001397
p.fac1[28,3]     1.0005653  1.0021860
p.fac1[29,3]     1.0007331  1.0019721
p.fac1[30,3]     1.0003476  1.0017683
p.fac1[31,3]     1.0001116  1.0001395
p.fac1[32,3]     1.0038082  1.0111006
p.fac1[33,3]     1.0024135  1.0069603
p.fac1[34,3]     1.0010885  1.0013110
p.fac1[35,3]     1.0002498  1.0002829
p.fac1[36,3]     1.0018522  1.0045175
p.fac1[37,3]     1.0020524  1.0041295
p.fac1[38,3]     1.0001570  1.0003830
p.fac1[39,3]     1.0007092  1.0007194
p.fac1[40,3]     1.0064738  1.0114010
p.fac1[41,3]     0.9999399  1.0005439
p.fac1[42,3]     1.0007905  1.0020864
p.fac1[43,3]     1.0004028  1.0008882
p.fac1[44,3]     1.0002075  1.0007481
p.fac1[45,3]     1.0005952  1.0018642
p.fac1[46,3]     1.0002579  1.0006366
p.fac1[47,3]     1.0002736  1.0014713
p.fac1[48,3]     1.0004293  1.0015459
p.fac1[49,3]     1.0004203  1.0015492
p.fac1[50,3]     1.0100947  1.0330384
p.fac1[51,3]     1.0022569  1.0044988
p.fac1[52,3]     1.0013334  1.0024294
p.fac1[53,3]     1.0000422  1.0001377
p.fac1[54,3]     1.0011080  1.0043868
p.fac1[55,3]     1.0007372  1.0014654
p.fac1[56,3]     1.0004015  1.0007456
p.fac1[57,3]     1.0006176  1.0013961
p.fac1[58,3]     1.0003303  1.0004383
p.fac1[59,3]     1.0036042  1.0053489
p.fac1[60,3]     1.0005942  1.0013005
p.fac1[61,3]     1.0001779  1.0010947
p.fac1[62,3]     1.0005628  1.0019235
p.fac1[63,3]     1.0002823  1.0011306
p.fac1[64,3]     1.0001226  1.0011536
p.fac1[65,3]     1.0002556  1.0004617
p.fac1[66,3]     0.9997857  0.9999884
p.fac1[67,3]     1.0006422  1.0023951
p.fac1[68,3]     1.0000264  1.0006355
p.fac1[69,3]     1.0011276  1.0014788
p.fac1[70,3]     1.0001185  1.0005924
p.fac1[71,3]     1.0010127  1.0038238
p.fac1[72,3]     1.0017462  1.0044465
p.fac1[73,3]     0.9999417  1.0000569
p.fac1[74,3]     1.0007174  1.0020042
p.fac1[75,3]     1.0002748  1.0014680
p.fac1[76,3]     1.0008406  1.0038364
p.fac1[77,3]     1.0014021  1.0054818
p.fac1[78,3]     1.0010092  1.0039978
p.fac1[79,3]     0.9998300  1.0000051
p.fac1[80,3]     0.9998681  1.0002036
p.fac1[81,3]     0.9998052  0.9999864
p.fac1[82,3]     1.0004125  1.0017223
p.fac1[83,3]     1.0002470  1.0007755
p.fac1[84,3]     1.0003657  1.0007784
p.fac1[85,3]     1.0024038  1.0076493
p.fac1[86,3]     0.9998186  1.0000819
p.fac1[87,3]     1.0006678  1.0008277
p.fac1[88,3]     1.0011660  1.0026981
p.fac1[89,3]     1.0021001  1.0054607
p.fac1[90,3]     1.0008895  1.0011609
p.fac1[91,3]     1.0036018  1.0079999
p.fac1[92,3]     1.0007197  1.0019717
p.fac1[93,3]     1.0003230  1.0014032
p.fac1[94,3]     1.0011506  1.0023157
p.fac1[95,3]     1.0037997  1.0120042
p.fac1[96,3]     1.0012119  1.0040474
p.fac1[97,3]     1.0000867  1.0004826
p.fac1[98,3]     1.0002327  1.0011136
p.fac1[99,3]     1.0043989  1.0071881
p.fac1[100,3]    1.0020122  1.0020732
p.fac1[101,3]    1.0168008  1.0474952
p.fac1[102,3]    1.0175251  1.0453329
p.global[1]      1.0000366  1.0010183
p.global[2]      1.0016354  1.0054017
p.global[3]      1.0016743  1.0060760

################################################################################
# Geweke Diagnostic
################################################################################

The Geweke diagnostic is a standard z-score, so we'd expect 5% to be outside +/-1.96
Number of variables outside +/-1.96 in each chain (out of 
616
):


       Chain 1 Chain 2 Chain 3
Geweke     244      27      33


And here are the Geweke diagnostics for all variables:

                chain1 chain2 chain3
deviance         3.022 -1.069  0.538
ilr.fac1[2,1]   -1.311  0.532 -0.719
ilr.fac1[3,1]   -0.168  1.095  0.061
ilr.fac1[4,1]    0.717  0.630 -0.668
ilr.fac1[5,1]   -1.239 -0.204 -0.553
ilr.fac1[6,1]   -4.365  3.084 -2.481
ilr.fac1[7,1]   -1.911 -0.100 -1.716
ilr.fac1[8,1]   -2.487 -0.495 -2.550
ilr.fac1[9,1]   -0.028 -0.717  0.242
ilr.fac1[10,1]  -1.873  0.610 -2.227
ilr.fac1[11,1]  -0.474  1.395 -0.104
ilr.fac1[12,1]   1.016 -1.094 -0.224
ilr.fac1[13,1]   0.730  0.652 -0.471
ilr.fac1[14,1]   2.920 -0.218  1.987
ilr.fac1[15,1]   0.358  0.372  0.618
ilr.fac1[16,1]  -0.102 -0.375 -0.317
ilr.fac1[17,1]   0.769 -1.074 -0.798
ilr.fac1[18,1]   0.149  0.513 -0.965
ilr.fac1[19,1]   2.585 -1.344  0.229
ilr.fac1[20,1]   1.859  0.582  0.581
ilr.fac1[21,1]   1.449  0.434 -1.524
ilr.fac1[22,1]   1.726  0.224  0.595
ilr.fac1[23,1]  -0.605  0.510  1.212
ilr.fac1[24,1]  -3.197  1.697  0.481
ilr.fac1[25,1]   1.963 -0.937 -0.246
ilr.fac1[26,1]   0.127 -0.240  0.471
ilr.fac1[27,1]   0.722  0.395 -1.311
ilr.fac1[28,1]   1.307 -0.084 -0.469
ilr.fac1[29,1]   2.139  0.132 -0.122
ilr.fac1[30,1]   2.073 -0.635  1.822
ilr.fac1[31,1]   1.904 -0.744 -0.269
ilr.fac1[32,1]  -4.877  1.117 -2.486
ilr.fac1[33,1]   1.927  1.382  0.674
ilr.fac1[34,1]   1.224 -0.298 -0.272
ilr.fac1[35,1]   0.092 -0.721  1.090
ilr.fac1[36,1]   0.548  1.249 -0.831
ilr.fac1[37,1]   0.918  0.508  0.451
ilr.fac1[38,1]  -2.540  0.535 -1.094
ilr.fac1[39,1]  -2.966  0.710 -1.127
ilr.fac1[40,1]  -1.251 -0.793 -1.498
ilr.fac1[41,1]  -2.077 -0.401 -0.730
ilr.fac1[42,1]  -1.751  0.920 -1.603
ilr.fac1[43,1]   0.573  0.999  1.068
ilr.fac1[44,1]  -0.463 -1.987  0.123
ilr.fac1[45,1]   4.237  0.293  0.720
ilr.fac1[46,1]  -4.977  0.204  1.307
ilr.fac1[47,1]  -4.004  0.344 -0.992
ilr.fac1[48,1]  -1.779  0.437 -1.225
ilr.fac1[49,1]  -3.598  0.643  0.136
ilr.fac1[50,1]   0.697  1.016 -0.959
ilr.fac1[51,1]   0.219  0.969 -0.782
ilr.fac1[52,1]  -4.467 -0.504 -2.248
ilr.fac1[53,1]   0.803 -2.026 -1.367
ilr.fac1[54,1]   2.930 -0.315  2.936
ilr.fac1[55,1]   4.953 -1.860  0.400
ilr.fac1[56,1]  -3.313  0.949  0.047
ilr.fac1[57,1]  -5.295 -0.018 -0.998
ilr.fac1[58,1]   1.159 -0.385 -0.327
ilr.fac1[59,1]  -3.370  1.441 -0.208
ilr.fac1[60,1]   3.696 -0.474  0.226
ilr.fac1[61,1]  -2.207  0.418 -1.496
ilr.fac1[62,1]   0.962  0.809 -2.210
ilr.fac1[63,1]   6.298  0.621  0.149
ilr.fac1[64,1]  -3.679  2.029  1.700
ilr.fac1[65,1]   2.786 -0.440  0.910
ilr.fac1[66,1]   1.199 -0.366 -1.950
ilr.fac1[67,1]   1.431  0.907 -0.155
ilr.fac1[68,1]   4.518 -0.323 -1.498
ilr.fac1[69,1]  -3.470  0.224 -1.070
ilr.fac1[70,1]   2.022  0.279  2.160
ilr.fac1[71,1]   0.612 -0.995  0.497
ilr.fac1[72,1]   1.700 -0.089  0.624
ilr.fac1[73,1]  -0.047 -0.432  1.499
ilr.fac1[74,1]   2.881 -0.616 -0.526
ilr.fac1[75,1]   0.359 -0.401 -1.236
ilr.fac1[76,1]   1.884 -0.726  0.348
ilr.fac1[77,1]   1.371  0.206  1.964
ilr.fac1[78,1]   1.154 -0.514 -0.381
ilr.fac1[79,1]   2.715 -0.672  1.503
ilr.fac1[80,1]   2.289  1.428 -0.290
ilr.fac1[81,1]   2.304 -1.117  1.948
ilr.fac1[82,1]   2.657  0.062  0.639
ilr.fac1[83,1]   2.367  0.046  0.940
ilr.fac1[84,1]   0.245 -1.424 -0.939
ilr.fac1[85,1]   1.734  0.312 -0.411
ilr.fac1[86,1]   5.310 -0.680  0.405
ilr.fac1[87,1]   3.663 -1.080 -0.600
ilr.fac1[88,1]  -0.371 -0.514 -1.595
ilr.fac1[89,1]  -2.097 -0.056  0.570
ilr.fac1[90,1]  -1.432  0.845 -2.627
ilr.fac1[91,1]   0.468  2.672  0.102
ilr.fac1[92,1]  -0.568  1.243  0.234
ilr.fac1[93,1]   1.216  0.150 -0.433
ilr.fac1[94,1]  -1.032  1.295 -0.534
ilr.fac1[95,1]  -0.170 -0.407 -0.525
ilr.fac1[96,1]   4.615  0.944  0.738
ilr.fac1[97,1]   5.004 -1.678 -0.252
ilr.fac1[98,1]   2.002 -1.699 -0.496
ilr.fac1[99,1]  -1.896  0.857 -1.449
ilr.fac1[100,1] -4.261  1.858 -0.724
ilr.fac1[101,1] -2.419  1.195 -1.379
ilr.fac1[102,1] -4.496  0.985 -0.363
ilr.fac1[2,2]    0.556 -0.152 -0.525
ilr.fac1[3,2]   -0.576 -0.045 -0.595
ilr.fac1[4,2]   -1.404  0.799  1.468
ilr.fac1[5,2]    3.826  1.164 -0.746
ilr.fac1[6,2]    3.729 -0.229  0.517
ilr.fac1[7,2]    3.254 -0.056 -0.711
ilr.fac1[8,2]    5.501 -0.314  0.254
ilr.fac1[9,2]    0.715  0.895 -0.609
ilr.fac1[10,2]   0.670  0.260 -1.171
ilr.fac1[11,2]  -0.140  0.490 -0.209
ilr.fac1[12,2]  -0.542 -0.482  0.437
ilr.fac1[13,2]  -0.505 -0.907  0.006
ilr.fac1[14,2]  -0.302  0.119 -1.951
ilr.fac1[15,2]  -0.510 -0.347 -1.836
ilr.fac1[16,2]   1.278  1.651  0.868
ilr.fac1[17,2]   0.185  1.153  0.814
ilr.fac1[18,2]   0.035  0.477  1.012
ilr.fac1[19,2]  -1.753 -0.121 -0.497
ilr.fac1[20,2]  -0.745  0.737  0.773
ilr.fac1[21,2]  -2.219 -0.959  1.266
ilr.fac1[22,2]  -1.087 -0.548 -1.052
ilr.fac1[23,2]   0.201 -0.770 -1.527
ilr.fac1[24,2]   1.269  1.675  0.886
ilr.fac1[25,2]   0.949  1.807  0.100
ilr.fac1[26,2]  -0.651  0.634  0.020
ilr.fac1[27,2]  -0.336  1.434 -0.989
ilr.fac1[28,2]  -1.102  1.655 -0.514
ilr.fac1[29,2]  -2.903  0.181 -0.183
ilr.fac1[30,2]  -1.561  1.548 -1.761
ilr.fac1[31,2]  -1.472  0.833  0.352
ilr.fac1[32,2]   3.974  0.121 -0.626
ilr.fac1[33,2]  -2.193 -0.307 -2.003
ilr.fac1[34,2]  -0.816  2.223 -0.481
ilr.fac1[35,2]   0.227  1.721 -0.042
ilr.fac1[36,2]  -2.122  0.007  0.387
ilr.fac1[37,2]  -0.144  0.572  0.678
ilr.fac1[38,2]   1.149 -1.334  0.194
ilr.fac1[39,2]  -2.106  0.427 -1.578
ilr.fac1[40,2]   0.714  0.797 -0.667
ilr.fac1[41,2]   1.457 -0.347  0.282
ilr.fac1[42,2]   2.709  0.290 -1.877
ilr.fac1[43,2]  -1.000 -0.462 -1.768
ilr.fac1[44,2]   0.565 -0.309  1.286
ilr.fac1[45,2]  -1.307  0.212  0.368
ilr.fac1[46,2]  -0.957  0.074 -1.411
ilr.fac1[47,2]  -1.410 -1.229 -0.120
ilr.fac1[48,2]  -0.618  1.355 -1.163
ilr.fac1[49,2]  -2.826  1.435  0.395
ilr.fac1[50,2]   3.338  0.279  0.361
ilr.fac1[51,2]  -3.801  0.387 -1.456
ilr.fac1[52,2]  -2.180 -2.222 -1.720
ilr.fac1[53,2]  -2.943  1.872  0.491
ilr.fac1[54,2]   1.929 -0.771 -0.057
ilr.fac1[55,2]  -0.949  0.412  0.911
ilr.fac1[56,2]  -2.422 -0.222  0.796
ilr.fac1[57,2]  -0.726 -1.109  0.002
ilr.fac1[58,2]  -1.429  1.908  0.017
ilr.fac1[59,2]  -0.129  1.540 -1.198
ilr.fac1[60,2]  -0.543  1.523 -1.276
ilr.fac1[61,2]  -2.311  2.017 -2.161
ilr.fac1[62,2]  -3.471  0.294  1.450
ilr.fac1[63,2]   3.002 -0.782 -1.276
ilr.fac1[64,2]  -0.665  2.785  0.273
ilr.fac1[65,2]  -1.173 -0.975 -0.317
ilr.fac1[66,2]  -0.980 -0.082 -1.526
ilr.fac1[67,2]   1.751 -0.950 -2.409
ilr.fac1[68,2]  -0.961  1.277 -0.596
ilr.fac1[69,2]  -3.483 -0.819 -0.261
ilr.fac1[70,2]  -0.372  1.218 -1.084
ilr.fac1[71,2]  -1.898 -0.238  0.334
ilr.fac1[72,2]  -0.057  0.981 -0.066
ilr.fac1[73,2]  -0.311 -0.314 -2.190
ilr.fac1[74,2]  -0.220  1.179 -0.640
ilr.fac1[75,2]   1.837 -0.575 -0.471
ilr.fac1[76,2]   2.961  0.779  0.392
ilr.fac1[77,2]   2.754 -1.341 -0.751
ilr.fac1[78,2]  -0.496 -0.994  1.659
ilr.fac1[79,2]  -0.992 -0.142 -0.725
ilr.fac1[80,2]   0.927 -0.681 -0.968
ilr.fac1[81,2]   1.578  1.254 -0.960
ilr.fac1[82,2]  -0.086  1.116  1.139
ilr.fac1[83,2]  -2.143  1.319 -1.396
ilr.fac1[84,2]   1.301  1.703  0.934
ilr.fac1[85,2]   0.003 -2.113 -0.185
ilr.fac1[86,2]  -0.988  0.685 -1.681
ilr.fac1[87,2]  -1.923 -0.245  1.660
ilr.fac1[88,2]   1.527 -0.301 -0.678
ilr.fac1[89,2]   1.728 -1.565 -1.863
ilr.fac1[90,2]   0.659 -0.751 -0.998
ilr.fac1[91,2]   0.339 -0.751 -1.664
ilr.fac1[92,2]   0.683  0.453 -0.188
ilr.fac1[93,2]  -1.827 -0.793 -0.120
ilr.fac1[94,2]   0.824 -0.714 -1.631
ilr.fac1[95,2]  -2.246 -1.412  0.268
ilr.fac1[96,2]  -2.545  1.142 -0.083
ilr.fac1[97,2]  -1.218  1.395 -0.258
ilr.fac1[98,2]   1.659 -0.238 -0.079
ilr.fac1[99,2]   1.050  1.083  0.155
ilr.fac1[100,2]  0.950 -0.065  0.547
ilr.fac1[101,2]  2.798 -1.170  0.237
ilr.fac1[102,2]  2.102 -0.160  0.823
loglik[1]        1.472 -0.284 -0.615
loglik[2]       -0.749 -0.625  0.109
loglik[3]       -0.398  1.196  0.655
loglik[4]        1.094  0.377 -1.126
loglik[5]       -1.538  0.755 -1.780
loglik[6]       -2.258 -1.112 -0.276
loglik[7]       -2.456  0.473 -1.595
loglik[8]       -2.143 -0.498 -0.291
loglik[9]        0.833  0.543 -0.355
loglik[10]      -0.430  2.159 -1.860
loglik[11]      -1.687  1.185 -0.380
loglik[12]       0.942 -0.663 -0.272
loglik[13]       0.869  0.197 -0.993
loglik[14]       3.173 -0.932 -0.203
loglik[15]       0.032  0.474  0.072
loglik[16]       0.932  1.151  0.160
loglik[17]       0.534 -0.869 -0.661
loglik[18]       0.194  1.561 -0.385
loglik[19]       2.869 -0.210 -0.634
loglik[20]      -4.202  0.699 -1.009
loglik[21]       1.296  1.153 -1.058
loglik[22]      -0.420  2.029  0.408
loglik[23]      -1.857 -0.963 -1.379
loglik[24]      -2.254 -0.342  1.330
loglik[25]       3.158  0.134 -0.259
loglik[26]      -0.593 -0.172 -1.051
loglik[27]       0.228  0.399  0.020
loglik[28]       1.554 -1.153 -0.605
loglik[29]       1.744  0.103 -0.554
loglik[30]      -1.314  0.070  0.864
loglik[31]      -4.257  0.901 -0.477
loglik[32]       1.012 -0.171  1.313
loglik[33]       1.497  1.718  1.267
loglik[34]      -2.962  0.109 -0.298
loglik[35]      -2.286  0.728 -0.336
loglik[36]       0.050  1.289 -0.676
loglik[37]      -2.054  1.183 -0.568
loglik[38]      -1.108 -1.694  0.245
loglik[39]      -2.846 -0.947 -0.325
loglik[40]      -1.193 -0.665  0.022
loglik[41]       0.675  1.321  0.084
loglik[42]      -0.189  0.314 -2.494
loglik[43]       0.137  1.630 -0.392
loglik[44]      -1.143  0.789  0.203
loglik[45]       1.176 -0.424 -0.745
loglik[46]      -2.942 -0.065  0.648
loglik[47]      -1.306  0.408 -1.005
loglik[48]      -4.521  1.019  0.269
loglik[49]      -3.353  0.028 -0.134
loglik[50]      -3.308 -1.767  0.225
loglik[51]      -1.309 -0.167  0.453
loglik[52]      -5.182 -0.261 -0.329
loglik[53]      -1.493 -0.371 -0.357
loglik[54]      -3.129  0.335 -0.846
loglik[55]      -1.541  2.626  0.043
loglik[56]      -2.051  0.005 -0.528
loglik[57]      -1.466 -0.679 -1.422
loglik[58]      -1.484  1.525 -1.354
loglik[59]       2.364  0.650 -0.714
loglik[60]      -4.233  0.734 -0.348
loglik[61]      -1.688  1.372 -0.799
loglik[62]      -3.245  0.092  0.329
loglik[63]      -5.358 -0.192 -0.209
loglik[64]       0.207  0.082 -0.512
loglik[65]      -2.073  0.394 -1.069
loglik[66]      -2.850 -0.223 -1.320
loglik[67]      -2.453 -1.490 -0.692
loglik[68]      -3.553  1.270  0.160
loglik[69]      -5.347 -1.263 -0.237
loglik[70]       0.804 -0.426  1.525
loglik[71]      -2.589  0.887 -1.574
loglik[72]       0.635 -0.592  1.146
loglik[73]       1.324  0.571  1.753
loglik[74]       0.719  0.507  1.649
loglik[75]       0.610  0.574  0.418
loglik[76]       0.025 -0.590  0.832
loglik[77]      -1.213  2.265 -0.261
loglik[78]       1.919  1.293 -1.656
loglik[79]       1.659  0.245  0.755
loglik[80]       0.237  0.846  0.313
loglik[81]      -1.913  0.280  1.521
loglik[82]      -1.582 -0.488 -0.819
loglik[83]       3.242 -0.418  0.259
loglik[84]       1.400 -1.728  0.306
loglik[85]       0.159  0.597 -0.216
loglik[86]       0.967  1.769  0.102
loglik[87]      -1.434  0.352  1.033
loglik[88]      -0.163 -0.484 -1.102
loglik[89]      -1.185 -1.153 -1.735
loglik[90]      -0.572  0.879 -1.150
loglik[91]      -1.524  0.644 -0.471
loglik[92]      -1.271  1.338 -0.219
loglik[93]       1.829  0.623  0.574
loglik[94]       1.541  0.962  1.292
loglik[95]      -2.559  0.945  0.271
loglik[96]       3.344  0.716  0.250
loglik[97]      -1.581  1.297  0.341
loglik[98]      -1.170  0.321  0.204
loglik[99]       0.153 -0.388 -0.146
loglik[100]      0.162  0.116  0.149
loglik[101]     -2.840  1.202 -0.203
loglik[102]     -1.805  0.590 -0.878
p.fac1[1,1]     -3.041 -0.522  0.694
p.fac1[2,1]     -0.877 -0.508 -0.659
p.fac1[3,1]     -1.599  0.785 -0.051
p.fac1[4,1]      0.185  0.848 -0.251
p.fac1[5,1]      1.131  0.438 -1.377
p.fac1[6,1]      0.606  1.223 -1.095
p.fac1[7,1]      0.534 -0.742 -1.781
p.fac1[8,1]      0.752 -0.422 -1.352
p.fac1[9,1]      0.514  0.056 -0.387
p.fac1[10,1]    -1.372  0.516 -2.066
p.fac1[11,1]    -1.273  1.169 -0.099
p.fac1[12,1]     0.900 -1.679 -0.017
p.fac1[13,1]     0.450  0.259 -0.308
p.fac1[14,1]     2.530 -1.237  0.065
p.fac1[15,1]    -0.364  0.320 -0.147
p.fac1[16,1]     0.651  0.895  0.805
p.fac1[17,1]     0.364 -0.738 -0.374
p.fac1[18,1]    -0.600  1.000 -0.546
p.fac1[19,1]     1.540 -1.905  0.267
p.fac1[20,1]     1.139  0.616  1.469
p.fac1[21,1]    -0.258 -0.150 -0.668
p.fac1[22,1]     1.203 -0.014  0.343
p.fac1[23,1]    -0.382 -0.213  0.594
p.fac1[24,1]    -2.593  1.343  1.275
p.fac1[25,1]     2.170 -0.422  0.510
p.fac1[26,1]    -0.037  0.257  0.871
p.fac1[27,1]     0.092  0.515 -1.364
p.fac1[28,1]     1.047  0.221 -0.399
p.fac1[29,1]     0.888 -0.306 -0.120
p.fac1[30,1]     1.577  0.227  0.845
p.fac1[31,1]     1.387 -0.679  0.017
p.fac1[32,1]    -3.627  0.909 -2.139
p.fac1[33,1]     1.029  0.693  0.341
p.fac1[34,1]    -0.054  0.158 -0.371
p.fac1[35,1]     0.005 -0.577  1.482
p.fac1[36,1]     0.066  0.704 -0.403
p.fac1[37,1]     0.274  0.874  0.621
p.fac1[38,1]    -2.976 -0.357 -1.122
p.fac1[39,1]    -3.578  0.314 -1.561
p.fac1[40,1]    -0.759 -0.548 -1.410
p.fac1[41,1]    -2.067 -0.106 -0.335
p.fac1[42,1]    -2.376  0.516 -1.902
p.fac1[43,1]    -0.381  0.511 -0.020
p.fac1[44,1]    -0.425 -2.207  0.977
p.fac1[45,1]     3.728  0.123  0.971
p.fac1[46,1]    -6.104  0.028  0.642
p.fac1[47,1]    -5.037 -0.164 -0.745
p.fac1[48,1]    -2.861  1.033 -1.345
p.fac1[49,1]    -3.484  0.634 -0.127
p.fac1[50,1]     2.665  0.604  0.018
p.fac1[51,1]    -1.874  0.639 -1.130
p.fac1[52,1]    -5.661 -1.648 -2.143
p.fac1[53,1]    -0.880 -1.492 -1.165
p.fac1[54,1]     1.970 -0.212  2.644
p.fac1[55,1]     4.085 -2.054  0.793
p.fac1[56,1]    -4.438  1.334  0.481
p.fac1[57,1]    -3.506 -0.162 -0.825
p.fac1[58,1]    -0.324  0.039 -0.126
p.fac1[59,1]    -3.392  1.796 -0.801
p.fac1[60,1]     2.440 -0.005  0.049
p.fac1[61,1]    -3.701  0.491 -1.273
p.fac1[62,1]    -0.276  0.362 -2.038
p.fac1[63,1]     5.382 -0.053  0.076
p.fac1[64,1]    -3.814  2.153  1.235
p.fac1[65,1]     2.120 -1.028  1.155
p.fac1[66,1]     0.209 -0.488 -2.693
p.fac1[67,1]     1.276  0.929 -0.544
p.fac1[68,1]     3.245 -0.464 -0.989
p.fac1[69,1]    -5.240  0.098 -1.395
p.fac1[70,1]     1.008  0.890  2.064
p.fac1[71,1]    -0.760 -1.099  0.461
p.fac1[72,1]     2.011 -0.185  0.377
p.fac1[73,1]    -1.485 -0.822  0.041
p.fac1[74,1]     1.995 -0.011 -0.984
p.fac1[75,1]     0.533 -1.853 -0.551
p.fac1[76,1]     2.005 -0.468  0.570
p.fac1[77,1]     1.789 -0.144  1.511
p.fac1[78,1]     0.837 -1.459  0.785
p.fac1[79,1]     2.060 -1.184  1.605
p.fac1[80,1]     2.702  1.195 -0.737
p.fac1[81,1]     2.614 -1.230  1.988
p.fac1[82,1]     2.723  0.379  1.343
p.fac1[83,1]    -0.018  0.373  0.363
p.fac1[84,1]    -0.662 -0.588 -0.791
p.fac1[85,1]     1.627 -1.121 -0.266
p.fac1[86,1]     3.542 -0.372 -0.317
p.fac1[87,1]     2.365 -1.751  0.029
p.fac1[88,1]     0.419 -0.775 -1.626
p.fac1[89,1]    -1.353 -1.182 -0.299
p.fac1[90,1]    -1.445  0.185 -1.773
p.fac1[91,1]     0.051  1.909 -0.310
p.fac1[92,1]    -0.426  1.324  0.126
p.fac1[93,1]     0.391 -0.470 -0.444
p.fac1[94,1]    -1.281 -0.281 -0.999
p.fac1[95,1]    -1.782 -0.981 -0.083
p.fac1[96,1]     3.448  1.769  1.006
p.fac1[97,1]     4.540 -1.427 -0.359
p.fac1[98,1]     2.630 -1.773 -0.451
p.fac1[99,1]    -4.341  1.452 -0.378
p.fac1[100,1]   -5.195  1.157 -0.101
p.fac1[101,1]   -3.425  0.534 -0.388
p.fac1[102,1]   -1.318  0.863  0.707
p.fac1[1,2]      5.089 -0.836  0.726
p.fac1[2,2]      2.945 -1.114  0.716
p.fac1[3,2]      2.286 -0.593  0.379
p.fac1[4,2]      1.083 -0.469  1.023
p.fac1[5,2]      3.488 -0.698  1.504
p.fac1[6,2]      3.912 -2.320  1.469
p.fac1[7,2]      4.366 -0.103  2.049
p.fac1[8,2]      3.337  0.161  1.821
p.fac1[9,2]      1.277  0.468 -0.233
p.fac1[10,2]     3.705 -0.911  1.734
p.fac1[11,2]     2.603 -0.988  0.284
p.fac1[12,2]     0.613  0.614  0.587
p.fac1[13,2]     0.970 -0.949  0.606
p.fac1[14,2]    -1.216  0.348 -2.058
p.fac1[15,2]     1.367 -0.712 -0.369
p.fac1[16,2]     1.618 -0.269  0.382
p.fac1[17,2]     1.268  0.866  0.899
p.fac1[18,2]     1.836 -0.948  1.195
p.fac1[19,2]    -1.456  0.940 -0.073
p.fac1[20,2]     0.091 -0.873 -0.111
p.fac1[21,2]    -0.300 -1.309  1.664
p.fac1[22,2]    -0.291 -1.189 -0.494
p.fac1[23,2]     2.844 -0.669 -0.388
p.fac1[24,2]     2.141 -1.196  0.449
p.fac1[25,2]     0.028  0.813 -0.003
p.fac1[26,2]     0.480 -0.061 -0.732
p.fac1[27,2]     0.545 -0.015  0.873
p.fac1[28,2]    -0.314  0.527  0.318
p.fac1[29,2]    -1.714  0.280  0.007
p.fac1[30,2]    -0.221  0.643 -1.762
p.fac1[31,2]    -2.096  0.498  0.346
p.fac1[32,2]     3.570 -1.086  1.926
p.fac1[33,2]    -0.276 -1.938 -0.579
p.fac1[34,2]     0.955  0.498  0.226
p.fac1[35,2]     0.842  0.930 -0.695
p.fac1[36,2]     0.651 -0.837  1.364
p.fac1[37,2]     1.476 -0.518  0.401
p.fac1[38,2]     5.728 -1.068  1.029
p.fac1[39,2]     4.138 -0.833  0.721
p.fac1[40,2]     3.340  0.465  1.123
p.fac1[41,2]     4.177 -0.477  0.721
p.fac1[42,2]     3.255 -0.801  1.165
p.fac1[43,2]     1.096 -0.811 -1.432
p.fac1[44,2]     2.712  1.227  0.648
p.fac1[45,2]    -2.306 -0.500 -0.500
p.fac1[46,2]     6.852 -0.810 -1.053
p.fac1[47,2]     4.474 -1.280  1.359
p.fac1[48,2]     3.554 -0.226  1.237
p.fac1[49,2]     3.587 -0.701  0.476
p.fac1[50,2]     3.783 -0.662  1.021
p.fac1[51,2]     0.703 -1.287  0.898
p.fac1[52,2]     2.162 -0.781  1.618
p.fac1[53,2]     0.264  2.049  2.854
p.fac1[54,2]    -0.506 -0.814 -1.988
p.fac1[55,2]    -2.825  1.442  0.264
p.fac1[56,2]     4.540 -1.074  0.464
p.fac1[57,2]     3.192 -0.828  0.986
p.fac1[58,2]     0.709  0.402  0.412
p.fac1[59,2]     4.274 -0.857  0.283
p.fac1[60,2]    -1.802  0.660 -0.105
p.fac1[61,2]     3.879 -0.375  1.025
p.fac1[62,2]    -0.816 -1.047  2.673
p.fac1[63,2]    -1.849 -1.046 -0.251
p.fac1[64,2]     3.600 -1.048 -0.727
p.fac1[65,2]    -0.415 -0.612 -0.854
p.fac1[66,2]     0.864  0.356  1.879
p.fac1[67,2]    -0.913 -1.414 -0.403
p.fac1[68,2]    -3.207  0.552  0.899
p.fac1[69,2]     4.696 -0.881  1.137
p.fac1[70,2]    -0.543  0.232 -2.226
p.fac1[71,2]     1.115  0.492 -0.277
p.fac1[72,2]     0.173  0.295 -0.300
p.fac1[73,2]     0.804  0.189 -1.642
p.fac1[74,2]    -0.659  0.553  0.195
p.fac1[75,2]     2.186 -0.399  0.547
p.fac1[76,2]     1.505  0.501  0.062
p.fac1[77,2]     2.249 -1.195 -1.496
p.fac1[78,2]    -0.187 -0.121  0.920
p.fac1[79,2]    -1.298  0.419 -1.514
p.fac1[80,2]    -0.285 -1.747  0.039
p.fac1[81,2]     0.170  1.032 -1.622
p.fac1[82,2]    -0.809  0.140 -0.120
p.fac1[83,2]    -1.291 -0.076 -1.286
p.fac1[84,2]     1.513  1.684  1.316
p.fac1[85,2]     0.151 -0.797  0.805
p.fac1[86,2]    -3.436  0.287 -0.618
p.fac1[87,2]    -1.412  0.451  1.299
p.fac1[88,2]     1.773 -0.453  1.564
p.fac1[89,2]     4.814 -0.691 -0.184
p.fac1[90,2]     2.957 -1.235  1.617
p.fac1[91,2]     1.869 -2.901  0.122
p.fac1[92,2]     2.152 -1.307  0.040
p.fac1[93,2]    -0.083 -0.476  0.714
p.fac1[94,2]     2.547 -1.240  0.197
p.fac1[95,2]     1.779 -0.313  0.759
p.fac1[96,2]    -3.474 -0.534 -0.641
p.fac1[97,2]    -3.296  1.968  0.463
p.fac1[98,2]     0.790  1.275  0.700
p.fac1[99,2]     3.133 -0.281  0.570
p.fac1[100,2]    4.156 -1.895  0.562
p.fac1[101,2]    2.170 -1.044  0.879
p.fac1[102,2]    3.197 -0.765  0.593
p.fac1[1,3]     -3.360  1.979 -1.252
p.fac1[2,3]     -1.394  1.426  0.181
p.fac1[3,3]     -1.943 -0.899 -0.900
p.fac1[4,3]     -1.700 -0.747 -1.441
p.fac1[5,3]     -2.171 -0.122  0.640
p.fac1[6,3]     -2.543  0.054 -0.199
p.fac1[7,3]     -3.048  0.916  0.287
p.fac1[8,3]     -2.095  0.379  0.053
p.fac1[9,3]     -2.672 -0.695  0.834
p.fac1[10,3]    -2.526  0.353  0.577
p.fac1[11,3]    -0.912 -0.519 -0.113
p.fac1[12,3]    -2.177  1.377 -0.738
p.fac1[13,3]    -2.159  0.583 -0.514
p.fac1[14,3]    -2.574  1.378  1.951
p.fac1[15,3]    -1.901  0.528  0.799
p.fac1[16,3]    -2.818 -1.069 -1.943
p.fac1[17,3]    -3.143  0.200 -0.949
p.fac1[18,3]    -2.444 -0.456 -1.021
p.fac1[19,3]    -0.180  0.862 -0.286
p.fac1[20,3]    -2.090  0.436 -1.859
p.fac1[21,3]     0.937  2.115 -1.400
p.fac1[22,3]    -1.131  1.173  0.164
p.fac1[23,3]    -3.990  0.884 -0.422
p.fac1[24,3]    -2.830 -0.349 -2.154
p.fac1[25,3]    -2.997 -0.529 -0.724
p.fac1[26,3]    -0.728 -0.294 -0.200
p.fac1[27,3]    -0.943 -0.570  0.354
p.fac1[28,3]    -0.939 -0.949  0.080
p.fac1[29,3]     1.389 -0.048  0.189
p.fac1[30,3]    -1.945 -1.203  1.207
p.fac1[31,3]     1.632  0.186 -0.828
p.fac1[32,3]    -4.437  0.049  0.037
p.fac1[33,3]    -1.283  1.474  0.585
p.fac1[34,3]    -1.187 -0.736  0.150
p.fac1[35,3]    -2.343 -0.895 -1.395
p.fac1[36,3]    -0.906  0.099 -1.253
p.fac1[37,3]    -2.818 -0.499 -1.311
p.fac1[38,3]    -3.791  1.552  0.078
p.fac1[39,3]    -1.075  0.427  1.230
p.fac1[40,3]    -1.872  0.252  0.626
p.fac1[41,3]    -1.268  0.720 -0.627
p.fac1[42,3]    -4.018  0.071  0.871
p.fac1[43,3]    -0.770  0.443  1.717
p.fac1[44,3]    -3.009  1.147 -1.932
p.fac1[45,3]    -1.193  0.552 -0.456
p.fac1[46,3]    -1.425  1.091  0.541
p.fac1[47,3]    -1.289  1.644 -0.620
p.fac1[48,3]    -2.053 -1.075  0.180
p.fac1[49,3]    -0.770  0.050 -0.832
p.fac1[50,3]    -3.469  0.247 -0.882
p.fac1[51,3]     1.245  1.205  0.137
p.fac1[52,3]     1.051  2.716  0.572
p.fac1[53,3]     0.752 -1.545 -1.302
p.fac1[54,3]    -2.925  1.330  0.221
p.fac1[55,3]    -0.847 -0.053 -1.451
p.fac1[56,3]    -0.394 -0.498 -1.806
p.fac1[57,3]    -1.428  1.414 -0.381
p.fac1[58,3]    -0.612 -0.532 -0.441
p.fac1[59,3]    -4.185 -1.728  0.783
p.fac1[60,3]    -0.247 -0.994  0.109
p.fac1[61,3]    -0.111 -0.136  0.492
p.fac1[62,3]     1.640  1.258 -2.054
p.fac1[63,3]    -2.138  1.578  0.259
p.fac1[64,3]    -3.274 -1.342 -0.796
p.fac1[65,3]    -1.545  1.853 -0.221
p.fac1[66,3]    -1.248  0.183  0.601
p.fac1[67,3]    -2.451  1.194  1.429
p.fac1[68,3]    -0.156 -0.413 -0.243
p.fac1[69,3]     0.428  1.104  0.347
p.fac1[70,3]    -0.302 -1.646  0.799
p.fac1[71,3]    -0.658  0.689 -0.153
p.fac1[72,3]    -1.625 -0.207  0.092
p.fac1[73,3]     0.354  0.615  1.935
p.fac1[74,3]    -1.016 -0.759  0.587
p.fac1[75,3]    -2.415  1.481 -0.032
p.fac1[76,3]    -3.795 -0.232 -0.548
p.fac1[77,3]    -3.744  1.449  0.521
p.fac1[78,3]    -0.510  1.614 -2.277
p.fac1[79,3]    -0.306  0.604  0.404
p.fac1[80,3]    -2.848  1.001  0.734
p.fac1[81,3]    -3.791  0.135  0.087
p.fac1[82,3]    -1.559 -0.626 -1.245
p.fac1[83,3]     1.663 -0.402  1.139
p.fac1[84,3]    -1.155 -1.587 -0.927
p.fac1[85,3]    -1.547  2.415 -0.680
p.fac1[86,3]    -0.006 -0.049  0.937
p.fac1[87,3]    -0.749  2.032 -1.841
p.fac1[88,3]    -4.865  1.355  0.495
p.fac1[89,3]    -5.203  1.951  0.600
p.fac1[90,3]    -2.087  0.906  0.716
p.fac1[91,3]    -2.444  0.589  0.268
p.fac1[92,3]    -3.561 -0.483 -0.185
p.fac1[93,3]    -0.329  1.156 -0.398
p.fac1[94,3]    -1.593  1.544  0.630
p.fac1[95,3]     0.107  1.460 -0.889
p.fac1[96,3]     1.257 -1.156 -0.172
p.fac1[97,3]    -0.141 -1.057 -0.262
p.fac1[98,3]    -4.271  0.073 -0.578
p.fac1[99,3]    -1.240 -1.037 -0.127
p.fac1[100,3]   -0.416  0.465 -0.488
p.fac1[101,3]   -2.239  1.291 -0.476
p.fac1[102,3]   -3.511  0.466 -0.883
p.global[1]     -3.041 -0.522  0.694
p.global[2]      5.089 -0.836  0.726
p.global[3]     -3.360  1.979 -1.252
