
################################################################################
# Gelman-Rubin Diagnostic
################################################################################

Generally the Gelman diagnostic should be < 1.05


Out of 622 variables: 0 > 1.01

                      
0 > 1.05

                      
0 > 1.1


The worst variables are:

             Point est. Upper C.I.
p.fac1[39,2]   1.004371   1.006322
loglik[23]     1.004127   1.006135
p.fac1[35,3]   1.004017   1.005030
p.fac1[65,3]   1.003878   1.008263
loglik[40]     1.003751   1.007928
loglik[29]     1.003440   1.006235
loglik[66]     1.003434   1.007943
loglik[89]     1.003298   1.005200
loglik[69]     1.003096   1.006706
p.fac1[39,1]   1.002880   1.004631


And here are the Gelman diagnostics for all variables:

                Point est. Upper C.I.
deviance         1.0008231  1.0038649
ilr.fac1[1,1]          NaN        NaN
ilr.fac1[2,1]    1.0006621  1.0031139
ilr.fac1[3,1]    1.0006232  1.0009633
ilr.fac1[4,1]    1.0008759  1.0013744
ilr.fac1[5,1]    1.0006460  1.0011549
ilr.fac1[6,1]    0.9999547  1.0005127
ilr.fac1[7,1]    1.0008807  1.0030033
ilr.fac1[8,1]    1.0006339  1.0008947
ilr.fac1[9,1]    1.0011634  1.0020314
ilr.fac1[10,1]   0.9998842  1.0000754
ilr.fac1[11,1]   1.0008709  1.0033355
ilr.fac1[12,1]   0.9997243  0.9998584
ilr.fac1[13,1]   1.0000869  1.0003830
ilr.fac1[14,1]   1.0004198  1.0014634
ilr.fac1[15,1]   1.0008607  1.0029632
ilr.fac1[16,1]   1.0001481  1.0003683
ilr.fac1[17,1]   1.0011881  1.0032729
ilr.fac1[18,1]   1.0019745  1.0077393
ilr.fac1[19,1]   1.0004107  1.0019247
ilr.fac1[20,1]   1.0008246  1.0035118
ilr.fac1[21,1]   1.0001792  1.0008981
ilr.fac1[22,1]   1.0002328  1.0015740
ilr.fac1[23,1]   0.9998118  0.9998226
ilr.fac1[24,1]   0.9998752  1.0000320
ilr.fac1[25,1]   0.9997667  0.9999691
ilr.fac1[26,1]   1.0010933  1.0028499
ilr.fac1[27,1]   0.9999114  1.0002758
ilr.fac1[28,1]   1.0004670  1.0015404
ilr.fac1[29,1]   1.0000999  1.0003312
ilr.fac1[30,1]   1.0005295  1.0020137
ilr.fac1[31,1]   0.9998748  1.0001893
ilr.fac1[32,1]   1.0006399  1.0021648
ilr.fac1[33,1]   1.0017887  1.0064009
ilr.fac1[34,1]   1.0010285  1.0026262
ilr.fac1[35,1]   1.0016485  1.0063787
ilr.fac1[36,1]   1.0004696  1.0013957
ilr.fac1[37,1]   0.9998674  1.0000113
ilr.fac1[38,1]   1.0000969  1.0001374
ilr.fac1[39,1]   0.9999995  1.0006460
ilr.fac1[40,1]   1.0004844  1.0020079
ilr.fac1[41,1]   1.0007448  1.0026077
ilr.fac1[42,1]   1.0002334  1.0007362
ilr.fac1[43,1]   1.0012566  1.0039038
ilr.fac1[44,1]   1.0002410  1.0011847
ilr.fac1[45,1]   1.0001582  1.0009346
ilr.fac1[46,1]   1.0005741  1.0025807
ilr.fac1[47,1]   1.0001378  1.0006139
ilr.fac1[48,1]   1.0012282  1.0040269
ilr.fac1[49,1]   1.0004419  1.0011199
ilr.fac1[50,1]   0.9999788  1.0007746
ilr.fac1[51,1]   1.0001266  1.0013559
ilr.fac1[52,1]   1.0001694  1.0008996
ilr.fac1[53,1]   1.0003866  1.0016123
ilr.fac1[54,1]   1.0005730  1.0028571
ilr.fac1[55,1]   1.0024301  1.0041412
ilr.fac1[56,1]   1.0006640  1.0018804
ilr.fac1[57,1]   0.9999820  1.0006131
ilr.fac1[58,1]   1.0009773  1.0033914
ilr.fac1[59,1]   1.0006186  1.0015422
ilr.fac1[60,1]   1.0002974  1.0005451
ilr.fac1[61,1]   1.0006440  1.0018638
ilr.fac1[62,1]   1.0001424  1.0001426
ilr.fac1[63,1]   1.0008495  1.0016037
ilr.fac1[64,1]   1.0008784  1.0033115
ilr.fac1[65,1]   1.0000072  1.0004241
ilr.fac1[66,1]   1.0007668  1.0025441
ilr.fac1[67,1]   0.9999876  1.0005352
ilr.fac1[68,1]   0.9998011  1.0000592
ilr.fac1[69,1]   1.0003637  1.0016279
ilr.fac1[70,1]   1.0007585  1.0013846
ilr.fac1[71,1]   1.0002945  1.0008509
ilr.fac1[72,1]   0.9997071  0.9997915
ilr.fac1[73,1]   1.0007171  1.0018996
ilr.fac1[74,1]   0.9998756  1.0003857
ilr.fac1[75,1]   1.0003533  1.0012977
ilr.fac1[76,1]   1.0013659  1.0031661
ilr.fac1[77,1]   1.0007505  1.0010693
ilr.fac1[78,1]   0.9998199  0.9999814
ilr.fac1[79,1]   0.9998855  0.9999195
ilr.fac1[80,1]   1.0005484  1.0015321
ilr.fac1[81,1]   1.0000080  1.0008897
ilr.fac1[82,1]   1.0008690  1.0021137
ilr.fac1[83,1]   1.0000197  1.0005766
ilr.fac1[84,1]   1.0008707  1.0038585
ilr.fac1[85,1]   1.0005884  1.0010693
ilr.fac1[86,1]   1.0016091  1.0038833
ilr.fac1[87,1]   1.0005375  1.0010396
ilr.fac1[88,1]   1.0004074  1.0013113
ilr.fac1[89,1]   1.0006740  1.0008317
ilr.fac1[90,1]   0.9999709  1.0007156
ilr.fac1[91,1]   1.0019765  1.0058917
ilr.fac1[92,1]   1.0012897  1.0038067
ilr.fac1[93,1]   1.0001942  1.0005410
ilr.fac1[94,1]   1.0002716  1.0002957
ilr.fac1[95,1]   1.0000888  1.0004261
ilr.fac1[96,1]   1.0002487  1.0007484
ilr.fac1[97,1]   1.0006742  1.0031287
ilr.fac1[98,1]   0.9997893  1.0000635
ilr.fac1[99,1]   1.0005418  1.0015433
ilr.fac1[100,1]  1.0008980  1.0037154
ilr.fac1[101,1]  1.0001576  1.0013771
ilr.fac1[102,1]  1.0000528  1.0010095
ilr.fac1[103,1]  1.0004774  1.0025984
ilr.fac1[1,2]          NaN        NaN
ilr.fac1[2,2]    1.0001209  1.0011958
ilr.fac1[3,2]    1.0007120  1.0031498
ilr.fac1[4,2]    1.0006944  1.0007637
ilr.fac1[5,2]    0.9998915  1.0000870
ilr.fac1[6,2]    0.9997536  0.9999614
ilr.fac1[7,2]    1.0003446  1.0006143
ilr.fac1[8,2]    1.0005802  1.0009290
ilr.fac1[9,2]    1.0009767  1.0037041
ilr.fac1[10,2]   1.0005162  1.0008556
ilr.fac1[11,2]   1.0003235  1.0015882
ilr.fac1[12,2]   1.0000414  1.0008668
ilr.fac1[13,2]   1.0000249  1.0006021
ilr.fac1[14,2]   1.0005722  1.0018870
ilr.fac1[15,2]   1.0003677  1.0006310
ilr.fac1[16,2]   1.0010263  1.0018326
ilr.fac1[17,2]   0.9997865  1.0000594
ilr.fac1[18,2]   1.0011489  1.0017298
ilr.fac1[19,2]   1.0007523  1.0013186
ilr.fac1[20,2]   1.0003093  1.0008552
ilr.fac1[21,2]   1.0001715  1.0009853
ilr.fac1[22,2]   1.0002333  1.0012726
ilr.fac1[23,2]   1.0002038  1.0012666
ilr.fac1[24,2]   1.0000858  1.0001024
ilr.fac1[25,2]   1.0018330  1.0053350
ilr.fac1[26,2]   0.9997944  0.9999074
ilr.fac1[27,2]   1.0003992  1.0005921
ilr.fac1[28,2]   0.9999274  1.0004182
ilr.fac1[29,2]   1.0004059  1.0016716
ilr.fac1[30,2]   1.0000188  1.0009490
ilr.fac1[31,2]   0.9999481  1.0005590
ilr.fac1[32,2]   1.0001468  1.0008887
ilr.fac1[33,2]   1.0006433  1.0018416
ilr.fac1[34,2]   1.0001398  1.0012291
ilr.fac1[35,2]   1.0004892  1.0013189
ilr.fac1[36,2]   1.0007827  1.0030553
ilr.fac1[37,2]   0.9998349  1.0000234
ilr.fac1[38,2]   1.0012958  1.0020678
ilr.fac1[39,2]   1.0003700  1.0004029
ilr.fac1[40,2]   0.9997116  0.9998155
ilr.fac1[41,2]   1.0001305  1.0002204
ilr.fac1[42,2]   1.0009241  1.0031923
ilr.fac1[43,2]   1.0003169  1.0016091
ilr.fac1[44,2]   1.0007330  1.0015453
ilr.fac1[45,2]   1.0004828  1.0024470
ilr.fac1[46,2]   0.9997486  0.9998629
ilr.fac1[47,2]   1.0002109  1.0011610
ilr.fac1[48,2]   0.9997624  0.9998859
ilr.fac1[49,2]   0.9997735  0.9998588
ilr.fac1[50,2]   1.0001065  1.0010638
ilr.fac1[51,2]   1.0007573  1.0008445
ilr.fac1[52,2]   0.9998648  0.9999426
ilr.fac1[53,2]   1.0003387  1.0020184
ilr.fac1[54,2]   0.9998684  1.0001552
ilr.fac1[55,2]   1.0003030  1.0006107
ilr.fac1[56,2]   1.0003154  1.0010909
ilr.fac1[57,2]   1.0001106  1.0012382
ilr.fac1[58,2]   0.9998199  1.0002244
ilr.fac1[59,2]   0.9999614  1.0002386
ilr.fac1[60,2]   0.9998828  1.0003042
ilr.fac1[61,2]   1.0000593  1.0002055
ilr.fac1[62,2]   1.0002891  1.0007612
ilr.fac1[63,2]   1.0005213  1.0012624
ilr.fac1[64,2]   0.9999954  1.0006656
ilr.fac1[65,2]   1.0010641  1.0035535
ilr.fac1[66,2]   1.0000821  1.0009908
ilr.fac1[67,2]   1.0006885  1.0032045
ilr.fac1[68,2]   0.9998096  0.9998581
ilr.fac1[69,2]   1.0006545  1.0016962
ilr.fac1[70,2]   1.0007372  1.0035143
ilr.fac1[71,2]   1.0008154  1.0038214
ilr.fac1[72,2]   1.0004937  1.0021173
ilr.fac1[73,2]   1.0001267  1.0003779
ilr.fac1[74,2]   1.0003564  1.0017911
ilr.fac1[75,2]   1.0010085  1.0017781
ilr.fac1[76,2]   0.9998860  1.0004493
ilr.fac1[77,2]   1.0018997  1.0062316
ilr.fac1[78,2]   0.9998072  0.9999742
ilr.fac1[79,2]   0.9999248  1.0006083
ilr.fac1[80,2]   1.0015623  1.0058511
ilr.fac1[81,2]   1.0000166  1.0005030
ilr.fac1[82,2]   0.9998944  0.9999218
ilr.fac1[83,2]   1.0003348  1.0006525
ilr.fac1[84,2]   1.0009908  1.0028414
ilr.fac1[85,2]   1.0005517  1.0019344
ilr.fac1[86,2]   1.0020454  1.0071278
ilr.fac1[87,2]   0.9997431  0.9998785
ilr.fac1[88,2]   1.0000657  1.0008391
ilr.fac1[89,2]   1.0005434  1.0020326
ilr.fac1[90,2]   1.0006276  1.0025548
ilr.fac1[91,2]   1.0007735  1.0027386
ilr.fac1[92,2]   1.0002634  1.0003971
ilr.fac1[93,2]   1.0009796  1.0034232
ilr.fac1[94,2]   1.0001619  1.0005994
ilr.fac1[95,2]   1.0002648  1.0012140
ilr.fac1[96,2]   1.0008263  1.0038219
ilr.fac1[97,2]   1.0003268  1.0007437
ilr.fac1[98,2]   1.0012178  1.0022937
ilr.fac1[99,2]   0.9999908  1.0002034
ilr.fac1[100,2]  1.0007596  1.0032521
ilr.fac1[101,2]  1.0004167  1.0023463
ilr.fac1[102,2]  0.9997855  1.0000345
ilr.fac1[103,2]  1.0009655  1.0035309
loglik[1]        0.9999073  1.0000971
loglik[2]        1.0010982  1.0020945
loglik[3]        1.0000215  1.0004073
loglik[4]        1.0016558  1.0050770
loglik[5]        1.0013970  1.0037806
loglik[6]        0.9998898  1.0003572
loglik[7]        1.0013554  1.0030506
loglik[8]        1.0000739  1.0004144
loglik[9]        1.0006790  1.0021988
loglik[10]       1.0001030  1.0008209
loglik[11]       1.0002394  1.0003387
loglik[12]       1.0003007  1.0005186
loglik[13]       0.9997229  0.9998381
loglik[14]       0.9997742  0.9999025
loglik[15]       1.0023854  1.0038040
loglik[16]       1.0011648  1.0042239
loglik[17]       1.0025589  1.0046632
loglik[18]       1.0003254  1.0006234
loglik[19]       1.0012195  1.0024249
loglik[20]       1.0002163  1.0011389
loglik[21]       0.9997110  0.9997509
loglik[22]       1.0000474  1.0000839
loglik[23]       1.0041271  1.0061345
loglik[24]       1.0003124  1.0009435
loglik[25]       1.0002890  1.0017390
loglik[26]       1.0011888  1.0035558
loglik[27]       1.0002091  1.0003982
loglik[28]       0.9997080  0.9998080
loglik[29]       1.0034403  1.0062352
loglik[30]       1.0010646  1.0026500
loglik[31]       0.9998517  0.9998898
loglik[32]       1.0006282  1.0020805
loglik[33]       1.0011656  1.0044035
loglik[34]       1.0009163  1.0038900
loglik[35]       1.0018400  1.0041847
loglik[36]       1.0010740  1.0015964
loglik[37]       0.9998782  1.0002740
loglik[38]       1.0001823  1.0006100
loglik[39]       1.0003186  1.0003705
loglik[40]       1.0037510  1.0079278
loglik[41]       0.9999218  0.9999249
loglik[42]       1.0003897  1.0015041
loglik[43]       1.0004621  1.0012650
loglik[44]       0.9998184  1.0000312
loglik[45]       1.0009032  1.0024084
loglik[46]       1.0012093  1.0038796
loglik[47]       1.0004641  1.0008793
loglik[48]       1.0017572  1.0032457
loglik[49]       0.9999443  1.0005043
loglik[50]       1.0004794  1.0010225
loglik[51]       1.0003649  1.0017952
loglik[52]       1.0023721  1.0028304
loglik[53]       1.0010282  1.0016398
loglik[54]       1.0014930  1.0048588
loglik[55]       0.9998647  1.0000208
loglik[56]       1.0005851  1.0026979
loglik[57]       1.0011343  1.0024163
loglik[58]       1.0004750  1.0015943
loglik[59]       1.0000861  1.0009211
loglik[60]       0.9997361  0.9997699
loglik[61]       0.9999262  1.0000295
loglik[62]       1.0021867  1.0039913
loglik[63]       1.0001686  1.0009757
loglik[64]       1.0004920  1.0012852
loglik[65]       1.0000120  1.0001296
loglik[66]       1.0034335  1.0079430
loglik[67]       1.0011160  1.0030251
loglik[68]       1.0010864  1.0011279
loglik[69]       1.0030958  1.0067062
loglik[70]       1.0018960  1.0037261
loglik[71]       1.0005842  1.0029716
loglik[72]       1.0001505  1.0013963
loglik[73]       1.0004898  1.0009654
loglik[74]       1.0015240  1.0020859
loglik[75]       1.0006997  1.0031290
loglik[76]       1.0007252  1.0014702
loglik[77]       1.0000869  1.0007440
loglik[78]       0.9997531  0.9999178
loglik[79]       1.0007560  1.0018227
loglik[80]       1.0000642  1.0009869
loglik[81]       1.0001653  1.0002672
loglik[82]       1.0011365  1.0028117
loglik[83]       0.9999044  1.0003102
loglik[84]       1.0010522  1.0022832
loglik[85]       1.0000415  1.0002305
loglik[86]       0.9999011  1.0003076
loglik[87]       1.0003288  1.0012123
loglik[88]       1.0003052  1.0018257
loglik[89]       1.0032976  1.0052001
loglik[90]       1.0009039  1.0023910
loglik[91]       0.9999614  1.0005720
loglik[92]       1.0003941  1.0012012
loglik[93]       1.0004165  1.0006179
loglik[94]       1.0008842  1.0025838
loglik[95]       1.0012479  1.0029493
loglik[96]       1.0012977  1.0042062
loglik[97]       1.0008011  1.0024553
loglik[98]       1.0004864  1.0022799
loglik[99]       1.0010877  1.0015720
loglik[100]      1.0007977  1.0033109
loglik[101]      1.0003646  1.0003783
loglik[102]      1.0001239  1.0007413
loglik[103]      1.0004743  1.0005118
p.fac1[1,1]      1.0002208  1.0016343
p.fac1[2,1]      1.0010980  1.0041076
p.fac1[3,1]      0.9999399  1.0005117
p.fac1[4,1]      0.9999946  1.0001749
p.fac1[5,1]      1.0003864  1.0010049
p.fac1[6,1]      1.0000464  1.0004227
p.fac1[7,1]      1.0009693  1.0038568
p.fac1[8,1]      0.9998746  0.9999644
p.fac1[9,1]      1.0006572  1.0016210
p.fac1[10,1]     0.9999741  1.0005902
p.fac1[11,1]     1.0017383  1.0051977
p.fac1[12,1]     0.9997515  0.9998528
p.fac1[13,1]     1.0001210  1.0008268
p.fac1[14,1]     1.0006703  1.0013092
p.fac1[15,1]     1.0006220  1.0031210
p.fac1[16,1]     1.0003351  1.0004544
p.fac1[17,1]     1.0012783  1.0031069
p.fac1[18,1]     1.0020755  1.0079575
p.fac1[19,1]     1.0004814  1.0023175
p.fac1[20,1]     1.0005708  1.0016996
p.fac1[21,1]     1.0001486  1.0012409
p.fac1[22,1]     1.0005410  1.0016916
p.fac1[23,1]     1.0007313  1.0020108
p.fac1[24,1]     1.0000850  1.0006968
p.fac1[25,1]     1.0004536  1.0018237
p.fac1[26,1]     1.0006458  1.0020668
p.fac1[27,1]     1.0002542  1.0005603
p.fac1[28,1]     1.0000855  1.0011598
p.fac1[29,1]     1.0021614  1.0042350
p.fac1[30,1]     1.0003834  1.0014859
p.fac1[31,1]     0.9999079  1.0004161
p.fac1[32,1]     0.9999908  1.0002460
p.fac1[33,1]     1.0016682  1.0060442
p.fac1[34,1]     1.0001576  1.0002619
p.fac1[35,1]     1.0008223  1.0033742
p.fac1[36,1]     1.0002100  1.0007026
p.fac1[37,1]     1.0000560  1.0007105
p.fac1[38,1]     0.9997636  0.9998676
p.fac1[39,1]     1.0028800  1.0046314
p.fac1[40,1]     1.0007473  1.0020714
p.fac1[41,1]     1.0018100  1.0050680
p.fac1[42,1]     0.9999230  1.0002338
p.fac1[43,1]     1.0003547  1.0019809
p.fac1[44,1]     1.0004236  1.0018052
p.fac1[45,1]     1.0008646  1.0013050
p.fac1[46,1]     1.0014325  1.0052274
p.fac1[47,1]     1.0003415  1.0013368
p.fac1[48,1]     1.0003516  1.0020077
p.fac1[49,1]     1.0000341  1.0007665
p.fac1[50,1]     1.0003250  1.0019363
p.fac1[51,1]     1.0005078  1.0012916
p.fac1[52,1]     1.0004228  1.0010479
p.fac1[53,1]     1.0003039  1.0015314
p.fac1[54,1]     1.0001117  1.0012905
p.fac1[55,1]     1.0004511  1.0009799
p.fac1[56,1]     1.0002633  1.0013724
p.fac1[57,1]     1.0004845  1.0024747
p.fac1[58,1]     1.0000048  1.0008744
p.fac1[59,1]     0.9999916  1.0007121
p.fac1[60,1]     0.9997435  0.9999151
p.fac1[61,1]     1.0003723  1.0016764
p.fac1[62,1]     1.0000524  1.0002796
p.fac1[63,1]     1.0004731  1.0005881
p.fac1[64,1]     1.0001797  1.0015330
p.fac1[65,1]     1.0001736  1.0003101
p.fac1[66,1]     1.0005616  1.0023166
p.fac1[67,1]     0.9999919  1.0007398
p.fac1[68,1]     0.9999745  1.0007779
p.fac1[69,1]     0.9999998  1.0004286
p.fac1[70,1]     1.0005793  1.0009753
p.fac1[71,1]     1.0009178  1.0033107
p.fac1[72,1]     0.9997850  0.9999444
p.fac1[73,1]     1.0000943  1.0010749
p.fac1[74,1]     0.9998034  1.0001501
p.fac1[75,1]     1.0001193  1.0012107
p.fac1[76,1]     1.0019347  1.0059343
p.fac1[77,1]     0.9997446  0.9998592
p.fac1[78,1]     0.9998337  0.9999098
p.fac1[79,1]     0.9999957  1.0000076
p.fac1[80,1]     1.0009412  1.0024970
p.fac1[81,1]     0.9999595  1.0004089
p.fac1[82,1]     1.0000216  1.0007914
p.fac1[83,1]     1.0003409  1.0016056
p.fac1[84,1]     1.0007732  1.0033619
p.fac1[85,1]     0.9999930  1.0008364
p.fac1[86,1]     1.0019874  1.0068832
p.fac1[87,1]     1.0002669  1.0011933
p.fac1[88,1]     1.0003661  1.0018336
p.fac1[89,1]     1.0000474  1.0001994
p.fac1[90,1]     1.0000718  1.0005065
p.fac1[91,1]     1.0026750  1.0082766
p.fac1[92,1]     1.0005200  1.0019283
p.fac1[93,1]     1.0000472  1.0004554
p.fac1[94,1]     1.0000391  1.0004507
p.fac1[95,1]     0.9997068  0.9998103
p.fac1[96,1]     0.9999852  1.0000251
p.fac1[97,1]     1.0003687  1.0022223
p.fac1[98,1]     0.9999403  1.0002261
p.fac1[99,1]     1.0006887  1.0028257
p.fac1[100,1]    1.0000936  1.0010615
p.fac1[101,1]    1.0003298  1.0019721
p.fac1[102,1]    1.0003601  1.0012624
p.fac1[103,1]    1.0005412  1.0024868
p.fac1[1,2]      0.9999421  1.0006762
p.fac1[2,2]      1.0012222  1.0038752
p.fac1[3,2]      1.0000506  1.0004720
p.fac1[4,2]      0.9998939  1.0000676
p.fac1[5,2]      1.0005337  1.0007986
p.fac1[6,2]      1.0000860  1.0003394
p.fac1[7,2]      1.0010940  1.0039663
p.fac1[8,2]      0.9998474  0.9998558
p.fac1[9,2]      1.0006405  1.0010092
p.fac1[10,2]     0.9998625  1.0003509
p.fac1[11,2]     1.0024115  1.0066083
p.fac1[12,2]     0.9997857  0.9998906
p.fac1[13,2]     1.0002524  1.0010646
p.fac1[14,2]     1.0005399  1.0010595
p.fac1[15,2]     1.0004773  1.0026486
p.fac1[16,2]     1.0002127  1.0005871
p.fac1[17,2]     1.0014417  1.0036198
p.fac1[18,2]     1.0022126  1.0083886
p.fac1[19,2]     1.0004949  1.0022019
p.fac1[20,2]     1.0005171  1.0022653
p.fac1[21,2]     1.0001489  1.0009376
p.fac1[22,2]     1.0002443  1.0014959
p.fac1[23,2]     1.0009188  1.0015454
p.fac1[24,2]     0.9999205  1.0002498
p.fac1[25,2]     1.0001668  1.0007227
p.fac1[26,2]     1.0007078  1.0022398
p.fac1[27,2]     1.0001456  1.0003901
p.fac1[28,2]     1.0000260  1.0009095
p.fac1[29,2]     1.0014469  1.0030592
p.fac1[30,2]     1.0002855  1.0012646
p.fac1[31,2]     0.9997462  0.9999545
p.fac1[32,2]     1.0005677  1.0028059
p.fac1[33,2]     1.0006107  1.0021272
p.fac1[34,2]     1.0001096  1.0002929
p.fac1[35,2]     1.0008955  1.0038223
p.fac1[36,2]     1.0002959  1.0009818
p.fac1[37,2]     1.0001074  1.0007104
p.fac1[38,2]     0.9997557  0.9998619
p.fac1[39,2]     1.0043713  1.0063224
p.fac1[40,2]     1.0006771  1.0019709
p.fac1[41,2]     1.0017703  1.0045340
p.fac1[42,2]     1.0003889  1.0012962
p.fac1[43,2]     1.0003744  1.0019149
p.fac1[44,2]     1.0006974  1.0021440
p.fac1[45,2]     1.0010063  1.0018052
p.fac1[46,2]     1.0007366  1.0029543
p.fac1[47,2]     1.0002599  1.0005833
p.fac1[48,2]     1.0005131  1.0023834
p.fac1[49,2]     1.0000369  1.0007462
p.fac1[50,2]     1.0001772  1.0014589
p.fac1[51,2]     1.0005945  1.0016036
p.fac1[52,2]     1.0003436  1.0008489
p.fac1[53,2]     1.0001580  1.0011724
p.fac1[54,2]     1.0002013  1.0012933
p.fac1[55,2]     1.0004852  1.0010599
p.fac1[56,2]     1.0003570  1.0017825
p.fac1[57,2]     1.0003512  1.0019246
p.fac1[58,2]     1.0000868  1.0011241
p.fac1[59,2]     1.0000090  1.0006155
p.fac1[60,2]     0.9997237  0.9998034
p.fac1[61,2]     1.0003509  1.0017507
p.fac1[62,2]     1.0001650  1.0004246
p.fac1[63,2]     1.0003838  1.0005370
p.fac1[64,2]     1.0004519  1.0023339
p.fac1[65,2]     0.9998117  1.0000145
p.fac1[66,2]     1.0008269  1.0028949
p.fac1[67,2]     0.9999237  1.0004466
p.fac1[68,2]     1.0000357  1.0006198
p.fac1[69,2]     0.9999293  1.0003468
p.fac1[70,2]     1.0010066  1.0015823
p.fac1[71,2]     0.9997644  0.9998895
p.fac1[72,2]     0.9998508  1.0002205
p.fac1[73,2]     1.0002307  1.0013561
p.fac1[74,2]     0.9997406  0.9999124
p.fac1[75,2]     1.0000863  1.0011069
p.fac1[76,2]     1.0024285  1.0062986
p.fac1[77,2]     0.9999865  1.0000025
p.fac1[78,2]     0.9999108  1.0000818
p.fac1[79,2]     1.0000440  1.0000917
p.fac1[80,2]     1.0006469  1.0014598
p.fac1[81,2]     1.0000889  1.0007847
p.fac1[82,2]     0.9999831  1.0007793
p.fac1[83,2]     1.0000242  1.0006038
p.fac1[84,2]     1.0012570  1.0044933
p.fac1[85,2]     1.0000260  1.0008668
p.fac1[86,2]     1.0014047  1.0046564
p.fac1[87,2]     1.0002325  1.0010482
p.fac1[88,2]     1.0006129  1.0022748
p.fac1[89,2]     1.0002184  1.0002787
p.fac1[90,2]     1.0007092  1.0028149
p.fac1[91,2]     1.0024625  1.0076644
p.fac1[92,2]     1.0003316  1.0017405
p.fac1[93,2]     1.0005126  1.0015175
p.fac1[94,2]     0.9997158  0.9997422
p.fac1[95,2]     1.0002948  1.0007510
p.fac1[96,2]     1.0002764  1.0010199
p.fac1[97,2]     1.0003205  1.0018393
p.fac1[98,2]     0.9997886  1.0000053
p.fac1[99,2]     1.0008892  1.0033378
p.fac1[100,2]    1.0016992  1.0062807
p.fac1[101,2]    1.0001541  1.0013227
p.fac1[102,2]    1.0002858  1.0014544
p.fac1[103,2]    1.0001515  1.0009285
p.fac1[1,3]      1.0006852  1.0033176
p.fac1[2,3]      1.0000482  1.0003861
p.fac1[3,3]      1.0016282  1.0051941
p.fac1[4,3]      1.0002774  1.0004565
p.fac1[5,3]      1.0004283  1.0016213
p.fac1[6,3]      0.9999595  1.0006955
p.fac1[7,3]      0.9998156  0.9999095
p.fac1[8,3]      1.0005686  1.0019083
p.fac1[9,3]      1.0005439  1.0027318
p.fac1[10,3]     1.0001642  1.0007228
p.fac1[11,3]     1.0000682  1.0007959
p.fac1[12,3]     0.9999900  1.0004985
p.fac1[13,3]     1.0001030  1.0006559
p.fac1[14,3]     1.0001967  1.0003222
p.fac1[15,3]     1.0007526  1.0031299
p.fac1[16,3]     1.0006291  1.0019706
p.fac1[17,3]     0.9998452  0.9999641
p.fac1[18,3]     1.0001863  1.0012580
p.fac1[19,3]     1.0002903  1.0006926
p.fac1[20,3]     1.0001257  1.0013574
p.fac1[21,3]     1.0010965  1.0043074
p.fac1[22,3]     1.0001045  1.0007332
p.fac1[23,3]     1.0003248  1.0017125
p.fac1[24,3]     1.0005793  1.0017203
p.fac1[25,3]     1.0011618  1.0039590
p.fac1[26,3]     1.0018946  1.0028357
p.fac1[27,3]     1.0008180  1.0012392
p.fac1[28,3]     1.0011041  1.0023373
p.fac1[29,3]     1.0010648  1.0030676
p.fac1[30,3]     1.0020397  1.0044045
p.fac1[31,3]     1.0001270  1.0011892
p.fac1[32,3]     1.0007851  1.0026707
p.fac1[33,3]     1.0005167  1.0016799
p.fac1[34,3]     1.0005515  1.0016390
p.fac1[35,3]     1.0040172  1.0050299
p.fac1[36,3]     1.0018829  1.0057660
p.fac1[37,3]     1.0003205  1.0008801
p.fac1[38,3]     1.0002888  1.0003411
p.fac1[39,3]     1.0015703  1.0026748
p.fac1[40,3]     1.0000165  1.0002359
p.fac1[41,3]     1.0018019  1.0041028
p.fac1[42,3]     0.9999372  1.0005942
p.fac1[43,3]     1.0010039  1.0019051
p.fac1[44,3]     1.0004979  1.0008916
p.fac1[45,3]     1.0000774  1.0001296
p.fac1[46,3]     1.0021129  1.0073205
p.fac1[47,3]     1.0012024  1.0031992
p.fac1[48,3]     0.9998429  1.0000852
p.fac1[49,3]     0.9999395  1.0003355
p.fac1[50,3]     1.0006728  1.0025747
p.fac1[51,3]     1.0008560  1.0009089
p.fac1[52,3]     0.9999748  1.0003955
p.fac1[53,3]     1.0005242  1.0028122
p.fac1[54,3]     1.0000573  1.0004358
p.fac1[55,3]     1.0000995  1.0010574
p.fac1[56,3]     1.0001099  1.0012761
p.fac1[57,3]     1.0006858  1.0022294
p.fac1[58,3]     1.0006346  1.0014300
p.fac1[59,3]     0.9998070  0.9999651
p.fac1[60,3]     0.9999636  1.0007380
p.fac1[61,3]     0.9999148  1.0001249
p.fac1[62,3]     1.0001562  1.0003120
p.fac1[63,3]     1.0005370  1.0006967
p.fac1[64,3]     1.0001620  1.0013523
p.fac1[65,3]     1.0038779  1.0082631
p.fac1[66,3]     0.9998407  0.9998479
p.fac1[67,3]     1.0003273  1.0013906
p.fac1[68,3]     1.0001251  1.0010609
p.fac1[69,3]     0.9999000  0.9999134
p.fac1[70,3]     0.9999286  1.0001419
p.fac1[71,3]     1.0010045  1.0041162
p.fac1[72,3]     1.0000228  1.0005779
p.fac1[73,3]     1.0001284  1.0004011
p.fac1[74,3]     1.0003664  1.0016447
p.fac1[75,3]     0.9999779  1.0002693
p.fac1[76,3]     1.0005746  1.0024968
p.fac1[77,3]     1.0005492  1.0024506
p.fac1[78,3]     0.9997958  1.0000726
p.fac1[79,3]     0.9998563  1.0003394
p.fac1[80,3]     1.0011998  1.0043720
p.fac1[81,3]     1.0011089  1.0028756
p.fac1[82,3]     0.9998153  0.9998474
p.fac1[83,3]     1.0008549  1.0027871
p.fac1[84,3]     1.0002272  1.0008695
p.fac1[85,3]     1.0005010  1.0013034
p.fac1[86,3]     1.0026884  1.0096719
p.fac1[87,3]     1.0008795  1.0013686
p.fac1[88,3]     1.0001264  1.0011240
p.fac1[89,3]     1.0006249  1.0021586
p.fac1[90,3]     1.0009597  1.0043642
p.fac1[91,3]     1.0009377  1.0029426
p.fac1[92,3]     1.0002371  1.0007207
p.fac1[93,3]     1.0005659  1.0015922
p.fac1[94,3]     1.0000045  1.0006666
p.fac1[95,3]     0.9998796  1.0000224
p.fac1[96,3]     1.0026266  1.0079842
p.fac1[97,3]     1.0010133  1.0016952
p.fac1[98,3]     1.0003535  1.0004624
p.fac1[99,3]     1.0007091  1.0011995
p.fac1[100,3]    1.0005544  1.0019119
p.fac1[101,3]    1.0007656  1.0034616
p.fac1[102,3]    1.0002357  1.0012066
p.fac1[103,3]    1.0001579  1.0013213
p.global[1]      1.0002208  1.0016343
p.global[2]      0.9999421  1.0006762
p.global[3]      1.0006852  1.0033176

################################################################################
# Geweke Diagnostic
################################################################################

The Geweke diagnostic is a standard z-score, so we'd expect 5% to be outside +/-1.96
Number of variables outside +/-1.96 in each chain (out of 
622
):


       Chain 1 Chain 2 Chain 3
Geweke      34      42      41


And here are the Geweke diagnostics for all variables:

                chain1 chain2 chain3
deviance        -0.661 -0.350  0.037
ilr.fac1[2,1]   -0.740  0.673  0.211
ilr.fac1[3,1]    1.919  0.923  0.098
ilr.fac1[4,1]   -0.438 -0.114 -0.781
ilr.fac1[5,1]   -0.132  1.537  1.693
ilr.fac1[6,1]   -0.743 -1.462  1.184
ilr.fac1[7,1]    0.166  0.707 -0.034
ilr.fac1[8,1]   -0.201 -0.326  0.611
ilr.fac1[9,1]    1.475 -1.272 -0.067
ilr.fac1[10,1]   1.468  0.885 -0.221
ilr.fac1[11,1]  -0.375  1.106 -1.950
ilr.fac1[12,1]   0.274 -0.353 -1.203
ilr.fac1[13,1]  -0.671  1.867  0.772
ilr.fac1[14,1]   0.140 -0.218 -0.391
ilr.fac1[15,1]  -0.589  1.035 -0.943
ilr.fac1[16,1]   1.617  0.191 -0.183
ilr.fac1[17,1]   1.889  0.983  0.882
ilr.fac1[18,1]  -0.494 -0.656 -0.351
ilr.fac1[19,1]   0.538 -0.180 -1.041
ilr.fac1[20,1]  -0.365  0.726  0.197
ilr.fac1[21,1]   0.782  1.122  1.039
ilr.fac1[22,1]  -0.601 -0.275 -0.548
ilr.fac1[23,1]  -0.835  0.245 -2.492
ilr.fac1[24,1]  -1.181  0.871 -0.797
ilr.fac1[25,1]  -0.867  1.461 -0.106
ilr.fac1[26,1]   2.315 -0.575 -0.210
ilr.fac1[27,1]  -0.100  0.468 -0.899
ilr.fac1[28,1]  -0.944  0.105 -1.062
ilr.fac1[29,1]   0.164  0.891 -2.344
ilr.fac1[30,1]   0.439 -0.927  1.317
ilr.fac1[31,1]  -0.072 -0.498  0.628
ilr.fac1[32,1]   1.455  0.127  0.560
ilr.fac1[33,1]   0.838 -0.930  0.882
ilr.fac1[34,1]  -0.590 -1.085 -0.378
ilr.fac1[35,1]   0.948  0.055 -0.059
ilr.fac1[36,1]  -0.810 -0.669  1.571
ilr.fac1[37,1]   1.390 -0.050 -0.326
ilr.fac1[38,1]  -0.167  0.288  0.150
ilr.fac1[39,1]  -0.006  1.445 -0.028
ilr.fac1[40,1]  -0.506  2.168  0.395
ilr.fac1[41,1]   1.243 -0.380 -1.195
ilr.fac1[42,1]  -1.775  0.338 -0.520
ilr.fac1[43,1]  -1.951  0.235 -1.059
ilr.fac1[44,1]  -1.137  0.358  0.191
ilr.fac1[45,1]   0.902 -0.015 -0.589
ilr.fac1[46,1]  -1.586  3.087  0.607
ilr.fac1[47,1]  -0.874  0.471  1.110
ilr.fac1[48,1]  -0.441 -1.044  1.143
ilr.fac1[49,1]   0.999  0.284 -1.765
ilr.fac1[50,1]   1.054  0.413 -0.493
ilr.fac1[51,1]   0.082 -0.209  0.777
ilr.fac1[52,1]   0.884  0.191 -1.416
ilr.fac1[53,1]  -0.913  1.112 -2.396
ilr.fac1[54,1]  -0.104  0.019  0.806
ilr.fac1[55,1]  -0.853 -1.593 -0.961
ilr.fac1[56,1]   0.041  0.382 -2.071
ilr.fac1[57,1]   0.591  0.571  1.180
ilr.fac1[58,1]  -0.513 -0.046 -0.415
ilr.fac1[59,1]   0.060  1.179  0.481
ilr.fac1[60,1]   0.051 -0.074  0.629
ilr.fac1[61,1]   0.711 -0.346 -0.815
ilr.fac1[62,1]   0.666  0.285  1.303
ilr.fac1[63,1]  -0.422  0.871  0.550
ilr.fac1[64,1]   0.218 -0.638  1.718
ilr.fac1[65,1]  -1.913 -1.622  1.143
ilr.fac1[66,1]  -1.328  0.548 -0.449
ilr.fac1[67,1]  -0.817  1.325 -0.326
ilr.fac1[68,1]  -0.131 -0.197 -1.497
ilr.fac1[69,1]   0.555  1.766  0.318
ilr.fac1[70,1]  -0.237 -1.116  0.538
ilr.fac1[71,1]  -0.399 -0.527 -0.156
ilr.fac1[72,1]  -0.528  1.147 -0.579
ilr.fac1[73,1]   1.526 -0.783  0.286
ilr.fac1[74,1]  -0.176  0.950  0.388
ilr.fac1[75,1]   1.208  1.700 -0.413
ilr.fac1[76,1]  -1.280  0.707 -0.600
ilr.fac1[77,1]  -0.346  1.547  1.483
ilr.fac1[78,1]  -0.135 -0.726  1.163
ilr.fac1[79,1]  -0.244 -0.276 -1.002
ilr.fac1[80,1]  -0.777  0.425  0.391
ilr.fac1[81,1]   1.073  1.066  0.013
ilr.fac1[82,1]   0.063 -0.112 -0.638
ilr.fac1[83,1]   2.893  1.182 -0.200
ilr.fac1[84,1]   2.716  0.760  0.127
ilr.fac1[85,1]  -1.229  3.487  0.523
ilr.fac1[86,1]  -1.115  0.978  0.509
ilr.fac1[87,1]  -0.442 -0.148 -0.158
ilr.fac1[88,1]  -0.873  1.506  0.693
ilr.fac1[89,1]  -1.133  0.133 -2.278
ilr.fac1[90,1]  -0.895 -0.483 -0.011
ilr.fac1[91,1]  -0.249  0.327 -0.858
ilr.fac1[92,1]   0.237 -1.354  0.778
ilr.fac1[93,1]  -0.972 -1.308  0.611
ilr.fac1[94,1]   1.909  1.495  0.640
ilr.fac1[95,1]   1.073  0.730 -0.346
ilr.fac1[96,1]  -0.408 -1.032  1.315
ilr.fac1[97,1]   0.448 -0.630  0.041
ilr.fac1[98,1]   1.992 -0.715 -0.469
ilr.fac1[99,1]   1.132  0.217 -0.029
ilr.fac1[100,1] -0.054  1.364 -0.839
ilr.fac1[101,1]  0.084 -0.157 -1.009
ilr.fac1[102,1] -0.262  1.434 -0.193
ilr.fac1[103,1]  1.439 -1.254  1.707
ilr.fac1[2,2]   -0.262 -0.521  0.932
ilr.fac1[3,2]    2.106  0.691  0.191
ilr.fac1[4,2]    0.268  0.074 -0.419
ilr.fac1[5,2]   -1.275 -0.589 -0.790
ilr.fac1[6,2]    0.041 -0.755 -1.294
ilr.fac1[7,2]    1.221  0.735 -0.304
ilr.fac1[8,2]   -0.883 -0.719  0.466
ilr.fac1[9,2]    0.920 -1.659 -1.561
ilr.fac1[10,2]   1.731  0.204 -0.562
ilr.fac1[11,2]  -0.861 -1.907 -1.743
ilr.fac1[12,2]   1.739 -0.032  1.493
ilr.fac1[13,2]   0.192 -0.430  0.609
ilr.fac1[14,2]   1.018 -0.780  1.671
ilr.fac1[15,2]  -1.359 -1.283  0.030
ilr.fac1[16,2]  -0.413 -1.911 -0.330
ilr.fac1[17,2]  -0.327 -0.474  0.519
ilr.fac1[18,2]  -0.651 -0.505 -0.506
ilr.fac1[19,2]  -0.314 -0.281 -1.176
ilr.fac1[20,2]   0.967 -0.640  0.702
ilr.fac1[21,2]   1.231  1.312  1.290
ilr.fac1[22,2]   0.044 -0.058 -2.147
ilr.fac1[23,2]  -0.988  0.789 -1.066
ilr.fac1[24,2]   0.106 -0.225 -1.455
ilr.fac1[25,2]   1.517  0.096 -2.845
ilr.fac1[26,2]   1.653 -0.748 -0.393
ilr.fac1[27,2]  -0.344  0.772  0.869
ilr.fac1[28,2]  -0.305 -0.540 -0.647
ilr.fac1[29,2]  -1.509 -0.084  0.507
ilr.fac1[30,2]   0.996  0.006 -0.719
ilr.fac1[31,2]   0.477 -2.458  0.517
ilr.fac1[32,2]  -0.168  0.251  1.754
ilr.fac1[33,2]  -1.154 -1.103  1.054
ilr.fac1[34,2]  -1.996 -0.717 -0.908
ilr.fac1[35,2]  -1.226 -1.315  1.953
ilr.fac1[36,2]  -0.398 -2.507 -0.288
ilr.fac1[37,2]   0.566 -1.921  0.891
ilr.fac1[38,2]   0.098 -0.287  2.456
ilr.fac1[39,2]  -1.068 -0.816 -0.313
ilr.fac1[40,2]  -0.083  1.034 -0.405
ilr.fac1[41,2]  -0.717 -0.640 -0.830
ilr.fac1[42,2]   0.051  0.799  0.623
ilr.fac1[43,2]   1.500  0.003 -1.294
ilr.fac1[44,2]  -1.275 -0.044  0.279
ilr.fac1[45,2]  -1.767 -0.594 -1.634
ilr.fac1[46,2]  -1.211 -1.998  1.029
ilr.fac1[47,2]  -1.404  0.545 -1.697
ilr.fac1[48,2]  -0.227 -1.819  0.588
ilr.fac1[49,2]  -0.114  0.949 -0.978
ilr.fac1[50,2]  -0.533 -0.618  0.768
ilr.fac1[51,2]   0.788  0.009 -1.444
ilr.fac1[52,2]  -0.577 -1.674 -1.046
ilr.fac1[53,2]  -0.731  0.501  0.750
ilr.fac1[54,2]  -0.301 -0.762  1.229
ilr.fac1[55,2]   0.152 -2.190 -0.154
ilr.fac1[56,2]   0.003  1.215  0.633
ilr.fac1[57,2]  -0.094 -0.786 -0.644
ilr.fac1[58,2]  -0.408 -1.186 -0.497
ilr.fac1[59,2]  -0.144 -0.047 -1.344
ilr.fac1[60,2]  -2.570 -1.212 -0.168
ilr.fac1[61,2]  -1.353 -1.164  1.160
ilr.fac1[62,2]   0.259 -0.096 -0.441
ilr.fac1[63,2]   0.698 -0.564  0.637
ilr.fac1[64,2]  -0.236 -0.168  0.302
ilr.fac1[65,2]  -1.075 -0.332 -0.490
ilr.fac1[66,2]  -0.484  1.120 -1.374
ilr.fac1[67,2]   1.115 -0.321  0.229
ilr.fac1[68,2]   1.768 -0.131 -1.239
ilr.fac1[69,2]   0.911  0.656 -1.008
ilr.fac1[70,2]   1.995 -1.988  1.238
ilr.fac1[71,2]   0.133 -0.143  2.268
ilr.fac1[72,2]  -1.729 -0.098 -0.379
ilr.fac1[73,2]  -1.295  1.132 -0.705
ilr.fac1[74,2]  -0.618 -0.414 -0.665
ilr.fac1[75,2]   0.449 -0.713 -2.061
ilr.fac1[76,2]  -1.381 -1.551 -0.492
ilr.fac1[77,2]   0.199 -0.823  0.030
ilr.fac1[78,2]   0.639 -2.208  2.065
ilr.fac1[79,2]   0.633 -1.347  1.050
ilr.fac1[80,2]   0.530 -1.398  0.646
ilr.fac1[81,2]  -0.207  0.979 -0.290
ilr.fac1[82,2]   0.399  0.666 -1.753
ilr.fac1[83,2]   0.039 -0.397  1.221
ilr.fac1[84,2]   0.444 -0.924  0.961
ilr.fac1[85,2]  -0.025 -1.526 -0.311
ilr.fac1[86,2]  -0.466  0.718 -0.017
ilr.fac1[87,2]  -0.067 -0.984  0.403
ilr.fac1[88,2]   0.606 -0.592  1.733
ilr.fac1[89,2]  -0.426 -0.420 -0.730
ilr.fac1[90,2]   0.726  0.967  0.412
ilr.fac1[91,2]  -0.898 -1.065 -0.482
ilr.fac1[92,2]   0.487 -0.491  1.608
ilr.fac1[93,2]  -0.851 -1.634  0.452
ilr.fac1[94,2]   0.618 -0.735  1.730
ilr.fac1[95,2]  -0.999 -2.195  1.283
ilr.fac1[96,2]   0.362 -2.584  1.810
ilr.fac1[97,2]   0.237 -0.861  0.320
ilr.fac1[98,2]  -0.410 -2.331  1.221
ilr.fac1[99,2]  -0.680 -0.896  0.437
ilr.fac1[100,2]  0.370 -1.100  2.621
ilr.fac1[101,2] -0.899 -0.524  1.466
ilr.fac1[102,2]  1.116 -1.339  1.766
ilr.fac1[103,2]  0.463 -1.826  1.495
loglik[1]        2.478 -0.088  0.363
loglik[2]       -0.017 -1.907 -0.186
loglik[3]       -0.720 -0.669  0.203
loglik[4]        0.276 -0.314  1.362
loglik[5]        0.666 -0.038  0.104
loglik[6]        0.363 -0.274 -0.245
loglik[7]        0.611 -0.562 -0.804
loglik[8]        1.022 -0.843 -0.322
loglik[9]       -0.063  1.306 -1.097
loglik[10]      -0.372 -0.548 -0.147
loglik[11]       0.608 -0.008  0.153
loglik[12]       0.561 -0.135  1.255
loglik[13]       1.586 -0.042 -0.188
loglik[14]       0.539  0.930 -0.190
loglik[15]       0.558  0.445  0.292
loglik[16]       0.366  0.226  1.179
loglik[17]       1.841 -0.805 -0.413
loglik[18]      -1.065 -1.096  0.489
loglik[19]       2.440  0.057  2.018
loglik[20]      -0.167 -0.159  0.665
loglik[21]       0.100 -1.372 -0.773
loglik[22]       0.280 -0.558  2.860
loglik[23]       0.088 -0.179  0.638
loglik[24]      -0.831  0.339 -0.579
loglik[25]       0.466 -0.429  0.654
loglik[26]      -0.670 -0.003  0.778
loglik[27]      -0.303  0.253 -0.270
loglik[28]      -0.532 -0.077 -0.196
loglik[29]      -0.343  0.596  0.414
loglik[30]       0.382  0.644 -0.062
loglik[31]       0.099  0.467 -0.983
loglik[32]      -0.513  1.180 -0.515
loglik[33]       0.420  1.198  0.130
loglik[34]      -0.995  0.506 -0.382
loglik[35]      -0.045  0.784  0.911
loglik[36]      -0.273 -0.751  0.343
loglik[37]      -0.041  1.110 -1.208
loglik[38]      -0.182  0.387  1.486
loglik[39]       0.360  1.834  1.131
loglik[40]       0.521 -0.531 -0.706
loglik[41]       0.068  1.129  0.832
loglik[42]       1.485 -0.958  0.095
loglik[43]      -0.594 -0.393 -1.420
loglik[44]      -0.426  1.559  0.439
loglik[45]      -2.088 -1.409  1.397
loglik[46]      -0.945  0.531  1.376
loglik[47]      -0.022  0.040  0.737
loglik[48]      -0.886 -1.334  1.633
loglik[49]      -0.289 -1.999 -0.407
loglik[50]      -0.628 -1.241 -0.607
loglik[51]       0.354  0.238  0.266
loglik[52]       1.750  0.392  0.902
loglik[53]      -0.306  0.525  1.050
loglik[54]       0.969 -0.578  0.598
loglik[55]       0.383  1.292 -0.020
loglik[56]       1.253  0.782  0.963
loglik[57]      -0.580  0.117 -0.228
loglik[58]       0.497 -0.117  0.570
loglik[59]       0.517  0.093 -1.060
loglik[60]      -0.268  1.190  1.251
loglik[61]      -1.033 -0.901  1.729
loglik[62]       1.085 -0.136  0.115
loglik[63]      -0.174  1.026 -0.914
loglik[64]       0.026 -1.314 -0.603
loglik[65]       0.221  1.005  0.273
loglik[66]       0.652  2.007 -0.173
loglik[67]       1.056  0.841 -0.743
loglik[68]      -0.153 -1.452 -1.020
loglik[69]       0.645  2.043 -0.116
loglik[70]      -1.177  0.522 -2.542
loglik[71]      -0.487 -0.121 -1.509
loglik[72]       1.122  0.518 -0.127
loglik[73]      -2.040  2.177 -0.921
loglik[74]       1.929  0.328 -0.479
loglik[75]       0.266  0.989 -2.031
loglik[76]      -0.176  1.251 -0.374
loglik[77]       0.008  0.836  0.292
loglik[78]      -0.657  0.270 -0.891
loglik[79]      -1.457 -0.333  2.037
loglik[80]       1.644 -0.660  1.581
loglik[81]       1.501 -1.311 -0.414
loglik[82]      -1.448  1.574 -0.163
loglik[83]       0.359 -0.684  0.804
loglik[84]      -0.067 -1.391  1.516
loglik[85]       0.404 -2.019 -0.104
loglik[86]       1.607  1.132 -0.154
loglik[87]       0.996  0.628 -1.329
loglik[88]       0.113 -1.208 -0.122
loglik[89]      -0.005  0.457 -0.038
loglik[90]       0.705  0.529  0.193
loglik[91]       0.293 -0.664  0.472
loglik[92]      -0.092 -0.556  0.647
loglik[93]       1.182  0.181  1.241
loglik[94]       0.431  0.450 -1.492
loglik[95]       0.317  1.053  0.008
loglik[96]      -0.571 -0.583 -1.381
loglik[97]       0.370  2.132 -0.978
loglik[98]       0.014  0.313 -1.462
loglik[99]       0.481  0.719 -1.807
loglik[100]     -0.029  0.930 -2.091
loglik[101]     -0.676 -0.630 -0.672
loglik[102]     -1.019  0.498 -1.076
loglik[103]     -0.702  1.300  0.233
p.fac1[1,1]      0.995  0.853 -1.726
p.fac1[2,1]     -0.076  1.126 -0.222
p.fac1[3,1]      2.492  1.336 -0.326
p.fac1[4,1]     -0.156  0.559 -1.284
p.fac1[5,1]     -0.415  1.580  0.783
p.fac1[6,1]     -0.188 -1.209  0.221
p.fac1[7,1]      0.091  1.063 -0.555
p.fac1[8,1]     -0.223 -0.235 -0.165
p.fac1[9,1]      1.670 -1.224 -0.483
p.fac1[10,1]     1.730  1.179 -0.575
p.fac1[11,1]    -0.403  0.787 -2.695
p.fac1[12,1]     0.371  0.422 -1.349
p.fac1[13,1]    -0.352  1.788  0.252
p.fac1[14,1]     0.334 -0.099 -1.547
p.fac1[15,1]    -0.685  1.356 -0.868
p.fac1[16,1]     1.899  0.082 -0.285
p.fac1[17,1]     1.522  1.149  0.681
p.fac1[18,1]    -0.595 -0.154 -0.904
p.fac1[19,1]     0.708 -0.045 -1.527
p.fac1[20,1]     0.500  0.788 -0.804
p.fac1[21,1]     1.034  1.866  0.100
p.fac1[22,1]    -0.060 -0.163 -1.242
p.fac1[23,1]    -0.956  1.492 -3.109
p.fac1[24,1]    -0.476  1.461 -1.906
p.fac1[25,1]     0.119  1.600 -1.540
p.fac1[26,1]     2.028 -0.279 -0.964
p.fac1[27,1]     0.338  1.163 -1.169
p.fac1[28,1]    -0.779 -0.181 -1.708
p.fac1[29,1]     0.199  1.253 -1.528
p.fac1[30,1]     1.084 -0.698 -0.071
p.fac1[31,1]     0.376 -0.621  0.150
p.fac1[32,1]     1.209  1.009  0.409
p.fac1[33,1]    -0.076 -0.508  0.710
p.fac1[34,1]    -0.207 -1.132 -0.934
p.fac1[35,1]     0.700 -0.660 -0.546
p.fac1[36,1]    -0.767 -0.717  0.951
p.fac1[37,1]     1.928  0.124 -0.995
p.fac1[38,1]     0.313  0.534 -0.151
p.fac1[39,1]    -0.480  1.225 -0.526
p.fac1[40,1]    -0.106  2.459 -0.412
p.fac1[41,1]     0.840  0.014 -1.849
p.fac1[42,1]    -1.482  1.244 -1.292
p.fac1[43,1]    -1.117  0.395 -1.550
p.fac1[44,1]    -0.894  0.656 -0.298
p.fac1[45,1]     0.520 -0.142 -1.690
p.fac1[46,1]    -1.415  3.512  0.381
p.fac1[47,1]    -0.929  0.402  0.111
p.fac1[48,1]    -0.068 -0.760  0.626
p.fac1[49,1]     0.978  0.465 -2.088
p.fac1[50,1]     1.544  0.152 -0.416
p.fac1[51,1]     0.220 -0.274 -0.202
p.fac1[52,1]     1.062  0.004 -1.227
p.fac1[53,1]    -0.290  1.159 -2.681
p.fac1[54,1]     0.390  0.127 -0.043
p.fac1[55,1]    -0.378 -0.833 -1.368
p.fac1[56,1]     0.573  0.287 -2.779
p.fac1[57,1]     0.744  0.590  0.660
p.fac1[58,1]    -0.330  0.186 -0.949
p.fac1[59,1]     0.067  1.082  0.071
p.fac1[60,1]     0.152 -0.047 -0.012
p.fac1[61,1]     0.929 -0.230 -0.705
p.fac1[62,1]     1.164  0.626  0.194
p.fac1[63,1]     0.607  1.476  0.426
p.fac1[64,1]     0.253 -0.424  0.838
p.fac1[65,1]    -1.913 -0.636  0.440
p.fac1[66,1]    -1.140  1.063 -1.467
p.fac1[67,1]     0.130  1.544 -0.901
p.fac1[68,1]     0.339  0.231 -2.244
p.fac1[69,1]     1.024  2.088 -0.298
p.fac1[70,1]     0.161 -0.825  0.351
p.fac1[71,1]    -0.130  0.355  0.849
p.fac1[72,1]    -0.080  2.085 -0.789
p.fac1[73,1]     2.055 -0.817  0.052
p.fac1[74,1]     0.870  0.678 -0.458
p.fac1[75,1]     1.041  1.606 -0.946
p.fac1[76,1]    -1.576  1.341 -1.772
p.fac1[77,1]    -0.048  1.885  0.935
p.fac1[78,1]     0.296 -0.832  0.838
p.fac1[79,1]     0.280 -0.063 -1.304
p.fac1[80,1]    -0.303  0.194  0.202
p.fac1[81,1]     0.938  0.836 -0.691
p.fac1[82,1]     0.310 -0.093 -1.481
p.fac1[83,1]     3.253  2.001 -0.507
p.fac1[84,1]     3.216  1.051 -0.587
p.fac1[85,1]    -0.815  4.165  0.129
p.fac1[86,1]    -0.569  1.264  0.378
p.fac1[87,1]    -0.054  0.301 -1.283
p.fac1[88,1]    -0.327  1.349  0.272
p.fac1[89,1]    -1.148  0.248 -2.724
p.fac1[90,1]    -0.229 -0.411 -0.380
p.fac1[91,1]    -0.051  0.580 -1.736
p.fac1[92,1]     0.608 -0.749  0.488
p.fac1[93,1]    -1.291 -0.920  0.208
p.fac1[94,1]     2.336  2.379  0.516
p.fac1[95,1]     0.491  0.436 -0.471
p.fac1[96,1]     0.315 -1.346  1.159
p.fac1[97,1]     0.910 -0.122 -0.401
p.fac1[98,1]     1.795 -0.598 -0.770
p.fac1[99,1]     1.100  0.705 -0.483
p.fac1[100,1]    0.464  1.649  0.074
p.fac1[101,1]   -0.264  0.230 -1.374
p.fac1[102,1]    0.310  1.168  0.365
p.fac1[103,1]    1.688 -1.171  1.900
p.fac1[1,2]     -1.263 -0.040  1.600
p.fac1[2,2]      0.071 -1.040  0.487
p.fac1[3,2]     -2.302 -0.866  0.188
p.fac1[4,2]      0.213 -0.370  1.277
p.fac1[5,2]      0.114 -1.307 -1.088
p.fac1[6,2]      0.229  1.345 -0.434
p.fac1[7,2]      0.073 -0.715  0.541
p.fac1[8,2]      0.045  0.230  0.173
p.fac1[9,2]     -1.625  1.123  0.101
p.fac1[10,2]    -1.550 -0.934  0.417
p.fac1[11,2]     0.126 -0.994  1.970
p.fac1[12,2]     0.114 -0.476  1.562
p.fac1[13,2]     0.408 -1.967 -0.169
p.fac1[14,2]    -0.320  0.242  1.951
p.fac1[15,2]     0.402 -1.393  0.423
p.fac1[16,2]    -2.294 -0.290  0.029
p.fac1[17,2]    -1.893 -1.066 -0.642
p.fac1[18,2]     0.599  0.284  0.830
p.fac1[19,2]    -0.624  0.103  1.364
p.fac1[20,2]    -0.050 -0.516  0.824
p.fac1[21,2]    -0.987 -1.450 -0.088
p.fac1[22,2]    -0.033  0.492  0.735
p.fac1[23,2]     0.340 -0.961  2.607
p.fac1[24,2]     0.148 -0.978  1.137
p.fac1[25,2]    -0.005 -1.199  0.530
p.fac1[26,2]    -1.828  0.217  1.013
p.fac1[27,2]    -0.674 -1.020  1.198
p.fac1[28,2]     0.688  0.210  1.559
p.fac1[29,2]    -0.407 -0.950  1.581
p.fac1[30,2]    -1.034  0.836  0.054
p.fac1[31,2]    -0.387  0.327  0.151
p.fac1[32,2]    -2.060  0.181  0.168
p.fac1[33,2]    -1.639 -0.230 -0.597
p.fac1[34,2]    -0.091  1.140  0.791
p.fac1[35,2]    -0.859  0.601  0.606
p.fac1[36,2]     0.381  0.483 -0.998
p.fac1[37,2]    -2.621 -0.187  1.388
p.fac1[38,2]    -0.320 -0.421  0.472
p.fac1[39,2]    -0.275 -1.496  0.205
p.fac1[40,2]     0.154 -1.690  0.348
p.fac1[41,2]    -1.229 -0.053  1.556
p.fac1[42,2]     1.439 -0.737  1.294
p.fac1[43,2]     0.983  0.273  1.266
p.fac1[44,2]     0.610 -0.511  0.190
p.fac1[45,2]    -1.121  0.228  1.205
p.fac1[46,2]     1.129 -3.768 -0.266
p.fac1[47,2]     0.379  0.330 -0.518
p.fac1[48,2]    -0.142  0.678 -0.819
p.fac1[49,2]    -1.136 -0.158  1.883
p.fac1[50,2]    -1.726 -0.008  0.498
p.fac1[51,2]    -0.026  0.606  0.033
p.fac1[52,2]    -0.985 -0.012  0.890
p.fac1[53,2]     0.005 -0.982  2.686
p.fac1[54,2]    -0.463 -0.133  0.211
p.fac1[55,2]     0.422  0.731  1.277
p.fac1[56,2]    -0.567  0.033  2.853
p.fac1[57,2]    -0.880 -0.517 -0.835
p.fac1[58,2]     0.077 -0.182  0.824
p.fac1[59,2]    -0.037 -0.976 -0.441
p.fac1[60,2]    -0.650 -0.130 -0.074
p.fac1[61,2]    -1.204  0.177  0.829
p.fac1[62,2]    -1.065 -0.421 -0.187
p.fac1[63,2]    -0.582 -1.404 -0.384
p.fac1[64,2]    -0.425  0.630 -0.732
p.fac1[65,2]     1.565  0.910 -0.617
p.fac1[66,2]     1.054 -0.719  1.168
p.fac1[67,2]     0.091 -1.069  1.052
p.fac1[68,2]    -0.036 -0.034  1.681
p.fac1[69,2]    -0.999 -1.968  0.115
p.fac1[70,2]     0.152  1.028 -0.016
p.fac1[71,2]    -0.177  1.303  1.487
p.fac1[72,2]    -0.496 -1.914  0.630
p.fac1[73,2]    -2.411  1.217 -0.078
p.fac1[74,2]    -1.182 -0.588  0.289
p.fac1[75,2]    -1.167 -1.507  0.608
p.fac1[76,2]     1.003 -1.088  1.528
p.fac1[77,2]     0.051 -1.866 -0.989
p.fac1[78,2]    -0.334  0.836 -0.636
p.fac1[79,2]    -0.157 -0.006  1.493
p.fac1[80,2]     0.470 -0.447 -0.111
p.fac1[81,2]    -0.967 -0.541  0.310
p.fac1[82,2]    -0.264  0.128  1.216
p.fac1[83,2]    -3.128 -1.342  0.211
p.fac1[84,2]    -3.370 -0.823  0.618
p.fac1[85,2]     0.755 -4.355 -0.324
p.fac1[86,2]     0.382 -1.159 -0.638
p.fac1[87,2]     0.106 -0.391  1.293
p.fac1[88,2]     0.446 -1.147 -0.021
p.fac1[89,2]     0.990 -0.085  2.498
p.fac1[90,2]     0.564  1.644  0.543
p.fac1[91,2]    -0.218 -0.568  1.443
p.fac1[92,2]    -0.580  1.488 -0.355
p.fac1[93,2]     0.508  1.420  0.000
p.fac1[94,2]    -2.229 -1.225  0.229
p.fac1[95,2]    -1.526 -0.657  1.020
p.fac1[96,2]     0.089  0.828 -0.594
p.fac1[97,2]    -0.719  0.079  0.407
p.fac1[98,2]    -2.581  0.893  1.126
p.fac1[99,2]    -1.331 -0.644  0.433
p.fac1[100,2]   -0.686 -1.369  1.476
p.fac1[101,2]   -0.553  0.246  1.598
p.fac1[102,2]    1.149 -1.310  0.977
p.fac1[103,2]   -1.879  1.029 -1.296
p.fac1[1,3]      0.237 -3.343  1.391
p.fac1[2,3]      0.016 -0.465 -0.881
p.fac1[3,3]     -1.462 -1.573  0.706
p.fac1[4,3]     -0.262 -0.713 -0.156
p.fac1[5,3]      0.988 -1.378  0.205
p.fac1[6,3]     -0.143 -0.428  0.952
p.fac1[7,3]     -0.643 -1.814  0.097
p.fac1[8,3]      1.003  0.069  0.010
p.fac1[9,3]     -0.036  0.345  1.877
p.fac1[10,3]    -1.191 -1.448  0.774
p.fac1[11,3]     0.907  0.004  3.470
p.fac1[12,3]    -2.331  0.059 -0.515
p.fac1[13,3]    -0.080 -0.411 -0.222
p.fac1[14,3]    -0.061 -0.597 -1.506
p.fac1[15,3]     1.169 -0.898  1.633
p.fac1[16,3]     0.720  0.839  1.018
p.fac1[17,3]     1.294 -0.724 -0.193
p.fac1[18,3]     0.358 -0.380  0.703
p.fac1[19,3]    -0.359 -0.267  1.135
p.fac1[20,3]    -1.094 -0.508 -0.369
p.fac1[21,3]    -0.143 -2.342 -0.041
p.fac1[22,3]     0.292 -1.266  2.247
p.fac1[23,3]     1.376 -1.277  2.931
p.fac1[24,3]     0.705 -1.504  2.619
p.fac1[25,3]    -0.341 -2.033  3.469
p.fac1[26,3]    -1.928  0.451 -0.039
p.fac1[27,3]     0.997 -0.759  0.380
p.fac1[28,3]     0.717 -0.377  1.325
p.fac1[29,3]     0.892 -1.415  0.304
p.fac1[30,3]    -0.774 -1.099  0.163
p.fac1[31,3]     0.100  1.061 -1.174
p.fac1[32,3]     0.946 -2.124 -0.996
p.fac1[33,3]     1.062  0.578 -0.232
p.fac1[34,3]     2.528  0.275  1.216
p.fac1[35,3]     1.025  0.790 -0.214
p.fac1[36,3]     1.427  1.123  0.546
p.fac1[37,3]    -0.964  0.221 -0.985
p.fac1[38,3]    -0.034 -0.825 -1.679
p.fac1[39,3]     1.277 -0.643  0.754
p.fac1[40,3]    -0.039 -3.964  0.334
p.fac1[41,3]     0.523  0.120  1.657
p.fac1[42,3]     0.939 -1.907  0.489
p.fac1[43,3]     0.982 -1.551  1.584
p.fac1[44,3]     1.569 -0.900  0.448
p.fac1[45,3]     1.003 -0.156  1.756
p.fac1[46,3]     1.969 -0.918 -0.383
p.fac1[47,3]     1.568 -1.727  0.760
p.fac1[48,3]     0.760  0.810  0.411
p.fac1[49,3]     0.828 -2.129  2.081
p.fac1[50,3]     0.298 -0.820 -0.234
p.fac1[51,3]    -0.712 -0.621  0.494
p.fac1[52,3]    -0.555  0.019  1.567
p.fac1[53,3]     1.158 -1.346  0.626
p.fac1[54,3]     0.242 -0.008 -0.838
p.fac1[55,3]    -0.341  1.648  0.800
p.fac1[56,3]    -0.332 -2.290  0.540
p.fac1[57,3]     0.232 -0.551  1.160
p.fac1[58,3]     1.408 -0.085  0.896
p.fac1[59,3]    -0.189 -0.529  2.913
p.fac1[60,3]     2.871  1.017  0.544
p.fac1[61,3]     1.159  0.399 -0.513
p.fac1[62,3]    -0.878 -0.950 -0.128
p.fac1[63,3]    -0.319 -0.872 -0.337
p.fac1[64,3]     0.942 -1.245 -0.523
p.fac1[65,3]     1.663 -0.752  0.384
p.fac1[66,3]     0.791 -1.987  1.490
p.fac1[67,3]    -0.748 -2.360  0.475
p.fac1[68,3]    -1.386 -0.775  2.765
p.fac1[69,3]    -0.234 -0.524  0.970
p.fac1[70,3]    -0.911 -0.036 -1.083
p.fac1[71,3]     0.270 -1.481 -2.760
p.fac1[72,3]     2.029 -1.207  0.908
p.fac1[73,3]     1.188 -2.100  0.148
p.fac1[74,3]     0.553 -0.616  0.886
p.fac1[75,3]    -0.028 -1.023  1.737
p.fac1[76,3]     2.751 -1.292  1.524
p.fac1[77,3]     0.018 -1.172 -0.302
p.fac1[78,3]     0.032  0.344 -1.141
p.fac1[79,3]    -0.897  0.466 -0.914
p.fac1[80,3]    -1.039  1.335 -0.484
p.fac1[81,3]     0.377 -1.692  0.912
p.fac1[82,3]    -0.365 -0.162  1.963
p.fac1[83,3]    -1.942 -2.175  0.786
p.fac1[84,3]    -1.375 -1.027  0.252
p.fac1[85,3]     0.504 -1.007  0.735
p.fac1[86,3]     0.865 -1.052  0.673
p.fac1[87,3]    -0.355  0.537 -0.158
p.fac1[88,3]    -0.580 -1.110 -1.228
p.fac1[89,3]     1.176 -0.684  1.955
p.fac1[90,3]    -0.777 -2.093 -0.473
p.fac1[91,3]     0.883 -0.320  1.823
p.fac1[92,3]    -0.363 -0.328 -0.682
p.fac1[93,3]     2.732 -0.629 -0.685
p.fac1[94,3]    -0.510 -1.925 -0.935
p.fac1[95,3]     0.664  0.104 -0.395
p.fac1[96,3]    -1.158  1.608 -2.435
p.fac1[97,3]    -0.669  0.128  0.171
p.fac1[98,3]     0.530 -0.197 -0.219
p.fac1[99,3]    -0.045 -0.541  0.333
p.fac1[100,3]    0.206 -0.836 -1.686
p.fac1[101,3]    1.397 -0.891  0.428
p.fac1[102,3]   -1.321 -0.174 -1.100
p.fac1[103,3]   -0.056  0.647 -1.527
p.global[1]      0.995  0.853 -1.726
p.global[2]     -1.263 -0.040  1.600
p.global[3]      0.237 -3.343  1.391
