
#################################################################
# Summary Statistics
#################################################################

DIC = 811.2956

                   Mean    SD  2.5%    5%   25%   50%   75%   95% 97.5%
p.Station 1.EM4   0.406 0.032 0.343 0.353 0.384 0.406 0.428 0.459 0.470
p.Station 2.EM4   0.180 0.086 0.038 0.053 0.115 0.172 0.236 0.335 0.363
p.Station 3.EM4   0.101 0.064 0.014 0.020 0.052 0.089 0.139 0.225 0.253
p.Station 4.EM4   0.126 0.070 0.020 0.027 0.072 0.117 0.170 0.256 0.281
p.Station 5.EM4   0.170 0.083 0.034 0.047 0.105 0.163 0.225 0.317 0.347
p.Station 6.EM4   0.244 0.100 0.057 0.081 0.171 0.243 0.315 0.411 0.437
p.Station 7.EM4   0.275 0.107 0.065 0.092 0.198 0.278 0.352 0.446 0.474
p.Station 8.EM4   0.445 0.109 0.178 0.227 0.387 0.464 0.525 0.586 0.602
p.Station 9.EM4   0.120 0.066 0.022 0.030 0.069 0.110 0.161 0.243 0.269
p.Station 10.EM4  0.372 0.102 0.131 0.174 0.313 0.388 0.445 0.514 0.538
p.Station 11.EM4  0.678 0.072 0.509 0.552 0.644 0.689 0.725 0.768 0.782
p.Station 12.EM4  0.754 0.060 0.608 0.648 0.726 0.763 0.793 0.831 0.843
p.Station 13.EM4  0.914 0.031 0.837 0.856 0.898 0.918 0.934 0.955 0.961
p.Station 14.EM4  0.582 0.087 0.376 0.430 0.538 0.595 0.640 0.695 0.711
p.Station 15.EM4  0.564 0.089 0.349 0.399 0.517 0.579 0.625 0.681 0.697
p.Station 16.EM4  0.145 0.075 0.029 0.039 0.088 0.136 0.193 0.280 0.308
p.Station 17.EM4  0.401 0.100 0.159 0.206 0.348 0.416 0.471 0.537 0.557
p.Station 18.EM4  0.812 0.049 0.692 0.723 0.788 0.819 0.844 0.874 0.886
p.Station 19.EM4  0.831 0.048 0.718 0.745 0.808 0.838 0.861 0.892 0.902
p.Station 20.EM4  0.160 0.078 0.028 0.040 0.101 0.156 0.216 0.296 0.319
p.Station 21.EM4  0.093 0.059 0.013 0.018 0.047 0.082 0.128 0.205 0.235
p.Station 24.EM4  0.790 0.054 0.659 0.692 0.765 0.799 0.826 0.860 0.871
p.Station 25.EM4  0.180 0.080 0.039 0.054 0.119 0.178 0.238 0.315 0.341
p.Station 26.EM4  0.595 0.086 0.383 0.443 0.552 0.609 0.654 0.706 0.721
p.Station 27.EM4  0.335 0.106 0.106 0.144 0.265 0.342 0.411 0.496 0.519
p.Station 28.EM4  0.906 0.034 0.827 0.846 0.890 0.911 0.927 0.951 0.960
p.Station 29.EM4  0.139 0.079 0.020 0.028 0.077 0.129 0.191 0.284 0.311
p.Station 30.EM4  0.467 0.095 0.235 0.289 0.416 0.480 0.534 0.600 0.617
p.Station 31.EM4  0.721 0.069 0.557 0.599 0.690 0.733 0.766 0.805 0.818
p.Station 32.EM4  0.910 0.032 0.832 0.851 0.894 0.914 0.931 0.952 0.960
p.Station 33.EM4  0.969 0.023 0.908 0.927 0.961 0.975 0.984 0.992 0.993
p.Station 34.EM4  0.956 0.025 0.895 0.911 0.946 0.961 0.972 0.984 0.987
p.Station 35.EM4  0.920 0.031 0.847 0.865 0.906 0.924 0.940 0.961 0.967
p.Station 36.EM4  0.688 0.091 0.457 0.518 0.650 0.704 0.747 0.799 0.818
p.Station 37.EM4  0.462 0.096 0.237 0.288 0.408 0.473 0.529 0.595 0.615
p.Station 38.EM4  0.597 0.090 0.362 0.427 0.557 0.615 0.657 0.705 0.720
p.Station 39.EM4  0.218 0.103 0.036 0.053 0.138 0.219 0.295 0.385 0.413
p.Station 40.EM4  0.233 0.105 0.044 0.062 0.154 0.234 0.312 0.404 0.431
p.Station 41.EM4  0.255 0.103 0.054 0.080 0.180 0.257 0.330 0.420 0.446
p.Station 42.EM4  0.190 0.083 0.044 0.060 0.128 0.187 0.249 0.333 0.359
p.Station 43.EM4  0.241 0.098 0.060 0.081 0.170 0.240 0.312 0.403 0.429
p.Station 44.EM4  0.193 0.092 0.037 0.051 0.121 0.189 0.258 0.350 0.379
p.Station 45.EM4  0.193 0.097 0.027 0.042 0.116 0.190 0.262 0.357 0.385
p.Station 46.EM4  0.175 0.084 0.035 0.048 0.110 0.170 0.233 0.324 0.350
p.Station 47.EM4  0.217 0.091 0.054 0.070 0.149 0.215 0.281 0.371 0.396
p.Station 48.EM4  0.187 0.084 0.044 0.058 0.123 0.183 0.245 0.332 0.357
p.Station 49.EM4  0.235 0.099 0.049 0.069 0.163 0.238 0.307 0.395 0.419
p.Station 50.EM4  0.262 0.110 0.051 0.073 0.182 0.268 0.345 0.437 0.461
p.Station 51.EM4  0.498 0.093 0.256 0.320 0.454 0.513 0.561 0.618 0.637
p.Station 52.EM4  0.283 0.112 0.061 0.087 0.204 0.290 0.368 0.460 0.482
p.Station 53.EM4  0.321 0.115 0.086 0.118 0.241 0.329 0.407 0.498 0.522
p.Station 54.EM4  0.204 0.091 0.044 0.059 0.136 0.201 0.269 0.360 0.383
p.Station 55.EM4  0.445 0.096 0.207 0.264 0.393 0.458 0.512 0.578 0.596
p.Station 56.EM4  0.625 0.102 0.363 0.433 0.577 0.643 0.692 0.753 0.775
p.Station 57.EM4  0.360 0.117 0.090 0.135 0.286 0.377 0.446 0.524 0.546
p.Station 58.EM4  0.188 0.089 0.038 0.052 0.120 0.183 0.250 0.343 0.370
p.Station 59.EM4  0.342 0.116 0.098 0.133 0.264 0.353 0.429 0.514 0.538
p.Station 60.EM4  0.266 0.100 0.068 0.094 0.194 0.272 0.339 0.423 0.446
p.Station 61.EM4  0.588 0.106 0.315 0.389 0.538 0.607 0.660 0.722 0.741
p.Station 62.EM4  0.441 0.106 0.182 0.231 0.382 0.459 0.518 0.583 0.600
p.Station 63.EM4  0.291 0.107 0.076 0.105 0.217 0.296 0.371 0.456 0.482
p.Station 64.EM4  0.303 0.105 0.089 0.116 0.230 0.312 0.382 0.464 0.487
p.Station 65.EM4  0.343 0.098 0.121 0.162 0.286 0.352 0.413 0.489 0.510
p.Station 66.EM4  0.459 0.105 0.196 0.253 0.403 0.478 0.534 0.594 0.612
p.Station 67.EM4  0.596 0.103 0.338 0.398 0.548 0.613 0.667 0.728 0.746
p.Station 68.EM4  0.441 0.108 0.175 0.225 0.383 0.461 0.517 0.582 0.601
p.Station 69.EM4  0.359 0.097 0.134 0.173 0.302 0.370 0.428 0.499 0.522
p.Station 70.EM4  0.413 0.099 0.177 0.220 0.360 0.431 0.483 0.547 0.567
p.Station 71.EM4  0.279 0.104 0.069 0.097 0.207 0.284 0.355 0.442 0.467
p.Station 72.EM4  0.432 0.109 0.183 0.229 0.366 0.446 0.511 0.589 0.608
p.Station 73.EM4  0.327 0.109 0.098 0.132 0.252 0.337 0.405 0.492 0.515
p.Station 74.EM4  0.513 0.102 0.255 0.314 0.459 0.534 0.586 0.642 0.657
p.Station 75.EM4  0.439 0.098 0.196 0.246 0.390 0.455 0.507 0.569 0.586
p.Station 76.EM4  0.359 0.115 0.112 0.150 0.281 0.370 0.444 0.530 0.555
p.Station 77.EM4  0.337 0.116 0.093 0.127 0.257 0.349 0.424 0.509 0.533
p.Station 78.EM4  0.285 0.103 0.079 0.105 0.215 0.290 0.361 0.446 0.470
p.Station 79.EM4  0.647 0.093 0.413 0.470 0.605 0.665 0.710 0.762 0.775
p.Station 80.EM4  0.345 0.107 0.117 0.153 0.274 0.354 0.425 0.504 0.526
p.Station 81.EM4  0.237 0.095 0.058 0.078 0.167 0.239 0.306 0.391 0.415
p.Station 82.EM4  0.454 0.095 0.217 0.273 0.406 0.467 0.519 0.583 0.604
p.Station 83.EM4  0.589 0.085 0.370 0.430 0.551 0.604 0.645 0.696 0.712
p.Station 84.EM4  0.290 0.114 0.058 0.088 0.208 0.299 0.376 0.464 0.488
p.Station 85.EM4  0.274 0.107 0.056 0.083 0.199 0.281 0.352 0.443 0.467
p.Station 86.EM4  0.228 0.094 0.056 0.074 0.159 0.229 0.297 0.384 0.408
p.Station 87.EM4  0.240 0.096 0.061 0.080 0.171 0.242 0.309 0.395 0.423
p.Station 88.EM4  0.233 0.095 0.055 0.075 0.163 0.233 0.301 0.390 0.415
p.Station 89.EM4  0.546 0.090 0.316 0.377 0.503 0.561 0.607 0.660 0.675
p.Station 90.EM4  0.756 0.072 0.576 0.623 0.726 0.769 0.803 0.842 0.857
p.Station 91.EM4  0.696 0.076 0.505 0.553 0.666 0.711 0.744 0.786 0.799
p.Station 92.EM4  0.564 0.087 0.344 0.402 0.523 0.577 0.622 0.676 0.693
p.Station 93.EM4  0.259 0.099 0.069 0.092 0.188 0.262 0.332 0.417 0.442
p.Station 94.EM4  0.265 0.100 0.071 0.094 0.194 0.269 0.337 0.424 0.445
p.Station 95.EM4  0.327 0.111 0.088 0.125 0.255 0.337 0.409 0.492 0.516
p.Station 96.EM4  0.444 0.110 0.177 0.231 0.383 0.463 0.524 0.593 0.614
p.Station 97.EM4  0.725 0.076 0.531 0.585 0.694 0.739 0.773 0.813 0.826
p.Station 98.EM4  0.472 0.110 0.196 0.259 0.414 0.491 0.550 0.617 0.634
p.Station 99.EM4  0.581 0.103 0.301 0.380 0.539 0.602 0.650 0.704 0.719
p.Station 100.EM4 0.690 0.079 0.487 0.540 0.655 0.706 0.742 0.786 0.798
p.Station 101.EM4 0.542 0.106 0.264 0.334 0.496 0.565 0.615 0.672 0.689
p.Station 102.EM4 0.493 0.097 0.263 0.314 0.440 0.506 0.561 0.627 0.643
p.Station 103.EM4 0.303 0.105 0.085 0.115 0.230 0.312 0.378 0.464 0.487
p.Station 105.EM4 0.580 0.100 0.319 0.388 0.534 0.599 0.649 0.704 0.717
p.Station 106.EM4 0.501 0.108 0.228 0.293 0.447 0.521 0.577 0.641 0.658
p.Station 107.EM4 0.667 0.088 0.435 0.508 0.632 0.685 0.724 0.769 0.783
p.Station 108.EM4 0.511 0.109 0.229 0.296 0.456 0.531 0.588 0.650 0.668
p.Station 109.EM4 0.335 0.115 0.081 0.117 0.260 0.349 0.421 0.501 0.526
p.Station 110.EM4 0.300 0.108 0.075 0.105 0.225 0.308 0.382 0.464 0.489
p.Station 111.EM4 0.710 0.073 0.533 0.577 0.676 0.724 0.759 0.801 0.813
p.Station 112.EM4 0.385 0.113 0.121 0.166 0.314 0.400 0.468 0.543 0.565
p.Station 113.EM4 0.597 0.096 0.358 0.413 0.551 0.614 0.662 0.717 0.734
p.Station 114.EM4 0.760 0.064 0.611 0.649 0.731 0.771 0.803 0.838 0.850
p.Station 1.EM5   0.521 0.032 0.457 0.468 0.500 0.521 0.543 0.574 0.585
p.Station 2.EM5   0.666 0.087 0.501 0.525 0.605 0.665 0.726 0.811 0.834
p.Station 3.EM5   0.865 0.075 0.694 0.723 0.819 0.877 0.923 0.965 0.973
p.Station 4.EM5   0.848 0.078 0.677 0.706 0.797 0.858 0.907 0.958 0.970
p.Station 5.EM5   0.721 0.084 0.557 0.582 0.662 0.721 0.781 0.859 0.879
p.Station 6.EM5   0.641 0.093 0.470 0.497 0.575 0.637 0.703 0.802 0.830
p.Station 7.EM5   0.601 0.094 0.436 0.460 0.534 0.593 0.661 0.769 0.804
p.Station 8.EM5   0.499 0.085 0.365 0.383 0.441 0.487 0.546 0.661 0.707
p.Station 9.EM5   0.784 0.071 0.635 0.657 0.737 0.788 0.835 0.892 0.909
p.Station 10.EM5  0.581 0.089 0.428 0.449 0.521 0.572 0.632 0.747 0.790
p.Station 11.EM5  0.279 0.061 0.180 0.194 0.238 0.272 0.314 0.387 0.413
p.Station 12.EM5  0.207 0.052 0.121 0.134 0.172 0.201 0.234 0.299 0.324
p.Station 13.EM5  0.066 0.027 0.024 0.029 0.048 0.062 0.079 0.114 0.131
p.Station 14.EM5  0.369 0.077 0.245 0.261 0.316 0.361 0.413 0.504 0.540
p.Station 15.EM5  0.385 0.083 0.253 0.270 0.328 0.373 0.431 0.538 0.575
p.Station 16.EM5  0.748 0.078 0.590 0.615 0.695 0.751 0.804 0.871 0.888
p.Station 17.EM5  0.554 0.088 0.404 0.426 0.493 0.546 0.602 0.711 0.758
p.Station 18.EM5  0.155 0.042 0.081 0.095 0.128 0.151 0.178 0.230 0.251
p.Station 19.EM5  0.135 0.042 0.067 0.078 0.109 0.130 0.156 0.210 0.231
p.Station 20.EM5  0.809 0.078 0.649 0.675 0.755 0.812 0.866 0.932 0.948
p.Station 21.EM5  0.883 0.068 0.724 0.753 0.842 0.894 0.935 0.971 0.978
p.Station 24.EM5  0.169 0.049 0.091 0.104 0.138 0.163 0.193 0.257 0.285
p.Station 25.EM5  0.789 0.083 0.620 0.648 0.732 0.791 0.851 0.921 0.938
p.Station 26.EM5  0.353 0.078 0.229 0.246 0.300 0.344 0.397 0.496 0.532
p.Station 27.EM5  0.615 0.113 0.422 0.447 0.533 0.604 0.689 0.815 0.856
p.Station 28.EM5  0.074 0.026 0.028 0.035 0.058 0.073 0.089 0.120 0.133
p.Station 29.EM5  0.817 0.091 0.627 0.656 0.753 0.826 0.888 0.950 0.963
p.Station 30.EM5  0.484 0.089 0.336 0.355 0.422 0.476 0.538 0.640 0.685
p.Station 31.EM5  0.235 0.058 0.141 0.155 0.196 0.227 0.266 0.341 0.372
p.Station 32.EM5  0.071 0.027 0.026 0.032 0.053 0.068 0.085 0.118 0.132
p.Station 33.EM5  0.021 0.017 0.004 0.005 0.010 0.017 0.027 0.052 0.062
p.Station 34.EM5  0.032 0.019 0.007 0.009 0.019 0.028 0.041 0.068 0.080
p.Station 35.EM5  0.062 0.024 0.021 0.027 0.046 0.060 0.076 0.105 0.118
p.Station 36.EM5  0.241 0.056 0.146 0.163 0.206 0.236 0.269 0.340 0.366
p.Station 37.EM5  0.489 0.092 0.335 0.355 0.424 0.480 0.544 0.653 0.692
p.Station 38.EM5  0.355 0.066 0.247 0.263 0.312 0.348 0.390 0.475 0.511
p.Station 39.EM5  0.728 0.116 0.520 0.547 0.640 0.721 0.815 0.924 0.945
p.Station 40.EM5  0.721 0.117 0.507 0.535 0.632 0.717 0.809 0.917 0.939
p.Station 41.EM5  0.701 0.112 0.494 0.523 0.618 0.696 0.781 0.891 0.922
p.Station 42.EM5  0.532 0.088 0.379 0.396 0.470 0.526 0.589 0.688 0.719
p.Station 43.EM5  0.349 0.082 0.207 0.229 0.294 0.342 0.397 0.495 0.533
p.Station 44.EM5  0.731 0.105 0.534 0.559 0.656 0.730 0.810 0.902 0.922
p.Station 45.EM5  0.750 0.110 0.541 0.572 0.668 0.750 0.834 0.928 0.948
p.Station 46.EM5  0.706 0.096 0.521 0.547 0.637 0.708 0.776 0.863 0.882
p.Station 47.EM5  0.486 0.090 0.330 0.351 0.422 0.479 0.543 0.649 0.684
p.Station 48.EM5  0.626 0.093 0.453 0.478 0.560 0.623 0.691 0.786 0.813
p.Station 49.EM5  0.667 0.108 0.477 0.501 0.588 0.659 0.741 0.859 0.891
p.Station 50.EM5  0.663 0.122 0.454 0.480 0.572 0.653 0.745 0.886 0.917
p.Station 51.EM5  0.457 0.080 0.323 0.343 0.404 0.450 0.501 0.599 0.644
p.Station 52.EM5  0.664 0.124 0.453 0.476 0.572 0.652 0.752 0.886 0.918
p.Station 53.EM5  0.192 0.069 0.071 0.088 0.147 0.186 0.229 0.313 0.348
p.Station 54.EM5  0.674 0.101 0.485 0.513 0.602 0.671 0.746 0.846 0.873
p.Station 55.EM5  0.509 0.089 0.358 0.378 0.446 0.503 0.561 0.663 0.706
p.Station 56.EM5  0.293 0.067 0.182 0.201 0.250 0.286 0.327 0.409 0.445
p.Station 57.EM5  0.556 0.126 0.365 0.387 0.467 0.534 0.626 0.800 0.863
p.Station 58.EM5  0.717 0.100 0.526 0.552 0.645 0.717 0.791 0.882 0.904
p.Station 59.EM5  0.210 0.071 0.087 0.107 0.163 0.202 0.248 0.334 0.369
p.Station 60.EM5  0.555 0.102 0.380 0.404 0.483 0.543 0.619 0.740 0.783
p.Station 61.EM5  0.337 0.071 0.226 0.241 0.291 0.327 0.372 0.463 0.506
p.Station 62.EM5  0.504 0.085 0.369 0.388 0.446 0.493 0.549 0.663 0.710
p.Station 63.EM5  0.663 0.115 0.457 0.486 0.576 0.656 0.745 0.864 0.897
p.Station 64.EM5  0.445 0.096 0.284 0.307 0.378 0.434 0.499 0.619 0.674
p.Station 65.EM5  0.614 0.095 0.446 0.469 0.548 0.608 0.674 0.783 0.820
p.Station 66.EM5  0.489 0.084 0.354 0.374 0.431 0.477 0.534 0.646 0.691
p.Station 67.EM5  0.332 0.071 0.221 0.238 0.286 0.323 0.368 0.457 0.499
p.Station 68.EM5  0.506 0.086 0.370 0.388 0.448 0.494 0.552 0.668 0.713
p.Station 69.EM5  0.598 0.093 0.431 0.457 0.533 0.593 0.655 0.762 0.805
p.Station 70.EM5  0.540 0.085 0.393 0.415 0.483 0.533 0.590 0.691 0.732
p.Station 71.EM5  0.603 0.111 0.413 0.438 0.522 0.592 0.675 0.805 0.845
p.Station 72.EM5  0.129 0.054 0.040 0.052 0.093 0.123 0.158 0.222 0.251
p.Station 73.EM5  0.623 0.116 0.427 0.449 0.538 0.611 0.700 0.832 0.867
p.Station 74.EM5  0.433 0.078 0.309 0.327 0.380 0.422 0.473 0.576 0.616
p.Station 75.EM5  0.516 0.085 0.376 0.395 0.458 0.508 0.562 0.670 0.715
p.Station 76.EM5  0.169 0.065 0.058 0.074 0.125 0.164 0.204 0.283 0.317
p.Station 77.EM5  0.219 0.073 0.091 0.112 0.172 0.215 0.259 0.345 0.384
p.Station 78.EM5  0.550 0.105 0.373 0.396 0.475 0.539 0.614 0.745 0.789
p.Station 79.EM5  0.291 0.063 0.192 0.206 0.251 0.284 0.323 0.401 0.433
p.Station 80.EM5  0.606 0.112 0.419 0.442 0.521 0.594 0.679 0.807 0.842
p.Station 81.EM5  0.589 0.101 0.412 0.434 0.515 0.580 0.657 0.771 0.802
p.Station 82.EM5  0.501 0.084 0.356 0.376 0.444 0.495 0.549 0.651 0.691
p.Station 83.EM5  0.367 0.068 0.252 0.269 0.323 0.361 0.403 0.484 0.519
p.Station 84.EM5  0.654 0.126 0.443 0.467 0.559 0.641 0.740 0.882 0.920
p.Station 85.EM5  0.631 0.117 0.432 0.460 0.546 0.619 0.707 0.849 0.888
p.Station 86.EM5  0.538 0.096 0.370 0.394 0.469 0.532 0.601 0.708 0.745
p.Station 87.EM5  0.505 0.094 0.344 0.364 0.437 0.496 0.564 0.675 0.712
p.Station 88.EM5  0.600 0.101 0.422 0.446 0.528 0.593 0.667 0.779 0.813
p.Station 89.EM5  0.408 0.078 0.280 0.297 0.354 0.400 0.452 0.543 0.585
p.Station 90.EM5  0.197 0.046 0.118 0.133 0.169 0.193 0.222 0.274 0.300
p.Station 91.EM5  0.262 0.054 0.171 0.188 0.228 0.257 0.289 0.354 0.386
p.Station 92.EM5  0.390 0.075 0.264 0.282 0.339 0.384 0.433 0.520 0.559
p.Station 93.EM5  0.450 0.091 0.298 0.318 0.387 0.441 0.505 0.619 0.658
p.Station 94.EM5  0.474 0.094 0.313 0.335 0.407 0.464 0.532 0.643 0.684
p.Station 95.EM5  0.550 0.115 0.367 0.390 0.467 0.534 0.619 0.767 0.817
p.Station 96.EM5  0.376 0.097 0.230 0.248 0.312 0.361 0.423 0.561 0.618
p.Station 97.EM5  0.231 0.050 0.148 0.160 0.199 0.226 0.257 0.318 0.346
p.Station 98.EM5  0.332 0.089 0.194 0.216 0.275 0.320 0.375 0.493 0.548
p.Station 99.EM5  0.312 0.095 0.182 0.200 0.254 0.295 0.346 0.488 0.558
p.Station 100.EM5 0.242 0.072 0.138 0.155 0.197 0.229 0.270 0.373 0.426
p.Station 101.EM5 0.333 0.095 0.198 0.218 0.274 0.316 0.370 0.509 0.582
p.Station 102.EM5 0.454 0.093 0.303 0.323 0.388 0.442 0.509 0.625 0.669
p.Station 103.EM5 0.533 0.106 0.360 0.383 0.459 0.519 0.595 0.733 0.777
p.Station 105.EM5 0.242 0.075 0.127 0.146 0.197 0.232 0.274 0.371 0.422
p.Station 106.EM5 0.330 0.091 0.191 0.212 0.273 0.316 0.371 0.501 0.557
p.Station 107.EM5 0.214 0.071 0.114 0.129 0.172 0.203 0.242 0.330 0.379
p.Station 108.EM5 0.307 0.089 0.173 0.195 0.251 0.293 0.346 0.469 0.529
p.Station 109.EM5 0.584 0.124 0.391 0.413 0.493 0.564 0.655 0.830 0.877
p.Station 110.EM5 0.583 0.114 0.395 0.420 0.500 0.569 0.654 0.797 0.839
p.Station 111.EM5 0.150 0.053 0.071 0.082 0.118 0.143 0.173 0.235 0.265
p.Station 112.EM5 0.466 0.109 0.301 0.323 0.391 0.447 0.522 0.676 0.740
p.Station 113.EM5 0.214 0.070 0.105 0.123 0.172 0.205 0.244 0.333 0.375
p.Station 114.EM5 0.110 0.047 0.046 0.054 0.083 0.104 0.128 0.181 0.214
p.Station 1.EM6   0.073 0.013 0.049 0.052 0.064 0.072 0.081 0.096 0.101
p.Station 2.EM6   0.154 0.073 0.055 0.064 0.101 0.139 0.194 0.300 0.334
p.Station 3.EM6   0.034 0.029 0.004 0.006 0.015 0.026 0.042 0.090 0.114
p.Station 4.EM6   0.026 0.028 0.002 0.003 0.009 0.017 0.032 0.079 0.102
p.Station 5.EM6   0.109 0.060 0.030 0.038 0.066 0.095 0.137 0.227 0.263
p.Station 6.EM6   0.115 0.074 0.027 0.034 0.062 0.096 0.147 0.261 0.312
p.Station 7.EM6   0.124 0.081 0.029 0.036 0.066 0.102 0.160 0.285 0.338
p.Station 8.EM6   0.055 0.068 0.004 0.005 0.015 0.031 0.067 0.196 0.264
p.Station 9.EM6   0.097 0.048 0.029 0.037 0.063 0.087 0.121 0.189 0.217
p.Station 10.EM6  0.047 0.059 0.003 0.005 0.013 0.027 0.056 0.161 0.220
p.Station 11.EM6  0.043 0.058 0.005 0.006 0.014 0.025 0.048 0.143 0.203
p.Station 12.EM6  0.039 0.050 0.005 0.006 0.014 0.024 0.045 0.124 0.171
p.Station 13.EM6  0.021 0.021 0.003 0.004 0.008 0.014 0.025 0.059 0.077
p.Station 14.EM6  0.049 0.067 0.005 0.007 0.015 0.027 0.054 0.165 0.242
p.Station 15.EM6  0.051 0.065 0.006 0.008 0.018 0.031 0.058 0.167 0.234
p.Station 16.EM6  0.107 0.056 0.031 0.040 0.067 0.096 0.135 0.215 0.246
p.Station 17.EM6  0.045 0.058 0.003 0.005 0.012 0.025 0.053 0.159 0.219
p.Station 18.EM6  0.033 0.040 0.004 0.006 0.012 0.020 0.038 0.105 0.147
p.Station 19.EM6  0.034 0.037 0.005 0.007 0.013 0.022 0.039 0.103 0.139
p.Station 20.EM6  0.031 0.032 0.003 0.004 0.010 0.020 0.039 0.096 0.122
p.Station 21.EM6  0.024 0.024 0.002 0.003 0.009 0.017 0.030 0.070 0.091
p.Station 24.EM6  0.041 0.043 0.007 0.009 0.017 0.027 0.048 0.118 0.156
p.Station 25.EM6  0.030 0.034 0.003 0.004 0.010 0.020 0.037 0.095 0.123
p.Station 26.EM6  0.052 0.068 0.006 0.008 0.017 0.030 0.056 0.167 0.240
p.Station 27.EM6  0.050 0.057 0.005 0.007 0.018 0.032 0.059 0.154 0.215
p.Station 28.EM6  0.019 0.024 0.002 0.002 0.006 0.011 0.023 0.064 0.089
p.Station 29.EM6  0.045 0.037 0.007 0.010 0.021 0.034 0.056 0.117 0.150
p.Station 30.EM6  0.048 0.062 0.005 0.007 0.015 0.028 0.055 0.164 0.227
p.Station 31.EM6  0.044 0.057 0.006 0.008 0.015 0.026 0.049 0.144 0.197
p.Station 32.EM6  0.019 0.022 0.002 0.003 0.007 0.012 0.023 0.060 0.080
p.Station 33.EM6  0.010 0.012 0.001 0.001 0.003 0.006 0.012 0.031 0.042
p.Station 34.EM6  0.012 0.014 0.001 0.002 0.004 0.008 0.014 0.036 0.046
p.Station 35.EM6  0.018 0.020 0.002 0.002 0.006 0.011 0.021 0.057 0.077
p.Station 36.EM6  0.071 0.085 0.007 0.009 0.023 0.044 0.084 0.232 0.319
p.Station 37.EM6  0.049 0.063 0.005 0.007 0.016 0.028 0.055 0.162 0.231
p.Station 38.EM6  0.048 0.072 0.003 0.004 0.011 0.024 0.053 0.168 0.256
p.Station 39.EM6  0.054 0.049 0.007 0.010 0.024 0.039 0.067 0.150 0.193
p.Station 40.EM6  0.046 0.047 0.004 0.007 0.018 0.032 0.056 0.138 0.181
p.Station 41.EM6  0.044 0.049 0.004 0.006 0.016 0.029 0.053 0.134 0.182
p.Station 42.EM6  0.277 0.091 0.139 0.154 0.210 0.264 0.331 0.446 0.483
p.Station 43.EM6  0.409 0.121 0.216 0.234 0.317 0.396 0.488 0.634 0.675
p.Station 44.EM6  0.076 0.053 0.020 0.024 0.041 0.060 0.092 0.183 0.222
p.Station 45.EM6  0.057 0.047 0.010 0.013 0.027 0.043 0.071 0.148 0.187
p.Station 46.EM6  0.118 0.060 0.046 0.051 0.076 0.104 0.144 0.239 0.274
p.Station 47.EM6  0.297 0.099 0.147 0.162 0.223 0.282 0.358 0.485 0.526
p.Station 48.EM6  0.187 0.074 0.084 0.094 0.133 0.172 0.223 0.334 0.375
p.Station 49.EM6  0.097 0.062 0.031 0.035 0.056 0.079 0.119 0.221 0.272
p.Station 50.EM6  0.074 0.062 0.015 0.019 0.036 0.056 0.090 0.195 0.255
p.Station 51.EM6  0.045 0.061 0.003 0.005 0.012 0.024 0.051 0.158 0.216
p.Station 52.EM6  0.053 0.053 0.005 0.008 0.021 0.036 0.064 0.156 0.208
p.Station 53.EM6  0.487 0.147 0.251 0.276 0.375 0.469 0.584 0.758 0.810
p.Station 54.EM6  0.121 0.065 0.044 0.051 0.076 0.104 0.148 0.251 0.291
p.Station 55.EM6  0.046 0.061 0.004 0.006 0.014 0.026 0.052 0.160 0.223
p.Station 56.EM6  0.082 0.090 0.008 0.011 0.028 0.052 0.099 0.264 0.340
p.Station 57.EM6  0.084 0.071 0.018 0.022 0.041 0.062 0.101 0.228 0.291
p.Station 58.EM6  0.095 0.056 0.032 0.037 0.057 0.080 0.116 0.206 0.249
p.Station 59.EM6  0.448 0.147 0.221 0.245 0.337 0.425 0.543 0.728 0.780
p.Station 60.EM6  0.179 0.087 0.072 0.081 0.117 0.157 0.219 0.362 0.410
p.Station 61.EM6  0.075 0.088 0.006 0.009 0.024 0.046 0.090 0.249 0.331
p.Station 62.EM6  0.055 0.067 0.004 0.005 0.015 0.032 0.066 0.189 0.256
p.Station 63.EM6  0.046 0.050 0.004 0.007 0.017 0.030 0.056 0.144 0.189
p.Station 64.EM6  0.252 0.111 0.105 0.118 0.170 0.226 0.307 0.478 0.536
p.Station 65.EM6  0.043 0.052 0.004 0.005 0.013 0.025 0.049 0.140 0.202
p.Station 66.EM6  0.052 0.066 0.003 0.005 0.014 0.030 0.062 0.177 0.246
p.Station 67.EM6  0.072 0.084 0.005 0.008 0.022 0.044 0.087 0.234 0.316
p.Station 68.EM6  0.053 0.068 0.003 0.005 0.014 0.030 0.064 0.187 0.256
p.Station 69.EM6  0.043 0.052 0.004 0.005 0.013 0.025 0.050 0.142 0.196
p.Station 70.EM6  0.046 0.062 0.003 0.004 0.012 0.025 0.053 0.165 0.229
p.Station 71.EM6  0.118 0.073 0.039 0.045 0.068 0.097 0.145 0.267 0.320
p.Station 72.EM6  0.439 0.132 0.234 0.254 0.342 0.419 0.520 0.686 0.736
p.Station 73.EM6  0.051 0.055 0.005 0.008 0.019 0.033 0.061 0.154 0.212
p.Station 74.EM6  0.055 0.073 0.003 0.005 0.014 0.030 0.063 0.195 0.273
p.Station 75.EM6  0.045 0.059 0.004 0.005 0.012 0.025 0.052 0.153 0.212
p.Station 76.EM6  0.472 0.145 0.244 0.269 0.361 0.451 0.567 0.746 0.795
p.Station 77.EM6  0.444 0.148 0.220 0.241 0.330 0.419 0.538 0.727 0.777
p.Station 78.EM6  0.165 0.088 0.062 0.070 0.102 0.141 0.201 0.348 0.406
p.Station 79.EM6  0.061 0.078 0.004 0.005 0.017 0.035 0.072 0.211 0.295
p.Station 80.EM6  0.050 0.056 0.005 0.007 0.018 0.032 0.057 0.157 0.216
p.Station 81.EM6  0.174 0.082 0.070 0.078 0.115 0.155 0.211 0.339 0.384
p.Station 82.EM6  0.045 0.059 0.004 0.005 0.013 0.025 0.051 0.154 0.220
p.Station 83.EM6  0.044 0.064 0.003 0.004 0.011 0.023 0.049 0.156 0.226
p.Station 84.EM6  0.056 0.056 0.006 0.009 0.023 0.039 0.069 0.166 0.219
p.Station 85.EM6  0.095 0.067 0.026 0.032 0.052 0.075 0.116 0.229 0.288
p.Station 86.EM6  0.233 0.093 0.106 0.118 0.164 0.214 0.284 0.413 0.462
p.Station 87.EM6  0.255 0.098 0.116 0.128 0.181 0.237 0.311 0.446 0.491
p.Station 88.EM6  0.167 0.080 0.066 0.075 0.109 0.147 0.205 0.328 0.378
p.Station 89.EM6  0.046 0.067 0.004 0.006 0.013 0.025 0.050 0.158 0.234
p.Station 90.EM6  0.047 0.063 0.003 0.004 0.012 0.026 0.055 0.157 0.225
p.Station 91.EM6  0.042 0.064 0.003 0.004 0.010 0.021 0.047 0.150 0.219
p.Station 92.EM6  0.046 0.066 0.005 0.006 0.013 0.025 0.050 0.156 0.234
p.Station 93.EM6  0.290 0.107 0.135 0.150 0.210 0.271 0.351 0.499 0.544
p.Station 94.EM6  0.262 0.105 0.118 0.132 0.185 0.238 0.317 0.470 0.523
p.Station 95.EM6  0.122 0.082 0.038 0.044 0.068 0.098 0.150 0.290 0.349
p.Station 96.EM6  0.180 0.109 0.064 0.072 0.106 0.148 0.216 0.402 0.481
p.Station 97.EM6  0.044 0.067 0.003 0.004 0.010 0.022 0.048 0.160 0.236
p.Station 98.EM6  0.196 0.114 0.073 0.081 0.119 0.164 0.235 0.430 0.518
p.Station 99.EM6  0.107 0.089 0.030 0.035 0.055 0.079 0.124 0.276 0.362
p.Station 100.EM6 0.068 0.065 0.016 0.019 0.032 0.048 0.079 0.188 0.257
p.Station 101.EM6 0.125 0.097 0.038 0.043 0.066 0.095 0.146 0.315 0.410
p.Station 102.EM6 0.053 0.065 0.006 0.008 0.018 0.031 0.060 0.168 0.235
p.Station 103.EM6 0.164 0.089 0.062 0.069 0.102 0.141 0.198 0.341 0.398
p.Station 105.EM6 0.178 0.107 0.065 0.072 0.107 0.147 0.212 0.393 0.488
p.Station 106.EM6 0.168 0.109 0.057 0.064 0.098 0.136 0.200 0.390 0.478
p.Station 107.EM6 0.119 0.084 0.039 0.044 0.066 0.094 0.141 0.276 0.353
p.Station 108.EM6 0.182 0.115 0.063 0.071 0.106 0.148 0.218 0.418 0.512
p.Station 109.EM6 0.081 0.066 0.017 0.022 0.040 0.061 0.098 0.216 0.270
p.Station 110.EM6 0.117 0.076 0.036 0.042 0.066 0.095 0.144 0.273 0.329
p.Station 111.EM6 0.140 0.076 0.054 0.061 0.088 0.119 0.168 0.290 0.347
p.Station 112.EM6 0.150 0.094 0.051 0.058 0.087 0.122 0.182 0.342 0.418
p.Station 113.EM6 0.189 0.104 0.073 0.082 0.118 0.160 0.228 0.396 0.477
p.Station 114.EM6 0.130 0.063 0.054 0.061 0.086 0.114 0.157 0.253 0.299
