TOTAL ALKALINITY
Run Date:,02-21-2022,   ,End of Cal:,442	11:5
Operator:,DT,   ,CRM TA:,2118.1,   ,CRM TA:,2.164177,   ,Slope:,-1.714285e-002
Acid Batch:,211103,   ,CRM Salinity:,31.789,   ,Input TA:,,   ,[HCl](mM):,97.73901
Volume:,18,   ,CRM Temp:,22.1
 
 
 
SampleID,Time,TA(mM),Init. pH,TA(uM),TA(uM) Corrected,Salinity,Temperature,Density,TA(umolkg-1),Volume HgCl2(uL),Volume Sample(mL),HgCl2 CF,TA(umolkg-1),TA_avg (umolkg-1),TA_std (umolkg-1),
ESL09a_01,11:10:56,2.1641,7.993,2164.1,   NaN,31.789,22.1,1.0218,NaN,50,250,1.0002,NaN,flag,flag
ESL09a_01,11:25:16,2.1597,7.969,2159.7,   NaN,31.789,22.1,1.0218,NaN,50,250,1.0002,NaN,,
ESL09a_01,11:40:16,2.162,7.974,2162,   NaN,31.789,22.1,1.0218,NaN,50,250,1.0002,NaN,,
ESL09a_01,11:56:11,2.1615,7.963,2161.5,   NaN,31.789,22.1,1.0218,NaN,50,250,1.0002,NaN,,
RSA_335,12:13:26,2.2988,7.899,2298.8,   NaN,33.361,22.1,1.0229,NaN,100,250,1.0004,NaN,NaN,   NaN
RSA_335,12:26:01,2.3002,7.906,2300.2,   NaN,33.361,22.1,1.0229,NaN,100,250,1.0004,NaN,,
RSA_336,12:43:36,2.2561,8.124,2256.1,   NaN,32.586,22.1,1.0224,NaN,100,250,1.0004,NaN,NaN,   NaN
RSA_336,12:57:10,2.2539,8.124,2253.9,   NaN,32.586,22.1,1.0224,NaN,100,250,1.0004,NaN,,
RSA_337,13:12:35,2.2752,8.143,2275.2,   NaN,34.451,22.1,1.0238,NaN,100,250,1.0004,NaN,flag,flag
RSA_337,13:27:55,2.2723,8.148,2272.3,   NaN,34.451,22.1,1.0238,NaN,100,250,1.0004,NaN,,
RSA_337,13:41:20,2.2726,8.15,2272.6,   NaN,34.451,22.1,1.0238,NaN,100,250,1.0004,NaN,,
RSA_338,13:58:45,2.3494,7.935,2349.4,   NaN,32.722,22.1,1.0225,NaN,100,250,1.0004,NaN,flag,flag
RSA_338,14:12:30,2.3523,7.974,2352.3,   NaN,32.722,22.1,1.0225,NaN,100,250,1.0004,NaN,,
RSA_338,14:26:35,2.3497,7.946,2349.7,   NaN,32.722,22.1,1.0225,NaN,100,250,1.0004,NaN,,
RSA_338,14:41:25,2.353,7.976,2353,   NaN,32.722,22.1,1.0225,NaN,100,250,1.0004,NaN,,
RSA_338,14:55:30,2.3508,7.965,2350.8,   NaN,32.722,22.1,1.0225,NaN,100,250,1.0004,NaN,,
RSA_339,15:12:50,2.2546,8.112,2254.6,   NaN,32.486,22.1,1.0223,NaN,100,250,1.0004,NaN,NaN,   NaN
RSA_339,15:26:40,2.255,8.128,2255,   NaN,32.486,22.1,1.0223,NaN,100,250,1.0004,NaN,,
RSA_340,15:42:05,2.2502,8.108,2250.2,   NaN,32.486,22.1,1.0223,NaN,100,250,1.0004,NaN,NaN,   NaN
RSA_340,15:56:25,2.2496,8.107,2249.6,   NaN,32.486,22.1,1.0223,NaN,100,250,1.0004,NaN,,
RSA_341,16:12:30,2.3209,7.897,2320.9,   NaN,33.765,22.1,1.0233,NaN,100,250,1.0004,NaN,flag,flag
RSA_341,16:24:25,2.3182,7.908,2318.2,   NaN,33.765,22.1,1.0233,NaN,100,250,1.0004,NaN,,
RSA_341,16:39:15,2.3194,7.925,2319.4,   NaN,33.765,22.1,1.0233,NaN,100,250,1.0004,NaN,,
RSA_342,16:56:00,2.2762,7.909,2276.2,   NaN,33.033,22.1,1.0227,NaN,100,250,1.0004,NaN,NaN,   NaN
RSA_342,17:11:10,2.275,7.908,2275,   NaN,33.033,22.1,1.0227,NaN,100,250,1.0004,NaN,,
RSA_343,17:27:30,2.2359,8.078,2235.9,   NaN,32.415,22.1,1.0222,NaN,100,250,1.0004,NaN,NaN,   NaN
RSA_343,17:39:35,2.2342,8.086,2234.2,   NaN,32.415,22.1,1.0222,NaN,100,250,1.0004,NaN,,
RSA_344,17:55:15,2.2633,7.933,2263.3,   NaN,32.756,22.1,1.0225,NaN,100,250,1.0004,NaN,NaN,   NaN
RSA_344,18:08:25,2.2628,7.937,2262.8,   NaN,32.756,22.1,1.0225,NaN,100,250,1.0004,NaN,,
RSA_345,18:23:55,2.2415,8.131,2241.5,   NaN,32.349,22.1,1.0222,NaN,100,250,1.0004,NaN,flag,flag
RSA_345,18:39:05,2.2378,8.105,2237.8,   NaN,32.349,22.1,1.0222,NaN,100,250,1.0004,NaN,,
RSA_345,18:52:05,2.2351,8.087,2235.1,   NaN,32.349,22.1,1.0222,NaN,100,250,1.0004,NaN,,
RSA_345,19:04:50,2.2358,8.099,2235.8,   NaN,32.349,22.1,1.0222,NaN,100,250,1.0004,NaN,,
ESL09a_01,19:20:00,2.1655,7.98,2165.5,   NaN,31.789,22.1,1.0218,NaN,50,250,1.0002,NaN,NaN,   NaN
ESL09a_01,19:33:45,2.1634,7.976,2163.4,   NaN,31.789,22.1,1.0218,NaN,50,250,1.0002,NaN,,
   ,,   ,,   ,,   ,,   ,,   ,,   ,,   ,,   ,,   ,,   ,,   ,,   ,,   ,,,
Calibration Date & Time	02-21-2022	12:07:40
T(C) = 	 22.1
	pH	EMF(mV)
	 4.01	 167.8
	 7	-6.6
	 10.01	-182.2
pH =	 6.886667	-1.714285e-002	 * EMF(mV)
	C(HCl)(mM)	 97.73901
