TOTAL ALKALINITY
Run Date:,02-28-2022,   ,End of Cal:,442	11:0
Operator:,DT,   ,CRM TA:,2118.1,   ,CRM TA:,2.164177,   ,Slope:,-1.715758e-002
Acid Batch:,211103,   ,CRM Salinity:,31.789,   ,Input TA:,,   ,[HCl](mM):,97.608
Volume:,18,   ,CRM Temp:,22.1
 
 
 
SampleID,Time,TA(mM),Init. pH,TA(uM),TA(uM) Corrected,Salinity,Temperature,Density,TA(umolkg-1),Volume HgCl2(uL),Volume Sample(mL),HgCl2 CF,TA(umolkg-1),TA_avg (umolkg-1),TA_std (umolkg-1),
ESL09a_10,10:46:33,2.1657,7.999,2165.7,   NaN,31.789,22.1,1.0218,NaN,50,250,1.0002,NaN,NaN,   NaN
ESL09a_10,11:01:08,2.165,7.972,2165,   NaN,31.789,22.1,1.0218,NaN,50,250,1.0002,NaN,,
RSA_393,11:18:28,2.2876,7.91,2287.6,   NaN,33.228,22.1,1.0228,NaN,100,250,1.0004,NaN,NaN,   NaN
RSA_393,11:30:48,2.2858,7.918,2285.8,   NaN,33.228,22.1,1.0228,NaN,100,250,1.0004,NaN,,
RSA_394,11:46:13,2.2488,8.101,2248.8,   NaN,32.480,22.1,1.0223,NaN,100,250,1.0004,NaN,NaN,   NaN
RSA_394,11:58:58,2.2482,8.11,2248.2,   NaN,32.480,22.1,1.0223,NaN,100,250,1.0004,NaN,,
RSA_395,12:14:13,2.4041,8.02,2404.1,   NaN,35.393,22.1,1.0245,NaN,100,250,1.0004,NaN,flag,flag
RSA_395,12:26:48,2.4011,8.027,2401.1,   NaN,35.393,22.1,1.0245,NaN,100,250,1.0004,NaN,,
RSA_395,12:41:48,2.4031,8.021,2403.1,   NaN,35.393,22.1,1.0245,NaN,100,250,1.0004,NaN,,
RSA_396,13:00:07,2.2604,8.125,2260.4,   NaN,32.520,22.1,1.0223,NaN,100,250,1.0004,NaN,flag,flag
RSA_396,13:30:57,2.2573,8.114,2257.3,   NaN,32.520,22.1,1.0223,NaN,100,250,1.0004,NaN,,
RSA_396,13:46:02,2.2565,8.112,2256.5,   NaN,32.520,22.1,1.0223,NaN,100,250,1.0004,NaN,,
RSA_397,14:09:12,2.4062,8.02,2406.2,   NaN,35.487,22.1,1.0246,NaN,100,250,1.0004,NaN,NaN,   NaN
RSA_397,14:22:17,2.4066,8.018,2406.6,   NaN,35.487,22.1,1.0246,NaN,100,250,1.0004,NaN,,
RSA_398,14:36:42,1.9609,8.005,1960.9,   NaN,35.487,22.1,1.0246,NaN,100,250,1.0004,NaN,flag,flag
RSA_398,14:48:17,2.4055,8.008,2405.5,   NaN,35.487,22.1,1.0246,NaN,100,250,1.0004,NaN,,
RSA_398,15:01:17,2.4061,8.008,2406.1,   NaN,35.487,22.1,1.0246,NaN,100,250,1.0004,NaN,,
RSA_399,15:15:07,2.2564,8.114,2256.4,   NaN,32.514,22.1,1.0223,NaN,100,250,1.0004,NaN,NaN,   NaN
RSA_399,15:30:42,2.2562,8.109,2256.2,   NaN,32.514,22.1,1.0223,NaN,100,250,1.0004,NaN,,
RSA_400,15:44:32,2.3895,7.984,2389.5,   NaN,35.174,22.1,1.0243,NaN,100,250,1.0004,NaN,NaN,   NaN
RSA_400,15:57:22,2.3897,8.013,2389.7,   NaN,35.174,22.1,1.0243,NaN,100,250,1.0004,NaN,,
RSA_401,16:11:47,2.389,7.992,2389,   NaN,35.174,22.1,1.0243,NaN,100,250,1.0004,NaN,NaN,   NaN
RSA_401,16:25:47,2.3882,8.005,2388.2,   NaN,35.174,22.1,1.0243,NaN,100,250,1.0004,NaN,,
RSA_402,16:41:37,2.2624,8.103,2262.4,   NaN,32.743,22.1,1.0225,NaN,100,250,1.0004,NaN,NaN,   NaN
RSA_402,16:54:22,2.2616,8.11,2261.6,   NaN,32.743,22.1,1.0225,NaN,100,250,1.0004,NaN,,
RSA_403,17:09:22,2.2987,7.924,2298.7,   NaN,33.445,22.1,1.023,NaN,100,250,1.0004,NaN,NaN,   NaN
RSA_403,17:22:12,2.3008,7.904,2300.8,   NaN,33.445,22.1,1.023,NaN,100,250,1.0004,NaN,,
RSA_404,17:38:07,2.3036,7.932,2303.6,   NaN,33.445,22.1,1.023,NaN,100,250,1.0004,NaN,flag,flag
RSA_404,17:50:57,2.3009,7.926,2300.9,   NaN,33.445,22.1,1.023,NaN,100,250,1.0004,NaN,,
RSA_404,18:04:37,2.3049,7.932,2304.9,   NaN,33.445,22.1,1.023,NaN,100,250,1.0004,NaN,,
RSA_404,18:17:37,2.3009,7.924,2300.9,   NaN,33.445,22.1,1.023,NaN,100,250,1.0004,NaN,,
RSA_404,18:31:42,2.3018,7.926,2301.8,   NaN,33.445,22.1,1.023,NaN,100,250,1.0004,NaN,,
RSA_405,18:45:22,2.2636,8.113,2263.6,   NaN,32.743,22.1,1.0225,NaN,100,250,1.0004,NaN,NaN,   NaN
RSA_405,18:58:37,2.2649,8.112,2264.9,   NaN,32.743,22.1,1.0225,NaN,100,250,1.0004,NaN,,
ESL09a_10,19:14:52,2.1659,7.981,2165.9,   NaN,31.789,22.1,1.0218,NaN,50,250,1.0002,NaN,NaN,   NaN
ESL09a_10,19:28:32,2.1652,7.982,2165.2,   NaN,31.789,22.1,1.0218,NaN,50,250,1.0002,NaN,,
   ,,   ,,   ,,   ,,   ,,   ,,   ,,   ,,   ,,   ,,   ,,   ,,   ,,   ,,,
Calibration Date & Time	02-28-2022	11:12:59
T(C) = 	 22.1
	pH	EMF(mV)
	 4.01	 168
	 7	-6.6
	 10.01	-181.7
pH =	 6.890567	-1.715758e-002	 * EMF(mV)
	C(HCl)(mM)	 97.608
