TOTAL ALKALINITY
Run Date:,02-04-2022,   ,End of Cal:,11:25:59
Operator:,DT,   ,CRM TA:,2112.6,   ,CRM TA:,2.158674,   ,Slope:,-1.710864e-002
Acid Batch:,211103,   ,CRM Salinity:,31.862,   ,Input TA:,,   ,[HCl](mM):,97.792
Volume:,18,   ,CRM Temp:,22.1
 
 
 
SampleID,Time,TA(mM),Init. pH,TA(uM),TA(uM) Corrected,Salinity,Temperature,Density,TA(umolkg-1),Volume HgCl2(uL),Volume Sample(mL),HgCl2 CF,TA(umolkg-1),TA_avg (umolkg-1),TA_std (umolkg-1),
ESL08a_13,10:39:14,2.16,8.113,2160,   NaN,31.862,22.1,1.0218,NaN,50,250,1.0002,NaN,NaN,   NaN
ESL08a_13,10:54:14,2.1594,8.127,2159.4,   NaN,31.862,22.1,1.0218,NaN,50,250,1.0002,NaN,,
RSA_237,11:12:44,2.2022,8.093,2202.2,   NaN,31.599,22.1,1.0216,NaN,100,250,1.0004,NaN,NaN,   NaN
RSA_237,11:25:59,2.2034,8.107,2203.4,   NaN,31.599,22.1,1.0216,NaN,100,250,1.0004,NaN,,
RSA_238,11:43:29,2.1894,8.077,2189.4,   NaN,32.607,22.1,1.0224,NaN,100,250,1.0004,NaN,NaN,   NaN
RSA_238,11:56:28,2.1888,8.08,2188.8,   NaN,32.607,22.1,1.0224,NaN,100,250,1.0004,NaN,,
RSA_239,12:12:28,2.2578,7.78,2257.8,   NaN,31.582,22.1,1.0216,NaN,100,250,1.0004,NaN,flag,flag
RSA_239,12:27:43,2.2617,7.843,2261.7,   NaN,31.582,22.1,1.0216,NaN,100,250,1.0004,NaN,,
RSA_239,12:45:38,2.267,7.846,2267,   NaN,31.582,22.1,1.0216,NaN,100,250,1.0004,NaN,,
RSA_239,13:01:58,2.2597,7.82,2259.7,   NaN,31.582,22.1,1.0216,NaN,100,250,1.0004,NaN,,
RSA_239,13:16:18,2.2595,7.82,2259.5,   NaN,31.582,22.1,1.0216,NaN,100,250,1.0004,NaN,,
RSA_241,13:33:33,2.2751,7.799,2275.1,   NaN,32.928,22.1,1.0226,NaN,100,250,1.0004,NaN,NaN,   NaN
RSA_241,13:48:58,2.2751,7.804,2275.1,   NaN,32.928,22.1,1.0226,NaN,100,250,1.0004,NaN,,
RSA_242,14:05:28,2.2731,7.807,2273.1,   NaN,32.928,22.1,1.0226,NaN,100,250,1.0004,NaN,NaN,   NaN
RSA_242,14:20:38,2.2723,7.791,2272.3,   NaN,32.928,22.1,1.0226,NaN,100,250,1.0004,NaN,,
RSA_243,14:38:28,2.2182,8.085,2218.2,   NaN,32.021,22.1,1.0219,NaN,100,250,1.0004,NaN,flag,flag
RSA_243,14:50:48,2.2246,8.123,2224.6,   NaN,32.021,22.1,1.0219,NaN,100,250,1.0004,NaN,,
RSA_243,15:08:43,2.2237,8.113,2223.7,   NaN,32.021,22.1,1.0219,NaN,100,250,1.0004,NaN,,
RSA_244,15:25:28,2.2635,7.845,2263.5,   NaN,32.619,22.1,1.0224,NaN,100,250,1.0004,NaN,NaN,   NaN
RSA_244,15:39:03,2.2626,7.832,2262.6,   NaN,32.619,22.1,1.0224,NaN,100,250,1.0004,NaN,,
RSA_245,15:53:08,2.2542,7.807,2254.2,   NaN,32.619,22.1,1.0224,NaN,100,250,1.0004,NaN,flag,flag
RSA_245,16:06:23,2.2582,7.861,2258.2,   NaN,32.619,22.1,1.0224,NaN,100,250,1.0004,NaN,,
RSA_245,16:38:13,2.2583,7.837,2258.3,   NaN,32.619,22.1,1.0224,NaN,100,250,1.0004,NaN,,
RSA_246,16:55:58,2.2365,8.053,2236.5,   NaN,32.189,22.1,1.0221,NaN,100,250,1.0004,NaN,flag,flag
RSA_246,17:08:08,2.2312,8.034,2231.2,   NaN,32.189,22.1,1.0221,NaN,100,250,1.0004,NaN,,
RSA_246,17:22:23,2.238,8.077,2238,   NaN,32.189,22.1,1.0221,NaN,100,250,1.0004,NaN,,
RSA_246,17:37:38,2.2386,8.075,2238.6,   NaN,32.189,22.1,1.0221,NaN,100,250,1.0004,NaN,,
ESL08a_13,17:58:13,2.1619,8.122,2161.9,   NaN,31.862,22.1,1.0218,NaN,50,250,1.0002,NaN,NaN,   NaN
ESL08a_13,18:12:43,2.163,8.14,2163,   NaN,31.862,22.1,1.0218,NaN,50,250,1.0002,NaN,,
   ,,   ,,   ,,   ,,   ,,   ,,   ,,   ,,   ,,   ,,   ,,   ,,   ,,   ,,,
Calibration Date & Time	02-04-2022	11:37:26
T(C) = 	 22.1
	pH	EMF(mV)
	 4.01	 169.1
	 7	-5.7
	 10.01	-181.6
pH =	 6.902874	-1.710864e-002	 * EMF(mV)
	C(HCl)(mM)	 97.792
