TOTAL ALKALINITY
Run Date:,02-03-2022,   ,End of Cal:,442	10:5
Operator:,DT,   ,CRM TA:,2112.6,   ,CRM TA:,2.158674,   ,Slope:,-1.710378e-002
Acid Batch:,211103,   ,CRM Salinity:,31.862,   ,Input TA:,,   ,[HCl](mM):,97.83601
Volume:,18,   ,CRM Temp:,22.1
 
 
 
SampleID,Time,TA(mM),Init. pH,TA(uM),TA(uM) Corrected,Salinity,Temperature,Density,TA(umolkg-1),Volume HgCl2(uL),Volume Sample(mL),HgCl2 CF,TA(umolkg-1),TA_avg (umolkg-1),TA_std (umolkg-1),
ESL08a_12,10:37:58,2.159,8.129,2159,   NaN,31.862,22.1,1.0218,NaN,50,250,1.0002,NaN,NaN,   NaN
ESL08a_12,10:52:38,2.1608,8.128,2160.8,   NaN,31.862,22.1,1.0218,NaN,50,250,1.0002,NaN,,
RSA_229,11:14:53,2.256,7.766,2256,   NaN,32.559,22.1,1.0223,NaN,100,250,1.0004,NaN,NaN,   NaN
RSA_229,11:28:08,2.2573,7.805,2257.3,   NaN,32.559,22.1,1.0223,NaN,100,250,1.0004,NaN,,
RSA_230,11:45:08,2.2225,8.075,2222.5,   NaN,31.677,22.1,1.0217,NaN,100,250,1.0004,NaN,NaN,   NaN
RSA_230,12:00:23,2.2224,8.062,2222.4,   NaN,31.677,22.1,1.0217,NaN,100,250,1.0004,NaN,,
RSA_231,12:23:08,2.2453,7.746,2245.3,   NaN,32.440,22.1,1.0222,NaN,100,250,1.0004,NaN,flag,flag
RSA_231,12:37:43,2.2396,7.726,2239.6,   NaN,32.440,22.1,1.0222,NaN,100,250,1.0004,NaN,,
RSA_231,12:50:53,2.2392,7.719,2239.2,   NaN,32.440,22.1,1.0222,NaN,100,250,1.0004,NaN,,
RSA_232,13:05:58,2.2546,7.775,2254.6,   NaN,32.440,22.1,1.0222,NaN,100,250,1.0004,NaN,NaN,   NaN
RSA_232,13:19:58,2.2555,7.809,2255.5,   NaN,32.440,22.1,1.0222,NaN,100,250,1.0004,NaN,,
RSA_233,13:39:48,2.2017,8.072,2201.7,   NaN,31.638,22.1,1.0216,NaN,100,250,1.0004,NaN,NaN,   NaN
RSA_233,13:52:42,2.2009,8.083,2200.9,   NaN,31.638,22.1,1.0216,NaN,100,250,1.0004,NaN,,
RSA_236,14:09:42,2.273,7.764,2273,   NaN,33.006,22.1,1.0227,NaN,100,250,1.0004,NaN,flag,flag
RSA_236,14:22:32,2.28,7.819,2280,   NaN,33.006,22.1,1.0227,NaN,100,250,1.0004,NaN,,
RSA_236,14:37:57,2.2787,7.801,2278.7,   NaN,33.006,22.1,1.0227,NaN,100,250,1.0004,NaN,,
testESL,15:33:37,2.1726,8.083,2172.6,   NaN,31.862,22.1,1.0218,NaN,50,250,1.0002,NaN,flag,flag
testESL,15:53:57,2.1687,8.099,2168.7,   NaN,31.862,22.1,1.0218,NaN,50,250,1.0002,NaN,,
testESL,16:13:52,2.1708,8.099,2170.8,   NaN,31.862,22.1,1.0218,NaN,50,250,1.0002,NaN,,
T5C102,16:47:32,2.5939,8.186,2593.9,   NaN,40.7,22.1,1.0285,NaN,20,250,1.0001,NaN,NaN,   NaN
T5C102,17:02:52,2.5901,8.176,2590.1,   NaN,40.7,22.1,1.0285,NaN,20,250,1.0001,NaN,,
T5A102,17:23:37,2.5585,enter manually,2558.5,   NaN,40.7,22.1,1.0285,NaN,20,250,1.0001,NaN,NaN,   NaN
T5A102,17:42:32,2.5557,8.136,2555.7,   NaN,40.7,22.1,1.0285,NaN,20,250,1.0001,NaN,,
T5B102,17:59:37,2.5673,8.149,2567.3,   NaN,40.7,22.1,1.0285,NaN,20,250,1.0001,NaN,NaN,   NaN
T5B102,18:14:57,2.5641,8.128,2564.1,   NaN,40.7,22.1,1.0285,NaN,20,250,1.0001,NaN,,
testESL,18:49:47,2.1751,8.075,2175.1,   NaN,31.862,22.1,1.0218,NaN,50,250,1.0002,NaN,NaN,   NaN
testESL,19:17:22,2.162,8.061,2162,   NaN,31.862,22.1,1.0218,NaN,50,250,1.0002,NaN,,
ESL08a_12,19:42:02,2.1553,8.088,2155.3,   NaN,31.862,22.1,1.0218,NaN,50,250,1.0002,NaN,flag,flag
ESL08a_12,19:53:37,2.1607,8.134,2160.7,   NaN,31.862,22.1,1.0218,NaN,50,250,1.0002,NaN,,
ESL08a_12,20:10:22,2.162,8.124,2162,   NaN,31.862,22.1,1.0218,NaN,50,250,1.0002,NaN,,
   ,,   ,,   ,,   ,,   ,,   ,,   ,,   ,,   ,,   ,,   ,,   ,,   ,,   ,,,
Calibration Date & Time	02-03-2022	11:07:40
T(C) = 	 22.1
	pH	EMF(mV)
	 4.01	 169.1
	 7	-5.9
	 10.01	-181.7
pH =	 6.901194	-1.710378e-002	 * EMF(mV)
	C(HCl)(mM)	 97.83601
