TOTAL ALKALINITY
Run Date:,02-07-2022,   ,End of Cal:,11:07:59
Operator:,DT,   ,CRM TA:,2112.6,   ,CRM TA:,2.158674,   ,Slope:,-1.711353e-002
Acid Batch:,211103,   ,CRM Salinity:,31.862,   ,Input TA:,,   ,[HCl](mM):,97.834
Volume:,18,   ,CRM Temp:,22.1
 
 
 
SampleID,Time,TA(mM),Init. pH,TA(uM),TA(uM) Corrected,Salinity,Temperature,Density,TA(umolkg-1),Volume HgCl2(uL),Volume Sample(mL),HgCl2 CF,TA(umolkg-1),TA_avg (umolkg-1),TA_std (umolkg-1),
ESL08a_01,10:54:19,2.1571,8.119,2157.1,   NaN,31.862,22.1,1.0218,NaN,50,250,1.0002,NaN,NaN,   NaN
ESL08a_01,11:07:59,2.1585,8.13,2158.5,   NaN,31.862,22.1,1.0218,NaN,50,250,1.0002,NaN,,
RSA_247,11:25:59,2.2605,7.869,2260.5,   NaN,32.599,22.1,1.0224,NaN,100,250,1.0004,NaN,NaN,   NaN
RSA_247,11:40:14,2.2617,7.905,2261.7,   NaN,32.599,22.1,1.0224,NaN,100,250,1.0004,NaN,,
RSA_248,11:56:44,2.248,7.969,2248,   NaN,32.402,22.1,1.0222,NaN,100,250,1.0004,NaN,NaN,   NaN
RSA_248,12:10:09,2.2466,7.99,2246.6,   NaN,32.402,22.1,1.0222,NaN,100,250,1.0004,NaN,,
RSA_249,12:27:54,2.2643,7.94,2264.3,   NaN,32.730,22.1,1.0225,NaN,100,250,1.0004,NaN,NaN,   NaN
RSA_249,12:43:14,2.2629,7.91,2262.9,   NaN,32.730,22.1,1.0225,NaN,100,250,1.0004,NaN,,
RSA_250,13:48:39,2.2488,7.988,2248.8,   NaN,32.449,22.1,1.0223,NaN,100,250,1.0004,NaN,NaN,   NaN
RSA_250,14:05:04,2.2469,7.993,2246.9,   NaN,32.449,22.1,1.0223,NaN,100,250,1.0004,NaN,,
RSA_251,14:22:14,2.2634,7.861,2263.4,   NaN,32.782,22.1,1.0225,NaN,250,250,1.001,NaN,NaN,   NaN
RSA_251,14:36:24,2.2641,7.877,2264.1,   NaN,32.782,22.1,1.0225,NaN,250,250,1.001,NaN,,
RSA_252,14:52:04,2.2555,7.97,2255.5,   NaN,32.619,22.1,1.0224,NaN,250,250,1.001,NaN,NaN,   NaN
RSA_252,15:07:44,2.2552,7.975,2255.2,   NaN,32.619,22.1,1.0224,NaN,250,250,1.001,NaN,,
RSA_253,15:27:39,2.2351,8.125,2235.1,   NaN,32.290,22.1,1.0221,NaN,250,250,1.001,NaN,NaN,   NaN
RSA_253,15:40:59,2.2334,8.118,2233.4,   NaN,32.290,22.1,1.0221,NaN,250,250,1.001,NaN,,
RSA_254,15:54:54,2.2596,8.037,2259.6,   NaN,32.768,22.1,1.0225,NaN,250,250,1.001,NaN,flag,flag
RSA_254,16:10:09,2.2625,8.065,2262.5,   NaN,32.768,22.1,1.0225,NaN,250,250,1.001,NaN,,
RSA_254,16:24:39,2.2604,8.052,2260.4,   NaN,32.768,22.1,1.0225,NaN,250,250,1.001,NaN,,
RSA_256,16:40:38,2.2522,7.959,2252.2,   NaN,32.713,22.1,1.0225,NaN,250,250,1.001,NaN,NaN,   NaN
RSA_256,16:55:33,2.2503,7.94,2250.3,   NaN,32.713,22.1,1.0225,NaN,250,250,1.001,NaN,,
RSA_255,17:10:48,2.2448,7.948,2244.8,   NaN,32.687,22.1,1.0224,NaN,250,250,1.001,NaN,flag,flag
RSA_255,17:23:48,2.2492,7.985,2249.2,   NaN,32.687,22.1,1.0224,NaN,250,250,1.001,NaN,,
RSA_255,17:38:13,2.249,7.981,2249,   NaN,32.687,22.1,1.0224,NaN,250,250,1.001,NaN,,
RSA_257,17:54:18,2.2513,8.059,2251.3,   NaN,32.594,22.1,1.0224,NaN,250,250,1.001,NaN,NaN,   NaN
RSA_257,18:09:43,2.2492,8.057,2249.2,   NaN,32.594,22.1,1.0224,NaN,250,250,1.001,NaN,,
RSA_258,18:25:38,2.2484,8.022,2248.4,   NaN,32.650,22.1,1.0224,NaN,250,250,1.001,NaN,NaN,   NaN
RSA_258,18:39:18,2.2493,8.011,2249.3,   NaN,32.650,22.1,1.0224,NaN,250,250,1.001,NaN,,
ESL08a_01,18:55:33,2.1625,8.131,2162.5,   NaN,31.862,22.1,1.0218,NaN,50,250,1.0002,NaN,flag,flag
ESL08a_01,19:10:18,2.1585,8.117,2158.5,   NaN,31.862,22.1,1.0218,NaN,50,250,1.0002,NaN,,
ESL08a_01,19:23:33,2.1615,8.122,2161.5,   NaN,31.862,22.1,1.0218,NaN,50,250,1.0002,NaN,,
ESL08a_01,19:36:48,2.1634,8.137,2163.4,   NaN,31.862,22.1,1.0218,NaN,50,250,1.0002,NaN,,
   ,,   ,,   ,,   ,,   ,,   ,,   ,,   ,,   ,,   ,,   ,,   ,,   ,,   ,,,
Calibration Date & Time	02-07-2022	11:19:14
T(C) = 	 22.1
	pH	EMF(mV)
	 4.01	 168.3
	 7	-6.6
	 10.01	-182.3
pH =	 6.889154	-1.711353e-002	 * EMF(mV)
	C(HCl)(mM)	 97.834
