TOTAL ALKALINITY
Run Date:,02-18-2022,   ,End of Cal:,442	11:1
Operator:,DT,   ,CRM TA:,2118.1,   ,CRM TA:,2.164177,   ,Slope:,-1.713798e-002
Acid Batch:,211103,   ,CRM Salinity:,31.789,   ,Input TA:,,   ,[HCl](mM):,97.631
Volume:,18,   ,CRM Temp:,22.1
 
 
 
SampleID,Time,TA(mM),Init. pH,TA(uM),TA(uM) Corrected,Salinity,Temperature,Density,TA(umolkg-1),Volume HgCl2(uL),Volume Sample(mL),HgCl2 CF,TA(umolkg-1),TA_avg (umolkg-1),TA_std (umolkg-1),
ESL09a_06,11:00:22,2.1619,7.956,2161.9,   NaN,31.789,22.1,1.0218,NaN,50,250,1.0002,NaN,NaN,   NaN
ESL09a_06,11:16:32,2.1635,7.97,2163.5,   NaN,31.789,22.1,1.0218,NaN,50,250,1.0002,NaN,,
RSA_322,11:34:22,2.2762,7.903,2276.2,   NaN,32.941,22.1,1.0226,NaN,100,250,1.0004,NaN,NaN,   NaN
RSA_322,11:48:22,2.2741,7.899,2274.1,   NaN,32.941,22.1,1.0226,NaN,100,250,1.0004,NaN,,
RSA_323,12:06:47,2.2412,8.096,2241.2,   NaN,32.415,22.1,1.0222,NaN,100,250,1.0004,NaN,NaN,   NaN
RSA_323,12:20:57,2.2429,8.12,2242.9,   NaN,32.415,22.1,1.0222,NaN,100,250,1.0004,NaN,,
RSA_324,12:36:52,2.2727,7.886,2272.7,   NaN,32.912,22.1,1.0226,NaN,100,250,1.0004,NaN,NaN,   NaN
RSA_324,12:51:32,2.2735,7.894,2273.5,   NaN,32.912,22.1,1.0226,NaN,100,250,1.0004,NaN,,
RSA_325,13:08:26,2.2728,7.883,2272.8,   NaN,32.912,22.1,1.0226,NaN,100,250,1.0004,NaN,flag,flag
RSA_325,13:22:11,2.2684,7.879,2268.4,   NaN,32.912,22.1,1.0226,NaN,100,250,1.0004,NaN,,
RSA_325,13:34:46,2.2728,7.907,2272.8,   NaN,32.912,22.1,1.0226,NaN,100,250,1.0004,NaN,,
RSA_326,13:57:11,2.276,8.144,2276,   NaN,32.859,22.1,1.0226,NaN,100,250,1.0004,NaN,NaN,   NaN
RSA_326,14:10:31,2.2751,8.146,2275.1,   NaN,32.859,22.1,1.0226,NaN,100,250,1.0004,NaN,,
RSA_327,14:26:11,2.3527,7.938,2352.7,   NaN,34.407,22.1,1.0237,NaN,100,250,1.0004,NaN,flag,flag
RSA_327,14:38:46,2.3486,7.93,2348.6,   NaN,34.407,22.1,1.0237,NaN,100,250,1.0004,NaN,,
RSA_327,14:52:31,2.3472,7.928,2347.2,   NaN,34.407,22.1,1.0237,NaN,100,250,1.0004,NaN,,
RSA_328,15:08:36,2.3042,8.159,2304.2,   NaN,33.436,22.1,1.023,NaN,100,250,1.0004,NaN,flag,flag
RSA_328,15:29:11,2.3068,8.155,2306.8,   NaN,33.436,22.1,1.023,NaN,100,250,1.0004,NaN,,
RSA_328,15:42:11,2.3058,8.161,2305.8,   NaN,33.436,22.1,1.023,NaN,100,250,1.0004,NaN,,
RSA_329,15:56:01,2.3911,7.978,2391.1,   NaN,35.196,22.1,1.0243,NaN,100,250,1.0004,NaN,NaN,   NaN
RSA_329,16:10:56,2.3906,7.976,2390.6,   NaN,35.196,22.1,1.0243,NaN,100,250,1.0004,NaN,,
RSA_330,16:25:36,2.3339,8.194,2333.9,   NaN,34.001,22.1,1.0234,NaN,100,250,1.0004,NaN,NaN,   NaN
RSA_330,16:37:41,2.3343,8.176,2334.3,   NaN,34.001,22.1,1.0234,NaN,100,250,1.0004,NaN,,
RSA_331,16:52:36,2.2818,7.889,2281.8,   NaN,33.102,22.1,1.0228,NaN,100,250,1.0004,NaN,NaN,   NaN
RSA_331,17:06:31,2.2824,enter manually,2282.4,   NaN,33.102,22.1,1.0228,NaN,100,250,1.0004,NaN,,
RSA_332,17:22:41,2.2478,8.113,2247.8,   NaN,32.379,22.1,1.0222,NaN,100,250,1.0004,NaN,flag,flag
RSA_332,17:36:11,2.2435,8.11,2243.5,   NaN,32.379,22.1,1.0222,NaN,100,250,1.0004,NaN,,
RSA_332,17:49:36,2.2471,8.118,2247.1,   NaN,32.379,22.1,1.0222,NaN,100,250,1.0004,NaN,,
RSA_332,18:05:06,2.2455,8.11,2245.5,   NaN,32.379,22.1,1.0222,NaN,100,250,1.0004,NaN,,
RSA_333,18:20:31,2.2827,7.908,2282.7,   NaN,33.021,22.1,1.0227,NaN,100,250,1.0004,NaN,NaN,   NaN
RSA_333,18:34:46,2.2812,7.904,2281.2,   NaN,33.021,22.1,1.0227,NaN,100,250,1.0004,NaN,,
RSA_334,18:51:51,2.2393,8.104,2239.3,   NaN,32.310,22.1,1.0221,NaN,100,250,1.0004,NaN,NaN,   NaN
RSA_334,19:05:36,2.2395,8.108,2239.5,   NaN,32.310,22.1,1.0221,NaN,100,250,1.0004,NaN,,
ESL09a_06,19:21:41,2.1645,7.955,2164.5,   NaN,31.789,22.1,1.0218,NaN,50,250,1.0002,NaN,NaN,   NaN
ESL09a_06,19:34:31,2.1646,7.967,2164.6,   NaN,31.789,22.1,1.0218,NaN,50,250,1.0002,NaN,,
   ,,   ,,   ,,   ,,   ,,   ,,   ,,   ,,   ,,   ,,   ,,   ,,   ,,   ,,,
Calibration Date & Time	02-18-2022	11:28:24
T(C) = 	 22.1
	pH	EMF(mV)
	 4.01	 167.4
	 7	-7.4
	 10.01	-182.7
pH =	 6.876989	-1.713798e-002	 * EMF(mV)
	C(HCl)(mM)	 97.631
