TOTAL ALKALINITY
Run Date:,03-04-2022,   ,End of Cal:,442	11:1
Operator:,DT,   ,CRM TA:,2118.1,   ,CRM TA:,2.164177,   ,Slope:,-1.717715e-002
Acid Batch:,211103,   ,CRM Salinity:,31.789,   ,Input TA:,,   ,[HCl](mM):,97.48
Volume:,18,   ,CRM Temp:,22.1
 
 
 
SampleID,Time,TA(mM),Init. pH,TA(uM),TA(uM) Corrected,Salinity,Temperature,Density,TA(umolkg-1),Volume HgCl2(uL),Volume Sample(mL),HgCl2 CF,TA(umolkg-1),TA_avg (umolkg-1),TA_std (umolkg-1),
ESL09a_18,10:54:55,2.1689,8.014,2168.9,   NaN,31.789,22.1,1.0218,NaN,50,250,1.0002,NaN,NaN,   NaN
ESL09a_18,11:09:40,2.1672,7.99,2167.2,   NaN,31.789,22.1,1.0218,NaN,50,250,1.0002,NaN,,
RSA_447,11:25:35,2.2581,7.965,2258.1,   NaN,32.746,22.1,1.0225,NaN,100,250,1.0004,NaN,NaN,   NaN
RSA_447,11:40:40,2.2568,7.961,2256.8,   NaN,32.746,22.1,1.0225,NaN,100,250,1.0004,NaN,,
RSA_448,11:55:50,2.2507,1		22.,2250.7,   NaN,32.527,22.1,1.0223,NaN,100,250,1.0004,NaN,flag,flag
RSA_448,12:09:05,2.2561,8.115,2256.1,   NaN,32.527,22.1,1.0223,NaN,100,250,1.0004,NaN,,
RSA_448,12:23:05,2.2521,enter manually,2252.1,   NaN,32.527,22.1,1.0223,NaN,100,250,1.0004,NaN,,
RSA_448,12:38:55,2.2555,8.11,2255.5,   NaN,32.527,22.1,1.0223,NaN,100,250,1.0004,NaN,,
RSA_449,12:53:20,2.2805,7.988,2280.5,   NaN,33.189,22.1,1.0228,NaN,100,250,1.0004,NaN,NaN,   NaN
RSA_449,13:08:55,2.28,7.988,2280,   NaN,33.189,22.1,1.0228,NaN,100,250,1.0004,NaN,,
RSA_450,13:23:25,2.2552,8.124,2255.2,   NaN,32.519,22.1,1.0223,NaN,100,250,1.0004,NaN,NaN,   NaN
RSA_450,13:36:05,2.2571,8.125,2257.1,   NaN,32.519,22.1,1.0223,NaN,100,250,1.0004,NaN,,
RSA_451,13:51:30,2.3279,7.945,2327.9,   NaN,34.071,22.1,1.0235,NaN,100,250,1.0004,NaN,flag,flag
RSA_451,14:05:30,2.3241,7.93,2324.1,   NaN,34.071,22.1,1.0235,NaN,100,250,1.0004,NaN,,
RSA_451,14:18:15,2.3241,7.939,2324.1,   NaN,34.071,22.1,1.0235,NaN,100,250,1.0004,NaN,,
RSA_452,14:35:10,2.2621,8.131,2262.1,   NaN,32.768,22.1,1.0225,NaN,100,250,1.0004,NaN,NaN,   NaN
RSA_452,14:47:55,2.2613,8.129,2261.3,   NaN,32.768,22.1,1.0225,NaN,100,250,1.0004,NaN,,
RSA_453,15:02:15,2.2848,7.922,2284.8,   NaN,32.9,22.1,1.0226,NaN,100,250,1.0004,NaN,flag,flag
RSA_453,15:14:39,2.2807,7.902,2280.7,   NaN,32.9,22.1,1.0226,NaN,100,250,1.0004,NaN,,
RSA_453,15:27:49,2.2829,7.918,2282.9,   NaN,32.9,22.1,1.0226,NaN,100,250,1.0004,NaN,,
RSA_454,15:43:39,2.252,8.098,2252,   NaN,32.9,22.1,1.0226,NaN,100,250,1.0004,NaN,NaN,   NaN
RSA_454,15:56:54,2.2542,8.107,2254.2,   NaN,32.9,22.1,1.0226,NaN,100,250,1.0004,NaN,,
RSA_455,16:10:39,2.3107,7.928,2310.7,   NaN,33.432,22.1,1.023,NaN,100,250,1.0004,NaN,NaN,   NaN
RSA_455,16:23:54,2.3092,7.928,2309.2,   NaN,33.432,22.1,1.023,NaN,100,250,1.0004,NaN,,
RSA_456,16:39:54,2.286,8.14,2286,   NaN,33.052,22.1,1.0227,NaN,100,250,1.0004,NaN,NaN,   NaN
RSA_456,16:54:39,2.2849,8.135,2284.9,   NaN,33.052,22.1,1.0227,NaN,100,250,1.0004,NaN,,
RSA_457,17:10:09,2.2608,7.926,2260.8,   NaN,32.810,22.1,1.0225,NaN,100,250,1.0004,NaN,NaN,   NaN
RSA_457,17:23:19,2.2613,7.921,2261.3,   NaN,32.810,22.1,1.0225,NaN,100,250,1.0004,NaN,,
RSA_458,17:38:04,2.2648,8.126,2264.8,   NaN,32.719,22.1,1.0225,NaN,100,250,1.0004,NaN,NaN,   NaN
RSA_458,17:50:39,2.2646,8.131,2264.6,   NaN,32.719,22.1,1.0225,NaN,100,250,1.0004,NaN,,
RSA_459,18:06:54,2.2826,8.131,2282.6,   NaN,32.758,22.1,1.0225,NaN,100,250,1.0004,NaN,NaN,   NaN
RSA_459,18:19:59,2.2826,8.136,2282.6,   NaN,32.758,22.1,1.0225,NaN,100,250,1.0004,NaN,,
RSA_460,18:35:59,2.3108,8.108,2310.8,   NaN,32.594,22.1,1.0224,NaN,100,250,1.0004,NaN,NaN,   NaN
RSA_460,18:49:09,2.3093,8.099,2309.3,   NaN,32.594,22.1,1.0224,NaN,100,250,1.0004,NaN,,
ESL09a_18,19:04:24,2.1625,7.994,2162.5,   NaN,31.789,22.1,1.0218,NaN,50,250,1.0002,NaN,NaN,   NaN
ESL09a_18,19:18:14,2.1634,7.987,2163.4,   NaN,31.789,22.1,1.0218,NaN,50,250,1.0002,NaN,,
   ,,   ,,   ,,   ,,   ,,   ,,   ,,   ,,   ,,   ,,   ,,   ,,   ,,   ,,,
Calibration Date & Time	03-04-2022	11:19:53
T(C) = 	 22.1
	pH	EMF(mV)
	 4.01	 167.4
	 7	-7.6
	 10.01	-181.9
pH =	 6.880128	-1.717715e-002	 * EMF(mV)
	C(HCl)(mM)	 97.48
