TOTAL ALKALINITY
Run Date:,03-09-2022,   ,End of Cal:,442	11:0
Operator:,DT,   ,CRM TA:,2118.1,   ,CRM TA:,2.164177,   ,Slope:,-1.717231e-002
Acid Batch:,211103,   ,CRM Salinity:,31.789,   ,Input TA:,,   ,[HCl](mM):,97.567
Volume:,18,   ,CRM Temp:,22.1
 
 
 
SampleID,Time,TA(mM),Init. pH,TA(uM),TA(uM) Corrected,Salinity,Temperature,Density,TA(umolkg-1),Volume HgCl2(uL),Volume Sample(mL),HgCl2 CF,TA(umolkg-1),TA_avg (umolkg-1),TA_std (umolkg-1),
ESL09a_09,10:41:27,2.1649,7.968,2164.9,   NaN,31.789,22.1,1.0218,NaN,50,250,1.0002,NaN,NaN,   NaN
ESL09a_09,11:03:17,2.1635,7.975,2163.5,   NaN,31.789,22.1,1.0218,NaN,50,250,1.0002,NaN,,
RSA_486,11:20:12,2.2974,8.024,2297.4,   NaN,33.410,22.1,1.023,NaN,100,250,1.0004,NaN,NaN,   NaN
RSA_486,11:34:12,2.2973,8.018,2297.3,   NaN,33.410,22.1,1.023,NaN,100,250,1.0004,NaN,,
RSA_487,11:49:47,2.3308,8.172,2330.8,   NaN,33.716,22.1,1.0232,NaN,100,250,1.0004,NaN,NaN,   NaN
RSA_487,12:03:02,2.3299,8.176,2329.9,   NaN,33.716,22.1,1.0232,NaN,100,250,1.0004,NaN,,
RSA_488,12:19:57,2.2873,8.064,2287.3,   NaN,33.181,22.1,1.0228,NaN,100,250,1.0004,NaN,NaN,   NaN
RSA_488,12:34:22,2.2873,8.072,2287.3,   NaN,33.181,22.1,1.0228,NaN,100,250,1.0004,NaN,,
RSA_489,12:50:22,2.2859,8.073,2285.9,   NaN,33.181,22.1,1.0228,NaN,100,250,1.0004,NaN,NaN,   NaN
RSA_489,13:09:21,2.2865,8.065,2286.5,   NaN,33.181,22.1,1.0228,NaN,100,250,1.0004,NaN,,
RSA_490,13:31:46,2.3161,8.142,2316.1,   NaN,33.533,22.1,1.0231,NaN,100,250,1.0004,NaN,NaN,   NaN
RSA_490,14:00:11,2.3165,8.14,2316.5,   NaN,33.533,22.1,1.0231,NaN,100,250,1.0004,NaN,,
NES_231,14:14:36,2.3597,8.216,2359.7,   NaN,,22.1,NaN,NaN,100,250,1.0004,NaN,NaN,   NaN
NES_231,14:27:31,2.3574,8.221,2357.4,   NaN,,22.1,NaN,NaN,100,250,1.0004,NaN,,
NES_232,14:42:36,2.403,7.91,2403,   NaN,,22.1,NaN,NaN,100,250,1.0004,NaN,NaN,   NaN
NES_232,14:57:16,2.4026,7.905,2402.6,   NaN,,22.1,NaN,NaN,100,250,1.0004,NaN,,
NES_233,15:11:56,2.403,7.922,2403,   NaN,,22.1,NaN,NaN,100,250,1.0004,NaN,NaN,   NaN
NES_233,15:25:51,2.4052,7.917,2405.2,   NaN,,22.1,NaN,NaN,100,250,1.0004,NaN,,
NES_234,15:41:16,2.4353,8.129,2435.3,   NaN,,22.1,NaN,NaN,100,250,1.0004,NaN,NaN,   NaN
NES_234,15:55:21,2.437,8.138,2437,   NaN,,22.1,NaN,NaN,100,250,1.0004,NaN,,
NES_235,16:12:11,2.3663,8.227,2366.3,   NaN,,22.1,NaN,NaN,100,250,1.0004,NaN,NaN,   NaN
NES_235,16:24:46,2.365,8.23,2365,   NaN,,22.1,NaN,NaN,100,250,1.0004,NaN,,
ESL09a_09,16:39:26,2.166,7.975,2166,   NaN,31.789,22.1,1.0218,NaN,50,250,1.0002,NaN,NaN,   NaN
ESL09a_09,16:52:16,2.1648,7.983,2164.8,   NaN,31.789,22.1,1.0218,NaN,50,250,1.0002,NaN,,
   ,,   ,,   ,,   ,,   ,,   ,,   ,,   ,,   ,,   ,,   ,,   ,,   ,,   ,,,
Calibration Date & Time	03-09-2022	11:14:58
T(C) = 	 22.1
	pH	EMF(mV)
	 4.01	 167.3
	 7	-7.2
	 10.01	-182.1
pH =	 6.880736	-1.717231e-002	 * EMF(mV)
	C(HCl)(mM)	 97.567
