TOTAL ALKALINITY
Run Date:,03-08-2022,   ,End of Cal:,442	11:3
Operator:,DT,   ,CRM TA:,2118.1,   ,CRM TA:,2.164177,   ,Slope:,-1.714286e-002
Acid Batch:,211103,   ,CRM Salinity:,31.789,   ,Input TA:,,   ,[HCl](mM):,97.57
Volume:,18,   ,CRM Temp:,22.1
 
 
 
SampleID,Time,TA(mM),Init. pH,TA(uM),TA(uM) Corrected,Salinity,Temperature,Density,TA(umolkg-1),Volume HgCl2(uL),Volume Sample(mL),HgCl2 CF,TA(umolkg-1),TA_avg (umolkg-1),TA_std (umolkg-1),
ESL09a_13,11:20:18,2.1672,7.937,2167.2,   NaN,31.789,22.1,1.0218,NaN,50,250,1.0002,NaN,NaN,   NaN
ESL09a_13,11:34:53,2.1678,7.965,2167.8,   NaN,31.789,22.1,1.0218,NaN,50,250,1.0002,NaN,,
RSA_474,11:50:38,2.286,7.901,2286,   NaN,33.196,22.1,1.0228,NaN,100,250,1.0004,NaN,flag,flag
RSA_474,12:05:23,2.2821,7.891,2282.1,   NaN,33.196,22.1,1.0228,NaN,100,250,1.0004,NaN,,
RSA_474,12:19:13,2.2846,7.898,2284.6,   NaN,33.196,22.1,1.0228,NaN,100,250,1.0004,NaN,,
RSA_475,12:34:28,2.2909,8.146,2290.9,   NaN,33.011,22.1,1.0227,NaN,100,250,1.0004,NaN,flag,flag
RSA_475,12:48:08,2.2859,8.124,2285.9,   NaN,33.011,22.1,1.0227,NaN,100,250,1.0004,NaN,,
RSA_475,13:01:33,2.2886,8.14,2288.6,   NaN,33.011,22.1,1.0227,NaN,100,250,1.0004,NaN,,
RSA_475,13:15:43,2.2886,8.147,2288.6,   NaN,33.011,22.1,1.0227,NaN,100,250,1.0004,NaN,,
RSA_476,13:31:53,2.2945,8.137,2294.5,   NaN,33.011,22.1,1.0227,NaN,100,250,1.0004,NaN,NaN,   NaN
RSA_476,13:45:18,2.2945,8.136,2294.5,   NaN,33.011,22.1,1.0227,NaN,100,250,1.0004,NaN,,
RSA_477,14:01:03,2.2919,7.983,2291.9,   NaN,33.346,22.1,1.0229,NaN,100,250,1.0004,NaN,NaN,   NaN
RSA_477,14:14:38,2.2944,7.994,2294.4,   NaN,33.346,22.1,1.0229,NaN,100,250,1.0004,NaN,,
RSA_478,14:32:03,2.2922,8.144,2292.2,   NaN,33.131,22.1,1.0228,NaN,100,250,1.0004,NaN,NaN,   NaN
RSA_478,14:45:43,2.2922,8.14,2292.2,   NaN,33.131,22.1,1.0228,NaN,100,250,1.0004,NaN,,
RSA_479,15:00:53,2.2792,8.023,2279.2,   NaN,32.786,22.1,1.0225,NaN,100,250,1.0004,NaN,NaN,   NaN
RSA_479,15:14:28,2.2777,8.039,2277.7,   NaN,32.786,22.1,1.0225,NaN,100,250,1.0004,NaN,,
RSA_480,15:32:03,2.2741,8.023,2274.1,   NaN,32.786,22.1,1.0225,NaN,100,250,1.0004,NaN,NaN,   NaN
RSA_480,15:46:47,2.2761,enter manually,2276.1,   NaN,32.786,22.1,1.0225,NaN,100,250,1.0004,NaN,,
RSA_481,16:02:52,2.2824,8.073,2282.4,   NaN,33.070,22.1,1.0227,NaN,100,250,1.0004,NaN,NaN,   NaN
RSA_481,16:15:47,2.2843,8.098,2284.3,   NaN,33.070,22.1,1.0227,NaN,100,250,1.0004,NaN,,
RSA_482,16:31:17,2.2993,8.04,2299.3,   NaN,33.180,22.1,1.0228,NaN,100,250,1.0004,NaN,NaN,   NaN
RSA_482,16:45:37,2.2983,8.03,2298.3,   NaN,33.180,22.1,1.0228,NaN,100,250,1.0004,NaN,,
RSA_483,17:01:22,2.3244,8.154,2324.4,   NaN,33.556,22.1,1.0231,NaN,100,250,1.0004,NaN,NaN,   NaN
RSA_483,17:36:07,2.3269,enter manually,2326.9,   NaN,33.556,22.1,1.0231,NaN,100,250,1.0004,NaN,,
RSA_484,17:50:47,2.3079,7.941,2307.9,   NaN,33.280,22.1,1.0229,NaN,100,250,1.0004,NaN,NaN,   NaN
RSA_484,18:04:37,2.3064,7.942,2306.4,   NaN,33.280,22.1,1.0229,NaN,100,250,1.0004,NaN,,
RSA_485,18:22:47,2.2731,8.076,2273.1,   NaN,33.044,22.1,1.0227,NaN,100,250,1.0004,NaN,flag,flag
RSA_485,18:37:02,2.28,8.142,2280,   NaN,33.044,22.1,1.0227,NaN,100,250,1.0004,NaN,,
RSA_485,18:50:57,2.2838,8.16,2283.8,   NaN,33.044,22.1,1.0227,NaN,100,250,1.0004,NaN,,
RSA_485,19:05:12,2.2829,8.153,2282.9,   NaN,33.044,22.1,1.0227,NaN,100,250,1.0004,NaN,,
ESL09a_13,19:20:52,2.1663,7.974,2166.3,   NaN,31.789,22.1,1.0218,NaN,50,250,1.0002,NaN,NaN,   NaN
ESL09a_13,19:34:02,2.1662,7.993,2166.2,   NaN,31.789,22.1,1.0218,NaN,50,250,1.0002,NaN,,
   ,,   ,,   ,,   ,,   ,,   ,,   ,,   ,,   ,,   ,,   ,,   ,,   ,,   ,,,
Calibration Date & Time	03-08-2022	11:45:15
T(C) = 	 22.1
	pH	EMF(mV)
	 4.01	 167.8
	 7	-7.2
	 10.01	-182.2
pH =	 6.883238	-1.714286e-002	 * EMF(mV)
	C(HCl)(mM)	 97.57
