TOTAL ALKALINITY
Run Date:,03-03-2022,   ,End of Cal:,442	10:5
Operator:,DT,   ,CRM TA:,2118.1,   ,CRM TA:,2.164177,   ,Slope:,-1.717723e-002
Acid Batch:,211103,   ,CRM Salinity:,31.789,   ,Input TA:,,   ,[HCl](mM):,97.656
Volume:,18,   ,CRM Temp:,22.1
 
 
 
SampleID,Time,TA(mM),Init. pH,TA(uM),TA(uM) Corrected,Salinity,Temperature,Density,TA(umolkg-1),Volume HgCl2(uL),Volume Sample(mL),HgCl2 CF,TA(umolkg-1),TA_avg (umolkg-1),TA_std (umolkg-1),
ESL09a_12,10:23:16,2.1671,7.988,2167.1,   NaN,31.789,22.1,1.0218,NaN,50,250,1.0002,NaN,flag,flag
ESL09a_12,10:37:46,2.163,7.964,2163,   NaN,31.789,22.1,1.0218,NaN,50,250,1.0002,NaN,,
ESL09a_12,10:51:06,2.161,7.955,2161,   NaN,31.789,22.1,1.0218,NaN,50,250,1.0002,NaN,,
RSA_431,11:08:16,2.2788,8.142,2278.8,   NaN,33.058,22.1,1.0227,NaN,100,250,1.0004,NaN,flag,flag
RSA_431,11:21:26,2.2745,8.12,2274.5,   NaN,33.058,22.1,1.0227,NaN,100,250,1.0004,NaN,,
RSA_431,11:35:51,2.2738,8.124,2273.8,   NaN,33.058,22.1,1.0227,NaN,100,250,1.0004,NaN,,
RSA_432,11:50:46,2.3054,7.916,2305.4,   NaN,33.532,22.1,1.0231,NaN,100,250,1.0004,NaN,NaN,   NaN
RSA_432,12:04:46,2.3048,7.904,2304.8,   NaN,33.532,22.1,1.0231,NaN,100,250,1.0004,NaN,,
RSA_433,12:21:31,2.2611,8.106,2261.1,   NaN,32.695,22.1,1.0224,NaN,100,250,1.0004,NaN,NaN,   NaN
RSA_433,12:36:11,2.2595,8.106,2259.5,   NaN,32.695,22.1,1.0224,NaN,100,250,1.0004,NaN,,
RSA_434,12:52:11,2.2862,7.932,2286.2,   NaN,33.101,22.1,1.0227,NaN,100,250,1.0004,NaN,NaN,   NaN
RSA_434,13:05:56,2.2851,enter manually,2285.1,   NaN,33.101,22.1,1.0227,NaN,100,250,1.0004,NaN,,
RSA_435,13:22:56,2.2498,8.098,2249.8,   NaN,32.568,22.1,1.0223,NaN,100,250,1.0004,NaN,NaN,   NaN
RSA_435,13:37:11,2.2504,8.093,2250.4,   NaN,32.568,22.1,1.0223,NaN,100,250,1.0004,NaN,,
RSA_436,13:52:26,2.258,7.938,2258,   NaN,32.752,22.1,1.0225,NaN,100,250,1.0004,NaN,NaN,   NaN
RSA_436,14:05:16,2.2602,7.953,2260.2,   NaN,32.752,22.1,1.0225,NaN,100,250,1.0004,NaN,,
RSA_437,14:21:45,2.2424,8.069,2242.4,   NaN,32.531,22.1,1.0223,NaN,100,250,1.0004,NaN,flag,flag
RSA_437,14:36:30,2.8593,8.025,2859.3,   NaN,32.531,22.1,1.0223,NaN,100,250,1.0004,NaN,,
RSA_437,14:55:30,2.2393,8.056,2239.3,   NaN,32.531,22.1,1.0223,NaN,100,250,1.0004,NaN,,
RSA_437,15:10:20,2.243,8.065,2243,   NaN,32.531,22.1,1.0223,NaN,100,250,1.0004,NaN,,
RSA_437,15:25:00,2.24,8.051,2240,   NaN,32.531,22.1,1.0223,NaN,100,250,1.0004,NaN,,
RSA_438,15:41:00,2.253,enter manually,2253,   NaN,32.609,22.1,1.0224,NaN,100,250,1.0004,NaN,NaN,   NaN
RSA_438,15:55:25,2.2516,8.011,2251.6,   NaN,32.609,22.1,1.0224,NaN,100,250,1.0004,NaN,,
RSA_439,16:09:30,2.2622,8.021,2262.2,   NaN,32.609,22.1,1.0224,NaN,100,250,1.0004,NaN,NaN,   NaN
RSA_439,16:22:30,2.26,8.001,2260,   NaN,32.609,22.1,1.0224,NaN,100,250,1.0004,NaN,,
RSA_440,16:37:45,2.2459,enter manually,2245.9,   NaN,32.590,22.1,1.0224,NaN,100,250,1.0004,NaN,NaN,   NaN
RSA_440,16:51:20,2.2453,8.002,2245.3,   NaN,32.590,22.1,1.0224,NaN,100,250,1.0004,NaN,,
RSA_441,17:04:45,2.2517,7.988,2251.7,   NaN,32.657,22.1,1.0224,NaN,100,250,1.0004,NaN,NaN,   NaN
RSA_441,17:18:15,2.2508,7.973,2250.8,   NaN,32.657,22.1,1.0224,NaN,100,250,1.0004,NaN,,
RSA_442,17:32:40,2.2496,8.005,2249.6,   NaN,32.584,22.1,1.0224,NaN,100,250,1.0004,NaN,flag,flag
RSA_442,17:46:45,2.2444,7.971,2244.4,   NaN,32.584,22.1,1.0224,NaN,100,250,1.0004,NaN,,
RSA_442,17:59:50,2.2459,7.986,2245.9,   NaN,32.584,22.1,1.0224,NaN,100,250,1.0004,NaN,,
RSA_443,18:14:45,2.2555,8.008,2255.5,   NaN,32.635,22.1,1.0224,NaN,100,250,1.0004,NaN,NaN,   NaN
RSA_443,18:28:30,2.2542,8.004,2254.2,   NaN,32.635,22.1,1.0224,NaN,100,250,1.0004,NaN,,
RSA_444,18:45:50,2.2545,8.046,2254.5,   NaN,32.573,22.1,1.0223,NaN,100,250,1.0004,NaN,NaN,   NaN
RSA_444,18:59:35,2.254,8.032,2254,   NaN,32.573,22.1,1.0223,NaN,100,250,1.0004,NaN,,
RSA_445,19:14:55,2.3062,8.087,2306.2,   NaN,32.793,22.1,1.0225,NaN,100,250,1.0004,NaN,NaN,   NaN
RSA_445,19:28:45,2.3043,8.078,2304.3,   NaN,32.793,22.1,1.0225,NaN,100,250,1.0004,NaN,,
RSA_446,19:43:40,2.2477,8.08,2247.7,   NaN,32.549,22.1,1.0223,NaN,100,250,1.0004,NaN,NaN,   NaN
RSA_446,19:56:30,2.2487,8.093,2248.7,   NaN,32.549,22.1,1.0223,NaN,100,250,1.0004,NaN,,
ESL09a_12,20:13:00,2.1727,7.966,2172.7,   NaN,31.789,22.1,1.0218,NaN,50,250,1.0002,NaN,flag,flag
ESL09a_12,20:28:20,2.1674,7.975,2167.4,   NaN,31.789,22.1,1.0218,NaN,50,250,1.0002,NaN,,
ESL09a_12,20:43:00,2.1673,7.992,2167.3,   NaN,31.789,22.1,1.0218,NaN,50,250,1.0002,NaN,,
   ,,   ,,   ,,   ,,   ,,   ,,   ,,   ,,   ,,   ,,   ,,   ,,   ,,   ,,,
Calibration Date & Time	03-03-2022	11:03:01
T(C) = 	 22.1
	pH	EMF(mV)
	 4.01	 167.2
	 7	-7.1
	 10.01	-182.1
pH =	 6.880701	-1.717723e-002	 * EMF(mV)
	C(HCl)(mM)	 97.656
