
################################################################################
# Gelman-Rubin Diagnostic
################################################################################

Generally the Gelman diagnostic should be < 1.05


Out of 853 variables: 0 > 1.01

                      
0 > 1.05

                      
0 > 1.1


The worst variables are:

             Point est. Upper C.I.
p.fac1[35,4]   1.007143   1.009088
p.fac1[9,4]    1.004850   1.005839
p.fac1[66,4]   1.003812   1.005069
p.fac1[99,4]   1.003215   1.005399
p.fac1[40,2]   1.003025   1.004634
p.fac1[69,4]   1.002770   1.004282
p.fac1[50,3]   1.002484   1.004890
p.fac1[12,4]   1.002197   1.004302
p.fac1[18,4]   1.001932   1.003378
p.fac1[66,2]   1.001851   1.003269


And here are the Gelman diagnostics for all variables:

                Point est. Upper C.I.
deviance         1.0004402  1.0017893
ilr.fac1[1,1]          NaN        NaN
ilr.fac1[1,2]          NaN        NaN
ilr.fac1[1,3]          NaN        NaN
ilr.fac1[10,1]   0.9998644  0.9999145
ilr.fac1[10,2]   1.0001121  1.0006410
ilr.fac1[10,3]   1.0001031  1.0005160
ilr.fac1[100,1]  1.0000707  1.0006599
ilr.fac1[100,2]  1.0000784  1.0003410
ilr.fac1[100,3]  1.0002227  1.0010600
ilr.fac1[101,1]  1.0000376  1.0005545
ilr.fac1[101,2]  1.0001794  1.0008340
ilr.fac1[101,3]  1.0003217  1.0015533
ilr.fac1[102,1]  1.0009394  1.0034321
ilr.fac1[102,2]  0.9999247  1.0000853
ilr.fac1[102,3]  1.0002147  1.0012322
ilr.fac1[103,1]  0.9999638  1.0000128
ilr.fac1[103,2]  1.0007228  1.0024373
ilr.fac1[103,3]  1.0002213  1.0002396
ilr.fac1[104,1]  1.0002210  1.0005087
ilr.fac1[104,2]  1.0000665  1.0006803
ilr.fac1[104,3]  1.0000424  1.0000872
ilr.fac1[105,1]  1.0002134  1.0009304
ilr.fac1[105,2]  1.0001795  1.0006598
ilr.fac1[105,3]  1.0001927  1.0007869
ilr.fac1[106,1]  1.0005002  1.0020109
ilr.fac1[106,2]  1.0004365  1.0019473
ilr.fac1[106,3]  1.0005450  1.0006429
ilr.fac1[11,1]   1.0000925  1.0003334
ilr.fac1[11,2]   0.9999284  1.0000881
ilr.fac1[11,3]   1.0001242  1.0005217
ilr.fac1[12,1]   1.0006275  1.0008271
ilr.fac1[12,2]   1.0007363  1.0021261
ilr.fac1[12,3]   1.0005407  1.0016285
ilr.fac1[13,1]   1.0002391  1.0009363
ilr.fac1[13,2]   1.0000689  1.0003172
ilr.fac1[13,3]   1.0003570  1.0012031
ilr.fac1[14,1]   1.0005815  1.0016946
ilr.fac1[14,2]   1.0002525  1.0002812
ilr.fac1[14,3]   1.0003826  1.0016335
ilr.fac1[15,1]   0.9999432  1.0000644
ilr.fac1[15,2]   1.0005165  1.0009849
ilr.fac1[15,3]   1.0003003  1.0014579
ilr.fac1[16,1]   0.9999593  1.0002124
ilr.fac1[16,2]   1.0000622  1.0004752
ilr.fac1[16,3]   0.9999515  1.0001963
ilr.fac1[17,1]   1.0000024  1.0004110
ilr.fac1[17,2]   1.0002498  1.0010044
ilr.fac1[17,3]   0.9998640  0.9998791
ilr.fac1[18,1]   1.0001081  1.0002097
ilr.fac1[18,2]   1.0007869  1.0024962
ilr.fac1[18,3]   1.0004158  1.0018385
ilr.fac1[19,1]   1.0008079  1.0020134
ilr.fac1[19,2]   1.0003642  1.0015585
ilr.fac1[19,3]   1.0000249  1.0004262
ilr.fac1[2,1]    0.9999788  0.9999791
ilr.fac1[2,2]    1.0000777  1.0001943
ilr.fac1[2,3]    1.0001840  1.0010075
ilr.fac1[20,1]   1.0001345  1.0009094
ilr.fac1[20,2]   1.0004131  1.0011877
ilr.fac1[20,3]   1.0002092  1.0007471
ilr.fac1[21,1]   1.0004041  1.0017308
ilr.fac1[21,2]   0.9999652  1.0000267
ilr.fac1[21,3]   1.0000919  1.0007656
ilr.fac1[22,1]   0.9999414  1.0001810
ilr.fac1[22,2]   0.9998880  1.0000117
ilr.fac1[22,3]   1.0000183  1.0004903
ilr.fac1[23,1]   1.0002254  1.0012195
ilr.fac1[23,2]   0.9999483  1.0002406
ilr.fac1[23,3]   1.0000077  1.0001378
ilr.fac1[24,1]   1.0004888  1.0019998
ilr.fac1[24,2]   1.0000927  1.0006867
ilr.fac1[24,3]   0.9999883  1.0000383
ilr.fac1[25,1]   1.0005772  1.0015286
ilr.fac1[25,2]   1.0001270  1.0002986
ilr.fac1[25,3]   0.9999372  1.0001848
ilr.fac1[26,1]   0.9999215  1.0000080
ilr.fac1[26,2]   0.9999032  1.0000593
ilr.fac1[26,3]   1.0000582  1.0005358
ilr.fac1[27,1]   1.0001476  1.0007586
ilr.fac1[27,2]   0.9999998  1.0003844
ilr.fac1[27,3]   0.9999010  0.9999688
ilr.fac1[28,1]   1.0000463  1.0001579
ilr.fac1[28,2]   1.0002706  1.0013091
ilr.fac1[28,3]   1.0000661  1.0005418
ilr.fac1[29,1]   0.9999509  1.0001507
ilr.fac1[29,2]   0.9999695  1.0001217
ilr.fac1[29,3]   1.0001078  1.0007078
ilr.fac1[3,1]    0.9999693  1.0002879
ilr.fac1[3,2]    1.0006747  1.0029293
ilr.fac1[3,3]    1.0000682  1.0005786
ilr.fac1[30,1]   1.0000105  1.0003357
ilr.fac1[30,2]   0.9999848  1.0002928
ilr.fac1[30,3]   1.0000082  1.0002674
ilr.fac1[31,1]   1.0000012  1.0002360
ilr.fac1[31,2]   0.9999444  1.0000031
ilr.fac1[31,3]   1.0000802  1.0006086
ilr.fac1[32,1]   1.0005902  1.0006492
ilr.fac1[32,2]   0.9999863  1.0003204
ilr.fac1[32,3]   1.0000070  1.0000959
ilr.fac1[33,1]   1.0001941  1.0007862
ilr.fac1[33,2]   1.0004296  1.0013297
ilr.fac1[33,3]   1.0002063  1.0008663
ilr.fac1[34,1]   1.0005192  1.0012879
ilr.fac1[34,2]   0.9998954  1.0000234
ilr.fac1[34,3]   1.0002594  1.0006744
ilr.fac1[35,1]   1.0000347  1.0002737
ilr.fac1[35,2]   1.0004790  1.0018448
ilr.fac1[35,3]   1.0005288  1.0008332
ilr.fac1[36,1]   0.9999624  1.0002827
ilr.fac1[36,2]   1.0004226  1.0011606
ilr.fac1[36,3]   1.0000723  1.0003217
ilr.fac1[37,1]   1.0001678  1.0004684
ilr.fac1[37,2]   1.0000495  1.0003751
ilr.fac1[37,3]   1.0003698  1.0011772
ilr.fac1[38,1]   1.0005141  1.0016511
ilr.fac1[38,2]   1.0001735  1.0008871
ilr.fac1[38,3]   1.0002436  1.0009543
ilr.fac1[39,1]   1.0000734  1.0002865
ilr.fac1[39,2]   1.0000729  1.0007104
ilr.fac1[39,3]   1.0001786  1.0005933
ilr.fac1[4,1]    1.0000316  1.0005273
ilr.fac1[4,2]    1.0001633  1.0007289
ilr.fac1[4,3]    1.0001938  1.0005609
ilr.fac1[40,1]   1.0001753  1.0006336
ilr.fac1[40,2]   1.0002626  1.0012457
ilr.fac1[40,3]   1.0000519  1.0003689
ilr.fac1[41,1]   1.0001282  1.0008928
ilr.fac1[41,2]   0.9999992  1.0001810
ilr.fac1[41,3]   0.9999495  1.0001771
ilr.fac1[42,1]   1.0000891  1.0001926
ilr.fac1[42,2]   1.0002965  1.0012161
ilr.fac1[42,3]   1.0002341  1.0012579
ilr.fac1[43,1]   1.0001032  1.0006252
ilr.fac1[43,2]   1.0001366  1.0006154
ilr.fac1[43,3]   1.0002964  1.0007113
ilr.fac1[44,1]   1.0003218  1.0011071
ilr.fac1[44,2]   0.9999888  1.0001835
ilr.fac1[44,3]   1.0002994  1.0007759
ilr.fac1[45,1]   1.0003802  1.0016277
ilr.fac1[45,2]   1.0003853  1.0006856
ilr.fac1[45,3]   1.0002534  1.0008086
ilr.fac1[46,1]   1.0001769  1.0008355
ilr.fac1[46,2]   0.9999135  1.0000971
ilr.fac1[46,3]   1.0000110  1.0002366
ilr.fac1[47,1]   1.0000678  1.0004581
ilr.fac1[47,2]   1.0001052  1.0007407
ilr.fac1[47,3]   1.0001764  1.0006815
ilr.fac1[48,1]   1.0005351  1.0022300
ilr.fac1[48,2]   1.0005472  1.0018525
ilr.fac1[48,3]   1.0002559  1.0003139
ilr.fac1[49,1]   1.0000334  1.0003095
ilr.fac1[49,2]   1.0004128  1.0009339
ilr.fac1[49,3]   1.0000075  1.0001541
ilr.fac1[5,1]    1.0001084  1.0007219
ilr.fac1[5,2]    1.0001967  1.0007346
ilr.fac1[5,3]    0.9999495  1.0002306
ilr.fac1[50,1]   0.9998960  0.9999306
ilr.fac1[50,2]   1.0006883  1.0021033
ilr.fac1[50,3]   1.0002178  1.0011339
ilr.fac1[51,1]   1.0001797  1.0009537
ilr.fac1[51,2]   1.0005184  1.0019417
ilr.fac1[51,3]   1.0001520  1.0008040
ilr.fac1[52,1]   0.9999135  0.9999265
ilr.fac1[52,2]   1.0003322  1.0014281
ilr.fac1[52,3]   1.0000623  1.0004789
ilr.fac1[53,1]   1.0001431  1.0009116
ilr.fac1[53,2]   1.0003756  1.0014476
ilr.fac1[53,3]   1.0001259  1.0009116
ilr.fac1[54,1]   1.0000736  1.0002523
ilr.fac1[54,2]   1.0003621  1.0007984
ilr.fac1[54,3]   0.9999507  0.9999617
ilr.fac1[55,1]   1.0004266  1.0007906
ilr.fac1[55,2]   1.0003076  1.0014216
ilr.fac1[55,3]   0.9998883  1.0000221
ilr.fac1[56,1]   0.9999443  1.0001261
ilr.fac1[56,2]   1.0001481  1.0009342
ilr.fac1[56,3]   0.9999602  1.0002601
ilr.fac1[57,1]   1.0003160  1.0003670
ilr.fac1[57,2]   0.9999601  1.0000346
ilr.fac1[57,3]   1.0000779  1.0001169
ilr.fac1[58,1]   1.0002909  1.0013487
ilr.fac1[58,2]   1.0000335  1.0004514
ilr.fac1[58,3]   1.0002611  1.0013426
ilr.fac1[59,1]   1.0005225  1.0020725
ilr.fac1[59,2]   1.0004312  1.0018372
ilr.fac1[59,3]   1.0003839  1.0011327
ilr.fac1[6,1]    0.9999014  0.9999359
ilr.fac1[6,2]    1.0000562  1.0004359
ilr.fac1[6,3]    0.9999975  1.0000630
ilr.fac1[60,1]   1.0002136  1.0010791
ilr.fac1[60,2]   1.0000851  1.0002566
ilr.fac1[60,3]   1.0001960  1.0011197
ilr.fac1[61,1]   1.0001330  1.0003686
ilr.fac1[61,2]   1.0000574  1.0006257
ilr.fac1[61,3]   1.0000327  1.0005459
ilr.fac1[62,1]   0.9999821  1.0002616
ilr.fac1[62,2]   1.0000720  1.0001309
ilr.fac1[62,3]   1.0005048  1.0008669
ilr.fac1[63,1]   1.0002054  1.0006461
ilr.fac1[63,2]   1.0001082  1.0004660
ilr.fac1[63,3]   1.0003598  1.0007586
ilr.fac1[64,1]   1.0007053  1.0030074
ilr.fac1[64,2]   0.9999185  1.0000416
ilr.fac1[64,3]   0.9999252  1.0001673
ilr.fac1[65,1]   1.0001041  1.0003941
ilr.fac1[65,2]   0.9998516  0.9998869
ilr.fac1[65,3]   1.0000366  1.0003073
ilr.fac1[66,1]   0.9999681  1.0002231
ilr.fac1[66,2]   1.0011754  1.0032773
ilr.fac1[66,3]   1.0001128  1.0006196
ilr.fac1[67,1]   0.9999696  1.0001963
ilr.fac1[67,2]   1.0000465  1.0004780
ilr.fac1[67,3]   1.0001573  1.0001712
ilr.fac1[68,1]   0.9998595  0.9998719
ilr.fac1[68,2]   1.0001826  1.0007355
ilr.fac1[68,3]   0.9999886  1.0003550
ilr.fac1[69,1]   1.0001214  1.0008428
ilr.fac1[69,2]   0.9999146  1.0000841
ilr.fac1[69,3]   1.0001016  1.0004943
ilr.fac1[7,1]    1.0001292  1.0006938
ilr.fac1[7,2]    1.0005301  1.0020421
ilr.fac1[7,3]    1.0001027  1.0004698
ilr.fac1[70,1]   1.0001981  1.0002490
ilr.fac1[70,2]   1.0003316  1.0015262
ilr.fac1[70,3]   1.0000093  1.0003022
ilr.fac1[71,1]   1.0000741  1.0006550
ilr.fac1[71,2]   1.0003023  1.0010132
ilr.fac1[71,3]   1.0004435  1.0018572
ilr.fac1[72,1]   1.0001736  1.0003207
ilr.fac1[72,2]   1.0001981  1.0007626
ilr.fac1[72,3]   1.0006146  1.0021747
ilr.fac1[73,1]   1.0004246  1.0015009
ilr.fac1[73,2]   1.0000241  1.0004945
ilr.fac1[73,3]   0.9999381  1.0001860
ilr.fac1[74,1]   1.0002372  1.0010431
ilr.fac1[74,2]   0.9999435  1.0000205
ilr.fac1[74,3]   1.0002983  1.0010525
ilr.fac1[75,1]   1.0004247  1.0017474
ilr.fac1[75,2]   0.9998431  0.9998441
ilr.fac1[75,3]   1.0004753  1.0017337
ilr.fac1[76,1]   1.0002433  1.0009892
ilr.fac1[76,2]   0.9999908  1.0003548
ilr.fac1[76,3]   0.9999961  1.0001750
ilr.fac1[77,1]   1.0010700  1.0028988
ilr.fac1[77,2]   0.9999906  1.0000646
ilr.fac1[77,3]   1.0004017  1.0009148
ilr.fac1[78,1]   1.0001813  1.0009295
ilr.fac1[78,2]   1.0006627  1.0027352
ilr.fac1[78,3]   1.0008084  1.0032436
ilr.fac1[79,1]   1.0000972  1.0005298
ilr.fac1[79,2]   1.0001218  1.0004067
ilr.fac1[79,3]   1.0005760  1.0019732
ilr.fac1[8,1]    1.0001835  1.0006885
ilr.fac1[8,2]    1.0000100  1.0002898
ilr.fac1[8,3]    1.0000263  1.0002969
ilr.fac1[80,1]   1.0003390  1.0014225
ilr.fac1[80,2]   1.0000663  1.0003518
ilr.fac1[80,3]   1.0000371  1.0003716
ilr.fac1[81,1]   0.9999762  1.0000819
ilr.fac1[81,2]   1.0003203  1.0014667
ilr.fac1[81,3]   1.0009161  1.0037330
ilr.fac1[82,1]   1.0003967  1.0017324
ilr.fac1[82,2]   1.0000883  1.0005235
ilr.fac1[82,3]   1.0000391  1.0004077
ilr.fac1[83,1]   0.9999922  1.0004181
ilr.fac1[83,2]   1.0000035  1.0003908
ilr.fac1[83,3]   1.0002124  1.0006676
ilr.fac1[84,1]   1.0000430  1.0002054
ilr.fac1[84,2]   1.0001692  1.0009441
ilr.fac1[84,3]   0.9999031  1.0000084
ilr.fac1[85,1]   1.0003924  1.0007546
ilr.fac1[85,2]   0.9999206  1.0000542
ilr.fac1[85,3]   0.9999246  1.0001285
ilr.fac1[86,1]   1.0003977  1.0015453
ilr.fac1[86,2]   1.0002816  1.0004998
ilr.fac1[86,3]   1.0000436  1.0004785
ilr.fac1[87,1]   1.0001368  1.0008348
ilr.fac1[87,2]   1.0001740  1.0010749
ilr.fac1[87,3]   1.0000225  1.0005078
ilr.fac1[88,1]   1.0001142  1.0008317
ilr.fac1[88,2]   1.0001611  1.0007726
ilr.fac1[88,3]   0.9999883  1.0001391
ilr.fac1[89,1]   1.0002536  1.0012482
ilr.fac1[89,2]   0.9998738  0.9999008
ilr.fac1[89,3]   1.0000232  1.0004624
ilr.fac1[9,1]    1.0003582  1.0015908
ilr.fac1[9,2]    1.0003173  1.0010592
ilr.fac1[9,3]    1.0005162  1.0010433
ilr.fac1[90,1]   1.0002770  1.0014645
ilr.fac1[90,2]   0.9999673  1.0003130
ilr.fac1[90,3]   1.0001356  1.0006944
ilr.fac1[91,1]   1.0003918  1.0015913
ilr.fac1[91,2]   0.9999215  1.0000751
ilr.fac1[91,3]   1.0002102  1.0007134
ilr.fac1[92,1]   1.0000662  1.0005300
ilr.fac1[92,2]   1.0002972  1.0014747
ilr.fac1[92,3]   1.0000658  1.0004853
ilr.fac1[93,1]   1.0017181  1.0020672
ilr.fac1[93,2]   1.0010960  1.0040616
ilr.fac1[93,3]   1.0005842  1.0021025
ilr.fac1[94,1]   0.9999441  1.0001492
ilr.fac1[94,2]   1.0001855  1.0007324
ilr.fac1[94,3]   1.0002660  1.0004130
ilr.fac1[95,1]   1.0003689  1.0013200
ilr.fac1[95,2]   1.0005045  1.0021376
ilr.fac1[95,3]   1.0001885  1.0009782
ilr.fac1[96,1]   0.9998975  1.0000339
ilr.fac1[96,2]   1.0003350  1.0015051
ilr.fac1[96,3]   0.9999231  1.0000087
ilr.fac1[97,1]   1.0000704  1.0005632
ilr.fac1[97,2]   1.0007259  1.0030441
ilr.fac1[97,3]   1.0000392  1.0004673
ilr.fac1[98,1]   0.9999076  1.0000097
ilr.fac1[98,2]   1.0000100  1.0001330
ilr.fac1[98,3]   1.0005208  1.0019755
ilr.fac1[99,1]   1.0001996  1.0004406
ilr.fac1[99,2]   0.9999576  1.0001331
ilr.fac1[99,3]   1.0004288  1.0019794
loglik[1]        1.0007517  1.0019826
loglik[10]       1.0000653  1.0004598
loglik[100]      1.0000283  1.0005157
loglik[101]      1.0004350  1.0008248
loglik[102]      1.0002820  1.0013367
loglik[103]      1.0000305  1.0003722
loglik[104]      1.0002574  1.0010530
loglik[105]      0.9999633  1.0002768
loglik[106]      1.0012522  1.0022562
loglik[11]       1.0001783  1.0006554
loglik[12]       1.0004979  1.0021659
loglik[13]       1.0000906  1.0006651
loglik[14]       1.0002215  1.0004360
loglik[15]       1.0005314  1.0022864
loglik[16]       0.9999919  1.0002691
loglik[17]       0.9999889  1.0002827
loglik[18]       1.0008237  1.0023955
loglik[19]       1.0001057  1.0007985
loglik[2]        1.0000784  1.0002304
loglik[20]       1.0004186  1.0017809
loglik[21]       1.0000748  1.0001479
loglik[22]       1.0002241  1.0011432
loglik[23]       1.0002333  1.0011221
loglik[24]       0.9998988  0.9999470
loglik[25]       0.9998905  1.0000264
loglik[26]       0.9999006  0.9999132
loglik[27]       1.0001002  1.0004077
loglik[28]       0.9999102  1.0001125
loglik[29]       0.9999773  1.0002802
loglik[3]        1.0008704  1.0033856
loglik[30]       0.9999095  1.0000491
loglik[31]       1.0000329  1.0001334
loglik[32]       0.9999015  1.0000631
loglik[33]       1.0004286  1.0019410
loglik[34]       1.0008308  1.0023798
loglik[35]       0.9998994  0.9999139
loglik[36]       0.9998565  0.9998626
loglik[37]       1.0000298  1.0005185
loglik[38]       0.9999526  1.0000647
loglik[39]       0.9999302  1.0000175
loglik[4]        1.0006124  1.0019267
loglik[40]       0.9999406  0.9999624
loglik[41]       0.9999457  1.0001385
loglik[42]       1.0005533  1.0011788
loglik[43]       0.9999141  1.0000928
loglik[44]       1.0013056  1.0014978
loglik[45]       1.0002095  1.0008407
loglik[46]       0.9999309  1.0001794
loglik[47]       1.0001813  1.0004307
loglik[48]       0.9998989  1.0000431
loglik[49]       1.0000554  1.0001679
loglik[5]        1.0003165  1.0015466
loglik[50]       1.0000067  1.0003473
loglik[51]       1.0002199  1.0009915
loglik[52]       0.9999690  1.0002166
loglik[53]       1.0000336  1.0001316
loglik[54]       1.0003678  1.0005856
loglik[55]       1.0009928  1.0014737
loglik[56]       1.0001015  1.0003344
loglik[57]       0.9998847  0.9999276
loglik[58]       1.0016708  1.0028581
loglik[59]       1.0002180  1.0011293
loglik[6]        0.9998492  0.9998850
loglik[60]       1.0004111  1.0010334
loglik[61]       0.9999117  1.0000667
loglik[62]       1.0001328  1.0008776
loglik[63]       0.9999889  1.0000085
loglik[64]       1.0000551  1.0003764
loglik[65]       1.0000227  1.0003952
loglik[66]       1.0005590  1.0014131
loglik[67]       1.0002897  1.0003182
loglik[68]       0.9999193  0.9999795
loglik[69]       1.0003733  1.0016208
loglik[7]        0.9999834  1.0001848
loglik[70]       0.9999062  1.0000007
loglik[71]       1.0006437  1.0007171
loglik[72]       1.0006741  1.0021086
loglik[73]       0.9998809  0.9999085
loglik[74]       1.0003510  1.0013308
loglik[75]       1.0001644  1.0005194
loglik[76]       1.0000404  1.0005330
loglik[77]       1.0004601  1.0018441
loglik[78]       1.0014140  1.0050289
loglik[79]       1.0006146  1.0026294
loglik[8]        1.0002389  1.0011241
loglik[80]       1.0003342  1.0004944
loglik[81]       1.0005620  1.0023403
loglik[82]       0.9999571  1.0000983
loglik[83]       1.0000416  1.0003474
loglik[84]       1.0002883  1.0013934
loglik[85]       0.9998757  0.9999237
loglik[86]       1.0000142  1.0004739
loglik[87]       1.0006848  1.0012233
loglik[88]       1.0000254  1.0002448
loglik[89]       0.9999712  1.0001187
loglik[9]        1.0003363  1.0010252
loglik[90]       0.9999738  1.0002866
loglik[91]       0.9999108  1.0000868
loglik[92]       0.9998537  0.9999000
loglik[93]       1.0011726  1.0040795
loglik[94]       1.0002810  1.0009031
loglik[95]       0.9999920  1.0003769
loglik[96]       0.9998611  0.9998940
loglik[97]       0.9999699  1.0001893
loglik[98]       1.0001817  1.0010406
loglik[99]       1.0008396  1.0034084
p.fac1[1,1]      0.9999750  1.0003169
p.fac1[1,2]      1.0003073  1.0013198
p.fac1[1,3]      1.0000471  1.0003020
p.fac1[1,4]      1.0000787  1.0005143
p.fac1[10,1]     0.9998727  0.9999128
p.fac1[10,2]     1.0001589  1.0008851
p.fac1[10,3]     0.9999653  1.0002800
p.fac1[10,4]     1.0009505  1.0017015
p.fac1[100,1]    0.9999607  1.0001205
p.fac1[100,2]    1.0003728  1.0013189
p.fac1[100,3]    0.9999731  1.0003444
p.fac1[100,4]    1.0006864  1.0016780
p.fac1[101,1]    0.9999999  1.0004065
p.fac1[101,2]    0.9999650  1.0001053
p.fac1[101,3]    0.9999559  1.0001153
p.fac1[101,4]    1.0014647  1.0035028
p.fac1[102,1]    1.0009995  1.0029917
p.fac1[102,2]    1.0004414  1.0018764
p.fac1[102,3]    0.9999604  1.0000059
p.fac1[102,4]    1.0004193  1.0007311
p.fac1[103,1]    1.0001522  1.0003895
p.fac1[103,2]    1.0001278  1.0007396
p.fac1[103,3]    1.0016899  1.0040633
p.fac1[103,4]    1.0003506  1.0004063
p.fac1[104,1]    1.0000927  1.0002332
p.fac1[104,2]    1.0002661  1.0009311
p.fac1[104,3]    1.0004535  1.0015248
p.fac1[104,4]    0.9999887  1.0000922
p.fac1[105,1]    1.0002178  1.0006274
p.fac1[105,2]    1.0002556  1.0011946
p.fac1[105,3]    1.0003508  1.0011133
p.fac1[105,4]    1.0002941  1.0007733
p.fac1[106,1]    1.0005850  1.0023616
p.fac1[106,2]    0.9999173  1.0001225
p.fac1[106,3]    1.0007150  1.0023906
p.fac1[106,4]    1.0005862  1.0007380
p.fac1[11,1]     1.0000403  1.0005214
p.fac1[11,2]     1.0001326  1.0008166
p.fac1[11,3]     1.0004175  1.0007501
p.fac1[11,4]     1.0004809  1.0017543
p.fac1[12,1]     1.0001493  1.0009037
p.fac1[12,2]     1.0002817  1.0003754
p.fac1[12,3]     1.0000402  1.0005139
p.fac1[12,4]     1.0021973  1.0043020
p.fac1[13,1]     1.0000326  1.0003076
p.fac1[13,2]     1.0000939  1.0007418
p.fac1[13,3]     0.9999953  1.0003007
p.fac1[13,4]     1.0006295  1.0010067
p.fac1[14,1]     1.0000760  1.0006417
p.fac1[14,2]     1.0006295  1.0021375
p.fac1[14,3]     1.0000178  1.0000216
p.fac1[14,4]     1.0015704  1.0018331
p.fac1[15,1]     0.9999192  1.0001034
p.fac1[15,2]     1.0001168  1.0008494
p.fac1[15,3]     1.0001874  1.0004896
p.fac1[15,4]     1.0007795  1.0012671
p.fac1[16,1]     0.9999781  1.0000309
p.fac1[16,2]     1.0000024  1.0003392
p.fac1[16,3]     1.0001910  1.0011183
p.fac1[16,4]     1.0008054  1.0012846
p.fac1[17,1]     1.0000747  1.0006215
p.fac1[17,2]     1.0002126  1.0005345
p.fac1[17,3]     1.0002189  1.0008064
p.fac1[17,4]     0.9999628  1.0000133
p.fac1[18,1]     1.0001051  1.0004824
p.fac1[18,2]     1.0008397  1.0016216
p.fac1[18,3]     1.0005407  1.0019281
p.fac1[18,4]     1.0019323  1.0033784
p.fac1[19,1]     1.0015591  1.0047260
p.fac1[19,2]     0.9999704  1.0002938
p.fac1[19,3]     1.0005876  1.0022841
p.fac1[19,4]     0.9999243  1.0001074
p.fac1[2,1]      1.0002160  1.0002919
p.fac1[2,2]      1.0008972  1.0011899
p.fac1[2,3]      1.0003739  1.0004597
p.fac1[2,4]      0.9999755  1.0000156
p.fac1[20,1]     1.0001572  1.0008693
p.fac1[20,2]     1.0003730  1.0015923
p.fac1[20,3]     1.0011501  1.0026927
p.fac1[20,4]     1.0013683  1.0030908
p.fac1[21,1]     1.0000502  1.0004835
p.fac1[21,2]     1.0005525  1.0019090
p.fac1[21,3]     0.9998753  0.9999078
p.fac1[21,4]     1.0002024  1.0002494
p.fac1[22,1]     0.9998868  0.9999267
p.fac1[22,2]     0.9999019  0.9999717
p.fac1[22,3]     0.9999377  1.0001816
p.fac1[22,4]     1.0007440  1.0011161
p.fac1[23,1]     1.0003574  1.0015658
p.fac1[23,2]     1.0007600  1.0022065
p.fac1[23,3]     0.9999721  1.0003242
p.fac1[23,4]     0.9999744  1.0002920
p.fac1[24,1]     1.0006167  1.0026676
p.fac1[24,2]     1.0003040  1.0009531
p.fac1[24,3]     1.0000821  1.0006020
p.fac1[24,4]     1.0003217  1.0006456
p.fac1[25,1]     1.0000122  1.0003669
p.fac1[25,2]     1.0002037  1.0006024
p.fac1[25,3]     0.9999783  1.0003083
p.fac1[25,4]     0.9999620  1.0000054
p.fac1[26,1]     0.9999403  1.0001326
p.fac1[26,2]     0.9998787  0.9999134
p.fac1[26,3]     0.9998548  0.9998898
p.fac1[26,4]     1.0002230  1.0005886
p.fac1[27,1]     1.0001593  1.0007226
p.fac1[27,2]     1.0000170  1.0002386
p.fac1[27,3]     0.9998892  0.9999652
p.fac1[27,4]     1.0009668  1.0015763
p.fac1[28,1]     0.9999466  0.9999680
p.fac1[28,2]     0.9999626  1.0002277
p.fac1[28,3]     1.0002319  1.0010455
p.fac1[28,4]     1.0001884  1.0002536
p.fac1[29,1]     0.9999682  1.0002776
p.fac1[29,2]     1.0000295  1.0005000
p.fac1[29,3]     1.0004529  1.0011978
p.fac1[29,4]     1.0006517  1.0015355
p.fac1[3,1]      1.0009959  1.0034822
p.fac1[3,2]      0.9999488  1.0002211
p.fac1[3,3]      1.0005915  1.0026067
p.fac1[3,4]      1.0001975  1.0007892
p.fac1[30,1]     1.0000620  1.0002379
p.fac1[30,2]     0.9999204  1.0001365
p.fac1[30,3]     0.9999856  1.0003025
p.fac1[30,4]     0.9999049  1.0000020
p.fac1[31,1]     0.9999667  1.0001661
p.fac1[31,2]     1.0001056  1.0006000
p.fac1[31,3]     1.0001777  1.0002290
p.fac1[31,4]     1.0008657  1.0017152
p.fac1[32,1]     1.0000492  1.0001026
p.fac1[32,2]     1.0000230  1.0000933
p.fac1[32,3]     1.0001476  1.0005181
p.fac1[32,4]     1.0006074  1.0006613
p.fac1[33,1]     1.0002563  1.0011620
p.fac1[33,2]     1.0002247  1.0012292
p.fac1[33,3]     1.0000103  1.0003296
p.fac1[33,4]     1.0008681  1.0018219
p.fac1[34,1]     1.0002656  1.0006022
p.fac1[34,2]     1.0001459  1.0004808
p.fac1[34,3]     0.9999456  0.9999590
p.fac1[34,4]     1.0004603  1.0010887
p.fac1[35,1]     1.0005782  1.0024649
p.fac1[35,2]     0.9999447  0.9999888
p.fac1[35,3]     1.0002334  1.0012600
p.fac1[35,4]     1.0071430  1.0090876
p.fac1[36,1]     1.0000462  1.0006134
p.fac1[36,2]     1.0002071  1.0006077
p.fac1[36,3]     1.0000811  1.0005304
p.fac1[36,4]     1.0015238  1.0018979
p.fac1[37,1]     0.9999383  1.0001656
p.fac1[37,2]     1.0006956  1.0011583
p.fac1[37,3]     0.9999983  1.0003921
p.fac1[37,4]     1.0001440  1.0002757
p.fac1[38,1]     1.0005485  1.0017038
p.fac1[38,2]     1.0013563  1.0045150
p.fac1[38,3]     1.0001721  1.0010283
p.fac1[38,4]     1.0004236  1.0012982
p.fac1[39,1]     0.9999605  1.0002110
p.fac1[39,2]     1.0005842  1.0005877
p.fac1[39,3]     0.9999283  1.0001084
p.fac1[39,4]     1.0009432  1.0009803
p.fac1[4,1]      1.0000845  1.0006671
p.fac1[4,2]      1.0002375  1.0003106
p.fac1[4,3]      0.9999767  1.0003514
p.fac1[4,4]      1.0000707  1.0002661
p.fac1[40,1]     0.9999174  1.0000092
p.fac1[40,2]     1.0030249  1.0046345
p.fac1[40,3]     1.0005833  1.0015724
p.fac1[40,4]     1.0011556  1.0014350
p.fac1[41,1]     1.0001043  1.0004255
p.fac1[41,2]     1.0015570  1.0025136
p.fac1[41,3]     0.9998858  1.0000119
p.fac1[41,4]     0.9999079  1.0000204
p.fac1[42,1]     0.9999938  1.0001266
p.fac1[42,2]     1.0005342  1.0018290
p.fac1[42,3]     1.0003460  1.0014298
p.fac1[42,4]     1.0002234  1.0010025
p.fac1[43,1]     1.0000589  1.0005341
p.fac1[43,2]     0.9999285  1.0000433
p.fac1[43,3]     1.0000225  1.0003513
p.fac1[43,4]     1.0002118  1.0005425
p.fac1[44,1]     1.0006019  1.0021211
p.fac1[44,2]     0.9999756  1.0003571
p.fac1[44,3]     0.9998770  0.9999863
p.fac1[44,4]     1.0007056  1.0011913
p.fac1[45,1]     1.0002080  1.0007305
p.fac1[45,2]     1.0012486  1.0026197
p.fac1[45,3]     1.0001021  1.0001190
p.fac1[45,4]     1.0007746  1.0011256
p.fac1[46,1]     0.9999939  1.0000475
p.fac1[46,2]     0.9999783  1.0000925
p.fac1[46,3]     0.9999313  1.0000055
p.fac1[46,4]     1.0005784  1.0010973
p.fac1[47,1]     1.0000560  1.0006524
p.fac1[47,2]     1.0000787  1.0001362
p.fac1[47,3]     1.0002150  1.0011847
p.fac1[47,4]     1.0001476  1.0003523
p.fac1[48,1]     1.0004282  1.0018087
p.fac1[48,2]     1.0004512  1.0016813
p.fac1[48,3]     1.0001816  1.0009973
p.fac1[48,4]     1.0000232  1.0001828
p.fac1[49,1]     1.0002711  1.0009419
p.fac1[49,2]     1.0005073  1.0005723
p.fac1[49,3]     1.0002598  1.0007610
p.fac1[49,4]     1.0000085  1.0001543
p.fac1[5,1]      0.9998497  0.9998666
p.fac1[5,2]      1.0005297  1.0020268
p.fac1[5,3]      1.0000689  1.0006123
p.fac1[5,4]      1.0001170  1.0001263
p.fac1[50,1]     1.0002631  1.0009909
p.fac1[50,2]     0.9999315  1.0001425
p.fac1[50,3]     1.0024836  1.0048901
p.fac1[50,4]     1.0005538  1.0005884
p.fac1[51,1]     1.0000050  1.0004633
p.fac1[51,2]     1.0004822  1.0021925
p.fac1[51,3]     1.0004902  1.0017925
p.fac1[51,4]     1.0000409  1.0005370
p.fac1[52,1]     1.0000729  1.0003001
p.fac1[52,2]     1.0001414  1.0004301
p.fac1[52,3]     1.0004011  1.0010323
p.fac1[52,4]     1.0005755  1.0008949
p.fac1[53,1]     1.0002797  1.0010575
p.fac1[53,2]     0.9999040  0.9999493
p.fac1[53,3]     1.0001554  1.0008751
p.fac1[53,4]     0.9999396  1.0000888
p.fac1[54,1]     1.0001415  1.0002990
p.fac1[54,2]     0.9999153  1.0000232
p.fac1[54,3]     1.0000282  1.0001636
p.fac1[54,4]     1.0000290  1.0004614
p.fac1[55,1]     1.0001078  1.0004677
p.fac1[55,2]     1.0002399  1.0013032
p.fac1[55,3]     1.0002005  1.0011239
p.fac1[55,4]     1.0001200  1.0002198
p.fac1[56,1]     1.0001356  1.0002826
p.fac1[56,2]     1.0000238  1.0004683
p.fac1[56,3]     1.0000526  1.0005937
p.fac1[56,4]     1.0001882  1.0004658
p.fac1[57,1]     0.9999877  1.0001135
p.fac1[57,2]     1.0016595  1.0022339
p.fac1[57,3]     1.0001369  1.0002114
p.fac1[57,4]     1.0010315  1.0014369
p.fac1[58,1]     0.9999445  0.9999491
p.fac1[58,2]     1.0000558  1.0005718
p.fac1[58,3]     0.9998566  0.9998924
p.fac1[58,4]     1.0001135  1.0008282
p.fac1[59,1]     1.0008782  1.0030139
p.fac1[59,2]     1.0006000  1.0022320
p.fac1[59,3]     1.0004749  1.0018582
p.fac1[59,4]     1.0002620  1.0007395
p.fac1[6,1]      1.0000750  1.0002777
p.fac1[6,2]      1.0000714  1.0001397
p.fac1[6,3]      1.0000647  1.0002509
p.fac1[6,4]      1.0015318  1.0016419
p.fac1[60,1]     1.0002069  1.0010768
p.fac1[60,2]     1.0000492  1.0002742
p.fac1[60,3]     1.0001179  1.0006638
p.fac1[60,4]     1.0005931  1.0016358
p.fac1[61,1]     1.0001844  1.0005633
p.fac1[61,2]     1.0002474  1.0003219
p.fac1[61,3]     1.0004885  1.0013086
p.fac1[61,4]     1.0002263  1.0003342
p.fac1[62,1]     0.9999147  1.0000581
p.fac1[62,2]     0.9999040  1.0000823
p.fac1[62,3]     0.9999616  1.0001003
p.fac1[62,4]     1.0013243  1.0021757
p.fac1[63,1]     1.0000746  1.0005836
p.fac1[63,2]     1.0003846  1.0008779
p.fac1[63,3]     0.9999580  1.0002102
p.fac1[63,4]     1.0014964  1.0018341
p.fac1[64,1]     1.0004812  1.0016872
p.fac1[64,2]     1.0004847  1.0020218
p.fac1[64,3]     0.9998651  0.9999069
p.fac1[64,4]     1.0000164  1.0002416
p.fac1[65,1]     1.0000533  1.0004286
p.fac1[65,2]     1.0009341  1.0013251
p.fac1[65,3]     0.9999861  1.0003218
p.fac1[65,4]     1.0011814  1.0016708
p.fac1[66,1]     1.0002953  1.0010732
p.fac1[66,2]     1.0018511  1.0032685
p.fac1[66,3]     1.0007906  1.0024117
p.fac1[66,4]     1.0038122  1.0050690
p.fac1[67,1]     0.9999547  1.0001744
p.fac1[67,2]     1.0000464  1.0001910
p.fac1[67,3]     0.9999452  1.0001097
p.fac1[67,4]     1.0006560  1.0009217
p.fac1[68,1]     0.9999308  1.0001837
p.fac1[68,2]     1.0000101  1.0001197
p.fac1[68,3]     1.0002948  1.0010440
p.fac1[68,4]     1.0003016  1.0004953
p.fac1[69,1]     1.0001570  1.0008532
p.fac1[69,2]     0.9998873  0.9999819
p.fac1[69,3]     0.9999322  1.0000434
p.fac1[69,4]     1.0027703  1.0042818
p.fac1[7,1]      1.0004346  1.0017801
p.fac1[7,2]      1.0000481  1.0001664
p.fac1[7,3]      1.0003843  1.0015979
p.fac1[7,4]      1.0002023  1.0003496
p.fac1[70,1]     1.0000775  1.0004693
p.fac1[70,2]     0.9999345  1.0001298
p.fac1[70,3]     1.0004992  1.0014906
p.fac1[70,4]     0.9999601  1.0001092
p.fac1[71,1]     0.9999441  0.9999930
p.fac1[71,2]     1.0000985  1.0007540
p.fac1[71,3]     0.9999337  0.9999710
p.fac1[71,4]     1.0007470  1.0020709
p.fac1[72,1]     1.0001834  1.0010840
p.fac1[72,2]     1.0000350  1.0000628
p.fac1[72,3]     0.9999572  1.0000082
p.fac1[72,4]     1.0007839  1.0015436
p.fac1[73,1]     1.0002773  1.0014321
p.fac1[73,2]     0.9999937  1.0000855
p.fac1[73,3]     1.0001313  1.0008997
p.fac1[73,4]     1.0002548  1.0006046
p.fac1[74,1]     1.0003135  1.0013957
p.fac1[74,2]     1.0002993  1.0012532
p.fac1[74,3]     0.9998747  0.9999369
p.fac1[74,4]     1.0006965  1.0019044
p.fac1[75,1]     0.9999611  1.0002613
p.fac1[75,2]     1.0000600  1.0003691
p.fac1[75,3]     0.9999064  1.0000331
p.fac1[75,4]     1.0017520  1.0026664
p.fac1[76,1]     1.0001132  1.0007106
p.fac1[76,2]     1.0000130  1.0004135
p.fac1[76,3]     1.0000142  1.0002403
p.fac1[76,4]     1.0001501  1.0006043
p.fac1[77,1]     1.0012092  1.0036537
p.fac1[77,2]     1.0008439  1.0033448
p.fac1[77,3]     1.0000522  1.0004970
p.fac1[77,4]     1.0011680  1.0023874
p.fac1[78,1]     1.0003080  1.0014313
p.fac1[78,2]     0.9999529  0.9999623
p.fac1[78,3]     1.0004772  1.0021841
p.fac1[78,4]     1.0004807  1.0016129
p.fac1[79,1]     1.0002243  1.0006388
p.fac1[79,2]     1.0002600  1.0013924
p.fac1[79,3]     1.0003408  1.0011744
p.fac1[79,4]     1.0000165  1.0004343
p.fac1[8,1]      0.9999677  1.0001832
p.fac1[8,2]      1.0004130  1.0006190
p.fac1[8,3]      0.9999687  1.0003295
p.fac1[8,4]      1.0013231  1.0019011
p.fac1[80,1]     1.0004429  1.0016975
p.fac1[80,2]     1.0000125  1.0001519
p.fac1[80,3]     1.0001105  1.0002766
p.fac1[80,4]     1.0002776  1.0008656
p.fac1[81,1]     1.0003242  1.0011929
p.fac1[81,2]     1.0002390  1.0009906
p.fac1[81,3]     1.0005706  1.0023076
p.fac1[81,4]     1.0010090  1.0040776
p.fac1[82,1]     1.0007786  1.0026193
p.fac1[82,2]     1.0001516  1.0008686
p.fac1[82,3]     1.0000087  1.0003785
p.fac1[82,4]     1.0005177  1.0010951
p.fac1[83,1]     0.9999132  1.0000012
p.fac1[83,2]     0.9998793  0.9999953
p.fac1[83,3]     1.0000533  1.0005136
p.fac1[83,4]     1.0002150  1.0004061
p.fac1[84,1]     0.9999298  1.0000366
p.fac1[84,2]     0.9999837  1.0003000
p.fac1[84,3]     1.0003282  1.0014403
p.fac1[84,4]     1.0000493  1.0003406
p.fac1[85,1]     0.9999848  1.0002775
p.fac1[85,2]     0.9999867  1.0002831
p.fac1[85,3]     0.9998856  0.9999729
p.fac1[85,4]     1.0003368  1.0005689
p.fac1[86,1]     1.0004847  1.0020252
p.fac1[86,2]     1.0002699  1.0013145
p.fac1[86,3]     0.9999282  1.0000006
p.fac1[86,4]     1.0000005  1.0001370
p.fac1[87,1]     1.0001318  1.0007872
p.fac1[87,2]     1.0000928  1.0006515
p.fac1[87,3]     1.0005483  1.0017230
p.fac1[87,4]     1.0001319  1.0008719
p.fac1[88,1]     1.0002690  1.0011685
p.fac1[88,2]     1.0004962  1.0020146
p.fac1[88,3]     1.0000117  1.0003215
p.fac1[88,4]     1.0007023  1.0015887
p.fac1[89,1]     1.0002092  1.0012034
p.fac1[89,2]     1.0002435  1.0012616
p.fac1[89,3]     0.9999185  0.9999248
p.fac1[89,4]     1.0006656  1.0015593
p.fac1[9,1]      1.0004019  1.0015271
p.fac1[9,2]      1.0009935  1.0010103
p.fac1[9,3]      1.0002423  1.0011935
p.fac1[9,4]      1.0048502  1.0058386
p.fac1[90,1]     0.9998802  0.9999771
p.fac1[90,2]     1.0002413  1.0009620
p.fac1[90,3]     1.0000477  1.0004370
p.fac1[90,4]     1.0005009  1.0010212
p.fac1[91,1]     1.0005340  1.0018940
p.fac1[91,2]     1.0001947  1.0009975
p.fac1[91,3]     0.9999433  1.0002066
p.fac1[91,4]     1.0012130  1.0022913
p.fac1[92,1]     0.9999711  1.0001784
p.fac1[92,2]     1.0001137  1.0007730
p.fac1[92,3]     1.0003495  1.0016956
p.fac1[92,4]     0.9999892  1.0003071
p.fac1[93,1]     1.0003254  1.0005996
p.fac1[93,2]     1.0007253  1.0028410
p.fac1[93,3]     1.0007982  1.0028707
p.fac1[93,4]     1.0005892  1.0023237
p.fac1[94,1]     0.9999717  1.0001701
p.fac1[94,2]     0.9998739  0.9999470
p.fac1[94,3]     0.9999579  1.0002875
p.fac1[94,4]     1.0010617  1.0022770
p.fac1[95,1]     1.0015312  1.0047420
p.fac1[95,2]     1.0001286  1.0008367
p.fac1[95,3]     1.0004817  1.0018450
p.fac1[95,4]     1.0007086  1.0008959
p.fac1[96,1]     0.9999990  1.0001983
p.fac1[96,2]     1.0001010  1.0007828
p.fac1[96,3]     1.0003438  1.0017057
p.fac1[96,4]     1.0006084  1.0008792
p.fac1[97,1]     0.9999296  1.0001354
p.fac1[97,2]     1.0002166  1.0010840
p.fac1[97,3]     1.0006817  1.0023976
p.fac1[97,4]     1.0005366  1.0014318
p.fac1[98,1]     0.9998499  0.9998505
p.fac1[98,2]     0.9999300  0.9999836
p.fac1[98,3]     0.9999431  0.9999711
p.fac1[98,4]     1.0007375  1.0011897
p.fac1[99,1]     1.0002231  1.0003960
p.fac1[99,2]     1.0003893  1.0016018
p.fac1[99,3]     0.9998766  0.9999818
p.fac1[99,4]     1.0032155  1.0053992
p.global[1]      0.9999750  1.0003169
p.global[2]      1.0003073  1.0013198
p.global[3]      1.0000471  1.0003020
p.global[4]      1.0000787  1.0005143

################################################################################
# Geweke Diagnostic
################################################################################

The Geweke diagnostic is a standard z-score, so we'd expect 5% to be outside +/-1.96
Number of variables outside +/-1.96 in each chain (out of 
853
):


       Chain 1 Chain 2 Chain 3
Geweke      32      66      52


And here are the Geweke diagnostics for all variables:

                chain1 chain2 chain3
deviance        -0.283  0.794  0.528
ilr.fac1[10,1]   0.142  0.706 -0.539
ilr.fac1[10,2]   1.728  0.706  0.917
ilr.fac1[10,3]   1.224 -1.638  0.459
ilr.fac1[100,1]  1.038 -0.354 -0.318
ilr.fac1[100,2]  1.027 -0.513 -0.604
ilr.fac1[100,3]  0.159  1.906  1.034
ilr.fac1[101,1]  0.398 -0.119  0.830
ilr.fac1[101,2]  0.685  0.287  0.250
ilr.fac1[101,3] -0.298  0.486 -0.711
ilr.fac1[102,1] -1.215 -0.500  2.282
ilr.fac1[102,2] -0.846 -0.614  2.069
ilr.fac1[102,3] -0.603  0.065 -0.277
ilr.fac1[103,1] -0.964 -0.408  1.455
ilr.fac1[103,2]  1.160  0.055 -0.512
ilr.fac1[103,3]  1.673  0.420 -1.537
ilr.fac1[104,1] -0.836 -0.146 -1.427
ilr.fac1[104,2]  0.569 -0.698  0.385
ilr.fac1[104,3] -0.056 -1.971  1.082
ilr.fac1[105,1] -0.111 -1.286 -0.674
ilr.fac1[105,2]  1.413  1.312 -1.593
ilr.fac1[105,3]  0.545 -0.004 -0.283
ilr.fac1[106,1]  0.314  1.053  0.740
ilr.fac1[106,2]  0.162  0.312  1.268
ilr.fac1[106,3] -0.592 -0.690 -0.079
ilr.fac1[11,1]   0.062  0.162  0.576
ilr.fac1[11,2]  -0.288 -0.680 -1.067
ilr.fac1[11,3]   1.350 -0.958 -0.755
ilr.fac1[12,1]   0.333 -0.558  1.130
ilr.fac1[12,2]   1.074 -2.090  2.549
ilr.fac1[12,3]  -0.918 -0.133 -0.338
ilr.fac1[13,1]   0.223  1.502 -2.006
ilr.fac1[13,2]   0.325  0.491 -0.858
ilr.fac1[13,3]  -0.197 -0.004  1.022
ilr.fac1[14,1]   0.607  0.324 -1.020
ilr.fac1[14,2]   0.722  0.322 -2.120
ilr.fac1[14,3]   0.379  0.993  0.833
ilr.fac1[15,1]  -0.242  0.592  1.148
ilr.fac1[15,2]   0.209 -0.146 -0.405
ilr.fac1[15,3]  -0.134 -0.904 -0.518
ilr.fac1[16,1]   0.018 -0.330 -0.278
ilr.fac1[16,2]  -0.051  1.774 -0.253
ilr.fac1[16,3]  -1.017  1.005 -0.912
ilr.fac1[17,1]   0.078  1.692 -0.695
ilr.fac1[17,2]  -0.459 -0.855  0.846
ilr.fac1[17,3]   0.802  0.877 -0.568
ilr.fac1[18,1]  -1.123  0.785  0.694
ilr.fac1[18,2]  -0.492  1.779  0.602
ilr.fac1[18,3]   1.393  0.211 -0.578
ilr.fac1[19,1]  -0.277  0.791  0.605
ilr.fac1[19,2]  -0.943 -0.245  0.451
ilr.fac1[19,3]   0.641 -0.849 -0.533
ilr.fac1[2,1]    0.673 -0.335  0.532
ilr.fac1[2,2]    0.228 -0.792 -0.569
ilr.fac1[2,3]    1.335 -1.085  0.138
ilr.fac1[20,1]   0.322  0.212  1.267
ilr.fac1[20,2]   0.123 -0.600 -1.366
ilr.fac1[20,3]  -0.035 -0.982 -0.780
ilr.fac1[21,1]   0.150 -1.166 -0.891
ilr.fac1[21,2]  -2.011  0.912 -0.278
ilr.fac1[21,3]   2.964 -0.364  0.635
ilr.fac1[22,1]   0.047  0.786  1.060
ilr.fac1[22,2]   0.385 -0.224 -0.093
ilr.fac1[22,3]   0.160  0.134 -0.351
ilr.fac1[23,1]   2.004 -0.224  0.077
ilr.fac1[23,2]   1.040  0.164  0.621
ilr.fac1[23,3]   0.815 -1.031 -1.083
ilr.fac1[24,1]  -0.196 -0.246  0.507
ilr.fac1[24,2]   0.640 -1.372 -0.773
ilr.fac1[24,3]  -0.507  1.028 -0.174
ilr.fac1[25,1]  -0.106  0.474 -0.439
ilr.fac1[25,2]  -1.157 -1.820  0.450
ilr.fac1[25,3]   0.710 -0.500  1.042
ilr.fac1[26,1]   1.626  0.490 -0.153
ilr.fac1[26,2]  -1.362  0.261 -0.664
ilr.fac1[26,3]  -0.641  0.046  0.904
ilr.fac1[27,1]   0.161 -0.115  0.767
ilr.fac1[27,2]  -0.387 -1.076 -1.309
ilr.fac1[27,3]   0.267  2.061 -0.710
ilr.fac1[28,1]  -0.876 -1.588  0.532
ilr.fac1[28,2]  -0.569  1.115  0.942
ilr.fac1[28,3]  -0.711  1.697 -0.023
ilr.fac1[29,1]  -1.270 -1.701 -1.386
ilr.fac1[29,2]   0.460 -0.455 -1.232
ilr.fac1[29,3]   1.062  0.834  2.194
ilr.fac1[3,1]   -0.035 -1.031  0.292
ilr.fac1[3,2]    0.741 -1.710  0.204
ilr.fac1[3,3]   -0.586  1.366 -0.557
ilr.fac1[30,1]   2.001 -0.347  0.953
ilr.fac1[30,2]  -0.097  1.289  0.909
ilr.fac1[30,3]  -0.827  0.745  0.030
ilr.fac1[31,1]   0.427  0.353 -0.158
ilr.fac1[31,2]   0.882  1.048  1.719
ilr.fac1[31,3]  -1.099  0.547 -0.029
ilr.fac1[32,1]  -1.002  0.273  0.376
ilr.fac1[32,2]   0.462 -0.008  0.883
ilr.fac1[32,3]  -0.534 -0.093  0.891
ilr.fac1[33,1]   0.563  0.233  3.100
ilr.fac1[33,2]   0.524  0.341  0.400
ilr.fac1[33,3]   0.528  0.202 -0.946
ilr.fac1[34,1]  -1.483  0.053  0.991
ilr.fac1[34,2]  -0.783  1.240  1.006
ilr.fac1[34,3]   1.550 -0.001 -0.686
ilr.fac1[35,1]  -0.558  0.104 -0.491
ilr.fac1[35,2]   0.130  1.756  0.718
ilr.fac1[35,3]  -0.559 -0.130 -0.863
ilr.fac1[36,1]   1.063 -0.773  0.866
ilr.fac1[36,2]   0.002 -0.044  1.751
ilr.fac1[36,3]   1.969 -0.906 -0.537
ilr.fac1[37,1]  -1.119  1.544 -0.012
ilr.fac1[37,2]  -0.593 -0.981 -1.523
ilr.fac1[37,3]   0.472  0.635 -0.673
ilr.fac1[38,1]   0.760  0.671 -2.223
ilr.fac1[38,2]  -0.449  0.764 -1.457
ilr.fac1[38,3]  -0.147  0.398  0.044
ilr.fac1[39,1]  -0.695  0.746  2.929
ilr.fac1[39,2]  -0.481  1.073 -1.094
ilr.fac1[39,3]   0.229 -0.666 -0.784
ilr.fac1[4,1]    0.488 -0.120 -0.230
ilr.fac1[4,2]    0.851  0.531  0.370
ilr.fac1[4,3]   -0.654 -1.979 -0.071
ilr.fac1[40,1]  -0.861  1.546  0.670
ilr.fac1[40,2]  -0.501  0.731 -2.860
ilr.fac1[40,3]   0.361  0.757 -0.099
ilr.fac1[41,1]  -0.176 -0.124  0.152
ilr.fac1[41,2]  -0.225  1.075  0.155
ilr.fac1[41,3]   1.290 -0.519  3.122
ilr.fac1[42,1]  -2.359  1.548 -1.088
ilr.fac1[42,2]   0.236  1.352  1.008
ilr.fac1[42,3]   1.786  0.477  1.925
ilr.fac1[43,1]  -0.695  1.999 -0.918
ilr.fac1[43,2]  -0.313  1.886  0.150
ilr.fac1[43,3]   0.129  1.623  0.306
ilr.fac1[44,1]   3.396 -3.156  0.564
ilr.fac1[44,2]   1.355 -0.148  0.138
ilr.fac1[44,3]  -0.187 -0.314 -1.276
ilr.fac1[45,1]   1.042 -1.870  0.581
ilr.fac1[45,2]  -0.063  0.155  1.158
ilr.fac1[45,3]   0.749 -1.134  0.218
ilr.fac1[46,1]  -1.402  1.009  1.757
ilr.fac1[46,2]   0.657  1.433  1.760
ilr.fac1[46,3]   0.030 -1.203 -1.408
ilr.fac1[47,1]  -0.499  0.839  0.120
ilr.fac1[47,2]   0.104 -1.436 -0.372
ilr.fac1[47,3]   1.070  0.061 -1.061
ilr.fac1[48,1]  -1.005  0.667  1.485
ilr.fac1[48,2]   0.501 -0.138  0.010
ilr.fac1[48,3]  -0.017  1.731  0.039
ilr.fac1[49,1]   0.453  1.702  0.971
ilr.fac1[49,2]   0.302  0.322 -0.592
ilr.fac1[49,3]  -1.353  0.396 -0.549
ilr.fac1[5,1]   -1.930  0.680  0.558
ilr.fac1[5,2]   -0.630 -0.065 -0.292
ilr.fac1[5,3]    1.708 -0.724 -0.732
ilr.fac1[50,1]  -2.574  0.176 -0.361
ilr.fac1[50,2]  -0.663  0.219  2.159
ilr.fac1[50,3]  -0.259 -1.325  0.365
ilr.fac1[51,1]  -1.895  0.464 -0.474
ilr.fac1[51,2]  -0.666  1.233 -1.242
ilr.fac1[51,3]   0.460  2.071 -0.026
ilr.fac1[52,1]   2.378 -0.550 -1.479
ilr.fac1[52,2]  -0.594  1.313 -0.501
ilr.fac1[52,3]   1.290 -0.179 -1.962
ilr.fac1[53,1]  -0.145  0.360  0.052
ilr.fac1[53,2]   0.488  0.123 -0.042
ilr.fac1[53,3]  -0.054 -0.332 -1.369
ilr.fac1[54,1]  -1.723  0.181  0.272
ilr.fac1[54,2]   0.645  0.320 -0.034
ilr.fac1[54,3]   1.078 -0.711 -1.430
ilr.fac1[55,1]  -2.726  1.705  1.942
ilr.fac1[55,2]  -1.334  0.638 -1.139
ilr.fac1[55,3]   0.144 -0.272  0.205
ilr.fac1[56,1]   0.531  2.311  1.376
ilr.fac1[56,2]  -0.323  2.303  1.107
ilr.fac1[56,3]  -0.532 -0.494 -0.621
ilr.fac1[57,1]  -0.263 -0.263  1.569
ilr.fac1[57,2]  -0.593  1.381  0.779
ilr.fac1[57,3]  -0.210  0.086 -0.987
ilr.fac1[58,1]   1.757  1.605  1.382
ilr.fac1[58,2]  -0.890 -0.140 -1.381
ilr.fac1[58,3]  -0.787  0.585 -1.950
ilr.fac1[59,1]  -2.125  1.715  0.281
ilr.fac1[59,2]   1.725  0.690  0.702
ilr.fac1[59,3]   0.515  2.572  1.001
ilr.fac1[6,1]    1.654 -0.914 -1.588
ilr.fac1[6,2]    0.872  1.612 -0.156
ilr.fac1[6,3]   -1.101 -1.109 -1.008
ilr.fac1[60,1]   0.768  0.219  1.563
ilr.fac1[60,2]  -0.309  1.224 -0.305
ilr.fac1[60,3]   0.975 -0.609 -0.329
ilr.fac1[61,1]   0.424  1.909 -0.854
ilr.fac1[61,2]  -0.671  0.606  0.080
ilr.fac1[61,3]   0.037 -0.426 -2.820
ilr.fac1[62,1]  -0.395 -0.666  0.173
ilr.fac1[62,2]  -0.101  0.128  0.093
ilr.fac1[62,3]  -1.082  1.433  1.585
ilr.fac1[63,1]   1.396 -0.667  0.887
ilr.fac1[63,2]  -1.897 -0.718 -1.120
ilr.fac1[63,3]  -1.069  0.028 -1.278
ilr.fac1[64,1]  -0.742 -2.184  0.009
ilr.fac1[64,2]  -0.905 -0.712 -1.506
ilr.fac1[64,3]   0.327  2.105  0.576
ilr.fac1[65,1]   2.038  0.063 -0.876
ilr.fac1[65,2]   0.494 -0.308  0.319
ilr.fac1[65,3]  -0.189 -1.745 -0.594
ilr.fac1[66,1]   0.102  0.373  0.292
ilr.fac1[66,2]   1.095 -1.082 -0.594
ilr.fac1[66,3]  -0.318 -0.464 -0.336
ilr.fac1[67,1]  -0.124 -0.276 -0.252
ilr.fac1[67,2]   0.556  0.234  1.718
ilr.fac1[67,3]  -1.614 -0.207  0.457
ilr.fac1[68,1]   0.574 -1.805  1.731
ilr.fac1[68,2]  -0.850  1.548  0.151
ilr.fac1[68,3]   0.504 -1.624  0.475
ilr.fac1[69,1]  -0.832 -1.333 -0.693
ilr.fac1[69,2]  -1.399  0.228 -2.446
ilr.fac1[69,3]  -0.666  0.505  0.623
ilr.fac1[7,1]   -2.093  1.392 -1.162
ilr.fac1[7,2]    1.400 -1.563 -0.665
ilr.fac1[7,3]    1.069  0.001 -1.415
ilr.fac1[70,1]   0.417 -0.623  0.781
ilr.fac1[70,2]   0.655 -1.143 -0.882
ilr.fac1[70,3]   0.916  0.430 -0.770
ilr.fac1[71,1]   0.394  0.426  0.326
ilr.fac1[71,2]  -0.184  1.024 -0.928
ilr.fac1[71,3]  -0.056 -0.474  1.817
ilr.fac1[72,1]   0.347  1.806  1.722
ilr.fac1[72,2]  -2.066 -1.171  1.890
ilr.fac1[72,3]  -1.063  1.080  1.043
ilr.fac1[73,1]   0.732  0.011 -0.201
ilr.fac1[73,2]  -0.403  0.253 -1.474
ilr.fac1[73,3]   0.338  1.765  3.090
ilr.fac1[74,1]   1.237  0.766 -0.265
ilr.fac1[74,2]  -1.909  1.390  0.560
ilr.fac1[74,3]  -1.800  0.037 -0.378
ilr.fac1[75,1]   0.926  1.757 -0.906
ilr.fac1[75,2]  -0.449  1.629 -0.269
ilr.fac1[75,3]  -1.126 -0.813  0.480
ilr.fac1[76,1]   1.245  0.954 -0.354
ilr.fac1[76,2]  -0.224  2.054  1.020
ilr.fac1[76,3]  -0.205 -0.990  0.256
ilr.fac1[77,1]  -1.227 -1.015 -0.447
ilr.fac1[77,2]   0.006 -0.699 -0.513
ilr.fac1[77,3]   0.222  1.970  0.065
ilr.fac1[78,1]   1.745 -1.033  1.031
ilr.fac1[78,2]   0.060 -2.483 -0.134
ilr.fac1[78,3]  -0.513  0.097 -0.713
ilr.fac1[79,1]   0.862 -0.853 -0.756
ilr.fac1[79,2]   0.334 -0.402 -1.251
ilr.fac1[79,3]  -0.354  1.466  1.489
ilr.fac1[8,1]   -0.127  1.474  0.385
ilr.fac1[8,2]   -0.874 -1.156 -1.967
ilr.fac1[8,3]    1.264  1.011  0.606
ilr.fac1[80,1]   0.575  0.768  0.379
ilr.fac1[80,2]  -1.049  0.312 -0.867
ilr.fac1[80,3]  -0.600 -0.267  0.891
ilr.fac1[81,1]  -0.094 -1.198  0.199
ilr.fac1[81,2]  -0.408  2.092 -0.711
ilr.fac1[81,3]   1.571  0.721  1.351
ilr.fac1[82,1]   1.180 -0.473 -2.341
ilr.fac1[82,2]  -1.800  0.387 -0.515
ilr.fac1[82,3]  -1.056 -0.621  0.658
ilr.fac1[83,1]  -1.393 -1.017 -0.221
ilr.fac1[83,2]   0.242  0.036  2.205
ilr.fac1[83,3]   0.362  1.836  0.730
ilr.fac1[84,1]   1.214  2.355  0.042
ilr.fac1[84,2]   1.471  0.377  0.317
ilr.fac1[84,3]   0.425 -0.682  0.771
ilr.fac1[85,1]  -0.181  0.541  0.137
ilr.fac1[85,2]   0.494 -0.170 -0.414
ilr.fac1[85,3]   0.740  2.140 -0.442
ilr.fac1[86,1]   1.775 -1.775 -0.682
ilr.fac1[86,2]   0.459  0.145  2.129
ilr.fac1[86,3]  -0.606  0.363  1.811
ilr.fac1[87,1]   0.991  0.219  0.174
ilr.fac1[87,2]  -1.256 -0.797 -0.260
ilr.fac1[87,3]  -0.234  0.363 -1.246
ilr.fac1[88,1]   0.772  0.461  0.260
ilr.fac1[88,2]   1.694  0.572  0.025
ilr.fac1[88,3]  -0.296 -0.985  0.400
ilr.fac1[89,1]   0.197 -0.977 -0.673
ilr.fac1[89,2]   0.546  3.176 -0.460
ilr.fac1[89,3]  -0.112  0.556 -0.974
ilr.fac1[9,1]    0.913 -0.893 -1.430
ilr.fac1[9,2]    0.589 -0.246  1.416
ilr.fac1[9,3]    0.820  0.792  0.137
ilr.fac1[90,1]  -0.356 -0.400 -0.559
ilr.fac1[90,2]  -1.197  1.089 -1.483
ilr.fac1[90,3]  -0.948  1.178  1.238
ilr.fac1[91,1]   1.050  0.984  1.655
ilr.fac1[91,2]  -0.315  0.715 -0.292
ilr.fac1[91,3]   0.451  1.259 -1.533
ilr.fac1[92,1]  -0.999 -0.091  1.218
ilr.fac1[92,2]  -0.045 -0.875 -2.522
ilr.fac1[92,3]   1.970 -0.498 -0.556
ilr.fac1[93,1]   0.444 -2.838  1.531
ilr.fac1[93,2]   1.445 -0.023 -0.640
ilr.fac1[93,3]   1.246  2.377  2.108
ilr.fac1[94,1]  -0.232 -0.332  2.188
ilr.fac1[94,2]   0.123  1.241  1.914
ilr.fac1[94,3]   1.140  0.703 -0.067
ilr.fac1[95,1]  -1.486 -0.327  0.345
ilr.fac1[95,2]  -0.006 -1.435 -0.709
ilr.fac1[95,3]   1.526  0.600 -0.301
ilr.fac1[96,1]  -0.513  0.924 -0.608
ilr.fac1[96,2]  -0.111 -0.185 -1.903
ilr.fac1[96,3]   0.625 -0.402  0.293
ilr.fac1[97,1]  -0.865 -0.481 -0.573
ilr.fac1[97,2]   0.003  0.426 -1.515
ilr.fac1[97,3]   1.161  1.203  0.153
ilr.fac1[98,1]  -0.021  0.019  1.119
ilr.fac1[98,2]  -1.643 -2.118 -0.274
ilr.fac1[98,3]  -0.689 -0.272 -0.009
ilr.fac1[99,1]   1.512  0.645  0.745
ilr.fac1[99,2]  -1.049  0.988 -1.788
ilr.fac1[99,3]   0.495 -1.558 -0.275
loglik[1]        0.024  0.617  0.426
loglik[10]       1.795 -1.079  0.036
loglik[100]     -0.931  1.306  1.222
loglik[101]     -0.481  0.164  1.728
loglik[102]      0.297 -0.014  0.323
loglik[103]      1.234  0.016 -1.228
loglik[104]      0.516 -1.113  1.583
loglik[105]     -0.716  2.084 -0.747
loglik[106]      1.605 -0.897  0.832
loglik[11]       0.258 -0.615  0.195
loglik[12]      -0.440 -0.791 -0.506
loglik[13]      -0.560 -0.412  1.062
loglik[14]       0.099  0.704  1.442
loglik[15]       0.630  0.764 -0.569
loglik[16]       0.166 -0.692 -0.234
loglik[17]       0.477  0.773 -0.608
loglik[18]       2.025 -0.304 -0.079
loglik[19]       0.642 -0.849 -0.455
loglik[2]        1.194 -0.854  0.914
loglik[20]       0.283 -0.820 -1.097
loglik[21]       1.870 -1.278  0.921
loglik[22]       0.279 -1.456 -0.740
loglik[23]       0.808 -1.650 -1.648
loglik[24]      -1.315  0.071  0.055
loglik[25]       0.415  0.405  0.226
loglik[26]      -0.851  0.554  0.694
loglik[27]       0.101  0.789 -1.249
loglik[28]       0.145  0.975  0.133
loglik[29]       1.515  1.284  1.664
loglik[3]       -1.764  1.420 -0.837
loglik[30]      -2.057  0.840  0.443
loglik[31]       0.234  0.550 -1.244
loglik[32]      -0.833 -0.316  0.269
loglik[33]       1.308  0.533 -1.701
loglik[34]      -0.881 -0.273 -0.663
loglik[35]      -1.024 -0.062 -1.074
loglik[36]       1.914 -1.365 -0.383
loglik[37]      -0.081  0.757  1.423
loglik[38]      -0.224  0.463 -0.631
loglik[39]      -0.189 -0.971  0.586
loglik[4]       -0.891 -1.037  0.096
loglik[40]      -0.695  0.354  0.188
loglik[41]       0.651 -0.839  1.846
loglik[42]      -0.585 -2.361 -0.325
loglik[43]       0.126 -0.646 -0.557
loglik[44]       0.886  0.146  0.324
loglik[45]       1.187 -2.021 -0.174
loglik[46]       0.686 -0.269 -1.229
loglik[47]       0.631  0.353  0.102
loglik[48]      -0.691 -0.620 -0.457
loglik[49]      -1.084 -0.862  0.170
loglik[5]        0.129 -0.936 -0.130
loglik[50]      -0.883 -0.838 -0.358
loglik[51]      -0.508  0.996 -0.803
loglik[52]       1.339  0.103 -1.711
loglik[53]       0.145  1.537 -0.896
loglik[54]      -0.270  0.290 -0.395
loglik[55]       1.481 -1.715 -1.076
loglik[56]      -0.173  1.478  0.156
loglik[57]      -0.011 -0.043  0.604
loglik[58]      -0.198 -0.087 -1.034
loglik[59]      -0.777 -1.573 -1.351
loglik[6]        0.243 -1.970 -1.027
loglik[60]       0.829 -0.725  0.626
loglik[61]       0.019  0.596 -1.419
loglik[62]      -0.867  1.759  0.136
loglik[63]      -1.310 -0.851 -1.492
loglik[64]       0.813  0.286  0.111
loglik[65]       0.229 -0.362 -1.778
loglik[66]      -1.739  0.174 -0.523
loglik[67]      -0.959 -0.981 -0.858
loglik[68]       0.088 -1.807  0.825
loglik[69]      -1.369 -0.530  0.607
loglik[7]       -1.260  0.184 -1.366
loglik[70]       0.964 -0.418 -0.131
loglik[71]      -1.239  0.378 -0.074
loglik[72]       1.944 -0.759 -0.900
loglik[73]       0.046 -0.997  0.530
loglik[74]      -1.217 -0.225  0.422
loglik[75]      -0.509 -0.533 -0.274
loglik[76]      -0.152 -1.021 -0.326
loglik[77]       0.627  1.970  0.692
loglik[78]      -1.032  1.464 -1.324
loglik[79]      -0.506  0.647  0.901
loglik[8]        0.530  0.741  1.867
loglik[80]       0.596 -1.206 -1.513
loglik[81]       0.429 -2.022 -0.895
loglik[82]      -1.938 -0.104  1.685
loglik[83]       0.643  2.162  2.039
loglik[84]      -0.848 -1.632 -0.454
loglik[85]      -0.407  0.544 -0.216
loglik[86]      -0.508 -0.666  1.716
loglik[87]      -0.730 -0.838 -2.292
loglik[88]      -0.201 -1.610  0.779
loglik[89]       0.189  0.269 -0.424
loglik[9]        1.237 -0.811 -0.579
loglik[90]      -1.065  1.124  1.828
loglik[91]      -0.646  0.973 -0.920
loglik[92]       0.473 -1.046 -1.490
loglik[93]       3.136  1.891  1.262
loglik[94]       1.296  0.140  0.154
loglik[95]       1.313 -0.465 -0.958
loglik[96]       0.364 -0.058  0.577
loglik[97]       1.078  1.690  0.565
loglik[98]       0.080 -1.154  0.237
loglik[99]      -0.094 -0.314 -0.696
p.fac1[1,1]      0.137 -1.953 -0.780
p.fac1[1,2]      0.351  1.432  1.105
p.fac1[1,3]     -1.001  1.275  0.168
p.fac1[1,4]      0.833 -0.672 -1.418
p.fac1[10,1]     0.762  0.269 -0.099
p.fac1[10,2]     0.765 -0.090  1.277
p.fac1[10,3]    -1.630 -0.530 -0.653
p.fac1[10,4]    -0.045  1.074 -1.360
p.fac1[100,1]    0.854 -1.152 -0.546
p.fac1[100,2]   -0.228  1.045  0.645
p.fac1[100,3]   -0.603  0.336  0.335
p.fac1[100,4]    0.203 -0.982 -1.298
p.fac1[101,1]    0.261 -0.757  0.540
p.fac1[101,2]   -0.056  0.902 -0.501
p.fac1[101,3]   -0.857  0.599 -0.207
p.fac1[101,4]    0.988 -1.294  0.056
p.fac1[102,1]   -1.116 -1.063  1.732
p.fac1[102,2]    0.608  0.501 -0.901
p.fac1[102,3]    0.328  0.684 -1.126
p.fac1[102,4]    0.757 -0.444 -0.500
p.fac1[103,1]    0.039 -1.336  0.270
p.fac1[103,2]    1.139  0.587 -1.307
p.fac1[103,3]   -1.412  0.060  1.259
p.fac1[103,4]   -1.397 -0.530  1.838
p.fac1[104,1]   -1.624 -0.587 -1.270
p.fac1[104,2]    1.556 -0.312  1.562
p.fac1[104,3]   -1.028  0.564 -0.331
p.fac1[104,4]    0.306  1.073 -1.477
p.fac1[105,1]   -0.539 -0.926 -1.018
p.fac1[105,2]    0.852  1.787 -0.508
p.fac1[105,3]   -0.779 -2.261  1.796
p.fac1[105,4]   -0.274 -1.201  0.597
p.fac1[106,1]    0.230  0.290  0.858
p.fac1[106,2]   -0.214 -0.441  0.289
p.fac1[106,3]   -0.294  0.004 -0.586
p.fac1[106,4]    0.343  0.461 -1.237
p.fac1[11,1]     0.394 -0.855 -0.321
p.fac1[11,2]     0.359 -0.222 -0.255
p.fac1[11,3]    -0.802  1.025  0.745
p.fac1[11,4]    -0.557  0.443  0.010
p.fac1[12,1]     0.781 -1.399  1.828
p.fac1[12,2]    -0.138 -0.870  0.742
p.fac1[12,3]    -1.252  2.281 -2.401
p.fac1[12,4]     1.589  0.336 -0.672
p.fac1[13,1]     0.606  0.543 -2.506
p.fac1[13,2]     0.192 -0.841  1.932
p.fac1[13,3]    -0.883  0.193  1.227
p.fac1[13,4]     0.667 -0.277 -1.115
p.fac1[14,1]     1.288 -1.259 -2.221
p.fac1[14,2]     0.168  0.979  0.317
p.fac1[14,3]    -1.376  0.827  2.069
p.fac1[14,4]     0.026 -1.906 -1.489
p.fac1[15,1]    -0.527  0.186  0.737
p.fac1[15,2]     0.805 -0.730 -1.124
p.fac1[15,3]    -0.203  0.384  0.208
p.fac1[15,4]    -0.118  0.442  0.228
p.fac1[16,1]    -0.429 -0.009 -0.258
p.fac1[16,2]     0.311  2.216  0.132
p.fac1[16,3]    -0.310 -1.686  0.061
p.fac1[16,4]     1.275 -0.927  0.263
p.fac1[17,1]     0.041 -0.276 -0.148
p.fac1[17,2]    -0.327 -0.738  1.546
p.fac1[17,3]    -0.018  1.047 -0.700
p.fac1[17,4]     0.444 -2.714  0.753
p.fac1[18,1]    -0.684  1.181  0.743
p.fac1[18,2]     1.034  1.156 -0.221
p.fac1[18,3]     0.320 -1.348 -0.623
p.fac1[18,4]    -1.227 -0.153  0.518
p.fac1[19,1]    -0.288 -0.778  0.196
p.fac1[19,2]    -0.009  0.158  0.163
p.fac1[19,3]     0.281  0.380 -0.256
p.fac1[19,4]    -0.129  0.616 -0.051
p.fac1[2,1]      0.885 -1.245 -0.550
p.fac1[2,2]     -0.754  0.559  0.177
p.fac1[2,3]     -1.253  1.160  0.956
p.fac1[2,4]      0.156  1.406 -0.204
p.fac1[20,1]     0.495 -0.855  0.199
p.fac1[20,2]    -0.043 -0.379 -1.281
p.fac1[20,3]    -0.610  1.006  1.723
p.fac1[20,4]     0.113  0.986  0.498
p.fac1[21,1]    -0.571 -0.951 -0.450
p.fac1[21,2]    -0.831  1.810  0.902
p.fac1[21,3]     1.683 -0.473  0.199
p.fac1[21,4]    -2.948  0.000 -1.532
p.fac1[22,1]     0.215 -0.341  0.211
p.fac1[22,2]     0.081 -0.275 -0.487
p.fac1[22,3]    -0.775  0.708  0.273
p.fac1[22,4]     0.865 -0.112  0.333
p.fac1[23,1]     1.109 -1.302 -0.065
p.fac1[23,2]    -0.541  0.777  0.715
p.fac1[23,3]    -0.478  0.107 -0.634
p.fac1[23,4]    -0.402  1.632  0.723
p.fac1[24,1]     0.468 -2.145 -0.436
p.fac1[24,2]     0.714  0.344 -0.062
p.fac1[24,3]    -1.427  2.191  0.529
p.fac1[24,4]     0.134 -1.369  0.005
p.fac1[25,1]    -0.871 -1.408  0.019
p.fac1[25,2]    -0.619 -1.742  1.102
p.fac1[25,3]     1.091  1.858 -0.551
p.fac1[25,4]    -0.125 -0.574 -0.074
p.fac1[26,1]     0.801 -0.335 -0.978
p.fac1[26,2]    -1.771  0.747  0.458
p.fac1[26,3]     0.479 -0.165  1.064
p.fac1[26,4]     0.576 -0.526 -1.083
p.fac1[27,1]     0.460 -1.857  0.153
p.fac1[27,2]    -0.349  0.926 -0.957
p.fac1[27,3]    -0.059  1.451  1.406
p.fac1[27,4]     0.173 -2.007 -0.199
p.fac1[28,1]    -1.244 -1.969  0.785
p.fac1[28,2]     0.829  2.060 -0.168
p.fac1[28,3]    -0.267 -0.919 -0.762
p.fac1[28,4]     0.117 -1.300  0.110
p.fac1[29,1]    -0.788 -2.680 -2.087
p.fac1[29,2]     1.033  1.712  1.136
p.fac1[29,3]    -0.877 -0.081  0.820
p.fac1[29,4]    -0.678 -0.582 -1.545
p.fac1[3,1]      0.955 -2.414  0.172
p.fac1[3,2]      0.998  0.734  0.846
p.fac1[3,3]     -0.998  1.686 -0.315
p.fac1[3,4]     -0.121 -1.132 -0.525
p.fac1[30,1]     1.912 -0.457  0.055
p.fac1[30,2]    -1.743  1.337  0.334
p.fac1[30,3]    -0.132 -1.379 -1.432
p.fac1[30,4]     1.662 -1.388  0.714
p.fac1[31,1]     0.747 -0.818 -0.092
p.fac1[31,2]     0.070  1.108  0.908
p.fac1[31,3]    -1.407 -0.672 -1.125
p.fac1[31,4]     0.443 -0.527 -0.512
p.fac1[32,1]    -0.545 -0.677  0.299
p.fac1[32,2]     0.909  0.014  0.779
p.fac1[32,3]    -0.375  0.709 -1.160
p.fac1[32,4]     0.027 -0.037 -0.523
p.fac1[33,1]     0.261 -0.855  2.833
p.fac1[33,2]     0.318  0.284 -2.243
p.fac1[33,3]    -0.538  0.760 -0.105
p.fac1[33,4]    -1.137 -0.631  0.011
p.fac1[34,1]    -1.312 -0.457  0.612
p.fac1[34,2]     0.945  1.691 -0.383
p.fac1[34,3]     1.110 -1.342 -0.367
p.fac1[34,4]    -1.361  0.128  0.053
p.fac1[35,1]    -0.460  0.665 -0.307
p.fac1[35,2]     1.476  1.234  1.247
p.fac1[35,3]    -0.683 -1.126 -1.021
p.fac1[35,4]     1.138 -0.172  0.912
p.fac1[36,1]     1.269 -1.273  1.378
p.fac1[36,2]    -0.625  1.381  0.064
p.fac1[36,3]    -0.488  0.611 -1.732
p.fac1[36,4]    -2.469  0.437  1.122
p.fac1[37,1]    -0.967 -0.162 -1.997
p.fac1[37,2]     0.554 -1.661 -0.308
p.fac1[37,3]     0.752  0.900  1.626
p.fac1[37,4]    -1.020 -1.112 -0.897
p.fac1[38,1]     0.782  0.478 -2.586
p.fac1[38,2]    -1.208  1.091  1.168
p.fac1[38,3]     0.392 -1.135  1.051
p.fac1[38,4]     0.409 -0.812 -0.205
p.fac1[39,1]    -0.227  0.491  0.353
p.fac1[39,2]     0.255  0.655 -2.999
p.fac1[39,3]     0.039 -0.875  0.574
p.fac1[39,4]     0.171  1.265  0.338
p.fac1[4,1]      0.186 -0.458  0.549
p.fac1[4,2]      0.284  0.811  0.214
p.fac1[4,3]     -0.559 -0.388 -0.366
p.fac1[4,4]      1.147  1.319 -0.410
p.fac1[40,1]    -0.785  0.944 -1.525
p.fac1[40,2]     0.603  0.085 -0.603
p.fac1[40,3]     0.706 -1.052  2.303
p.fac1[40,4]     0.259 -0.744  0.256
p.fac1[41,1]     0.429  0.016 -0.155
p.fac1[41,2]    -0.552  0.913 -0.365
p.fac1[41,3]     0.071 -0.428  0.833
p.fac1[41,4]    -1.007  0.275 -2.637
p.fac1[42,1]    -1.250  1.717 -0.580
p.fac1[42,2]     2.420  0.116  2.119
p.fac1[42,3]    -0.517 -1.171 -0.685
p.fac1[42,4]    -1.828 -0.775 -1.937
p.fac1[43,1]    -0.181  1.333 -0.284
p.fac1[43,2]     0.077  0.292  1.487
p.fac1[43,3]     0.176 -0.962 -0.267
p.fac1[43,4]     0.139 -0.427 -0.280
p.fac1[44,1]     2.987 -2.528  0.073
p.fac1[44,2]    -1.833  1.869 -0.418
p.fac1[44,3]    -1.345  0.634  0.054
p.fac1[44,4]     0.604 -0.147  0.602
p.fac1[45,1]     0.975 -2.162  0.864
p.fac1[45,2]    -0.462  2.266 -0.061
p.fac1[45,3]    -1.192  0.730 -0.823
p.fac1[45,4]     0.100  2.020 -0.979
p.fac1[46,1]    -1.193  0.453  1.367
p.fac1[46,2]     1.373  0.110 -0.859
p.fac1[46,3]    -0.744 -0.913 -1.131
p.fac1[46,4]    -0.002  0.399  1.008
p.fac1[47,1]     0.347 -1.425 -0.612
p.fac1[47,2]    -0.116 -0.166  0.538
p.fac1[47,3]    -0.107  1.607  0.104
p.fac1[47,4]    -0.574 -0.272  0.816
p.fac1[48,1]    -0.822  0.433  0.691
p.fac1[48,2]     1.233  0.449 -0.186
p.fac1[48,3]    -1.255  1.190  0.186
p.fac1[48,4]     0.400 -2.145 -0.572
p.fac1[49,1]     0.520  0.650  0.143
p.fac1[49,2]    -0.049 -0.616 -0.459
p.fac1[49,3]    -0.657 -0.062  0.460
p.fac1[49,4]     1.081 -0.279 -1.240
p.fac1[5,1]     -1.462 -0.576  0.180
p.fac1[5,2]      1.730 -0.402 -0.694
p.fac1[5,3]      0.849  0.732  0.061
p.fac1[5,4]     -0.593  0.426  0.098
p.fac1[50,1]    -1.266 -0.854  0.461
p.fac1[50,2]     1.569  1.088  1.325
p.fac1[50,3]     0.854  0.171 -1.722
p.fac1[50,4]     0.451  0.984 -0.298
p.fac1[51,1]    -1.632  0.018 -1.360
p.fac1[51,2]     0.681  1.099  0.526
p.fac1[51,3]     1.104 -0.563  0.950
p.fac1[51,4]     0.016 -2.341  0.221
p.fac1[52,1]     1.692 -0.223 -1.660
p.fac1[52,2]    -2.096  0.858  1.146
p.fac1[52,3]    -0.409 -0.451  1.065
p.fac1[52,4]    -2.157  0.476  1.502
p.fac1[53,1]     0.066 -0.389 -0.161
p.fac1[53,2]     0.570  0.017  0.254
p.fac1[53,3]    -1.076  0.274 -0.200
p.fac1[53,4]     1.100 -0.025  0.228
p.fac1[54,1]    -0.934 -0.452 -0.102
p.fac1[54,2]     1.955  0.706 -0.099
p.fac1[54,3]    -0.209 -0.754  0.253
p.fac1[54,4]    -0.871  0.126 -0.038
p.fac1[55,1]    -2.304  2.209  0.805
p.fac1[55,2]     1.303 -1.334 -1.300
p.fac1[55,3]     0.791 -0.570  0.868
p.fac1[55,4]    -0.690 -0.345 -1.159
p.fac1[56,1]     0.608  1.898  0.544
p.fac1[56,2]    -0.583 -0.476  0.596
p.fac1[56,3]    -0.717 -1.646 -1.380
p.fac1[56,4]     1.117 -1.255  0.227
p.fac1[57,1]    -0.216  0.117  0.816
p.fac1[57,2]     0.362  1.339  0.362
p.fac1[57,3]    -0.108 -0.922 -0.872
p.fac1[57,4]     0.361 -0.385 -1.788
p.fac1[58,1]     0.657  1.007 -0.139
p.fac1[58,2]    -2.367 -0.782 -1.804
p.fac1[58,3]     0.845  0.746  0.635
p.fac1[58,4]     1.015 -0.936  1.438
p.fac1[59,1]    -0.544  1.518  1.430
p.fac1[59,2]     2.168  0.095  0.757
p.fac1[59,3]    -1.738  1.112 -0.307
p.fac1[59,4]    -0.365 -2.323 -1.333
p.fac1[6,1]      1.336 -0.137 -1.339
p.fac1[6,2]     -1.020  2.517  1.710
p.fac1[6,3]     -0.974 -1.170  0.059
p.fac1[6,4]      0.935  0.975  1.473
p.fac1[60,1]     0.115  0.221  0.686
p.fac1[60,2]     0.106  0.922 -1.324
p.fac1[60,3]    -0.358 -0.910  0.437
p.fac1[60,4]     0.587  0.462 -1.070
p.fac1[61,1]     0.497  0.730 -1.819
p.fac1[61,2]    -0.753 -2.040  1.593
p.fac1[61,3]    -0.372  0.081  0.607
p.fac1[61,4]     0.171 -0.861  1.518
p.fac1[62,1]    -0.233 -1.173  0.055
p.fac1[62,2]    -0.044  1.522  0.802
p.fac1[62,3]    -0.155  0.601 -0.077
p.fac1[62,4]     1.080 -2.651 -2.119
p.fac1[63,1]     0.167 -1.877 -0.831
p.fac1[63,2]    -1.465  0.664 -0.074
p.fac1[63,3]     0.489  1.298  0.827
p.fac1[63,4]     1.024  1.239  0.915
p.fac1[64,1]    -0.797 -3.156 -1.347
p.fac1[64,2]     0.418  2.352 -0.129
p.fac1[64,3]     0.237  0.971  1.662
p.fac1[64,4]     0.101 -1.925 -1.095
p.fac1[65,1]     2.342 -0.891 -0.301
p.fac1[65,2]    -1.887 -0.309  1.453
p.fac1[65,3]    -0.942  0.425 -0.329
p.fac1[65,4]    -0.034  1.466  0.055
p.fac1[66,1]     0.829 -1.253 -0.836
p.fac1[66,2]     0.940 -0.688 -0.164
p.fac1[66,3]    -1.524  1.289  0.645
p.fac1[66,4]     1.872 -0.174  0.361
p.fac1[67,1]     0.233 -0.856  0.705
p.fac1[67,2]     0.389  1.261  1.254
p.fac1[67,3]    -1.655 -0.478 -1.577
p.fac1[67,4]     2.277 -0.190 -0.817
p.fac1[68,1]    -0.016 -1.099  0.923
p.fac1[68,2]    -0.595  2.309 -0.280
p.fac1[68,3]     0.269 -0.379 -0.445
p.fac1[68,4]     0.110  2.045 -1.638
p.fac1[69,1]    -0.871 -1.489 -2.227
p.fac1[69,2]    -0.067  1.542  0.771
p.fac1[69,3]     0.768  0.164  1.612
p.fac1[69,4]     0.960 -0.692 -1.359
p.fac1[7,1]      0.087 -1.063 -1.310
p.fac1[7,2]      3.018 -1.079  1.288
p.fac1[7,3]     -1.488  1.507  0.669
p.fac1[7,4]     -0.401  0.579  0.148
p.fac1[70,1]     0.778 -2.149  0.062
p.fac1[70,2]     0.079  0.630 -0.547
p.fac1[70,3]    -0.781  1.848  0.571
p.fac1[70,4]    -0.747 -1.632 -0.387
p.fac1[71,1]     0.013  0.423  0.149
p.fac1[71,2]    -0.112  0.163 -0.222
p.fac1[71,3]     0.069 -0.627  1.163
p.fac1[71,4]     0.111  0.010 -1.712
p.fac1[72,1]    -1.098  0.329  3.012
p.fac1[72,2]    -1.503 -0.723 -0.445
p.fac1[72,3]     1.720  1.709 -1.215
p.fac1[72,4]     1.514 -2.092 -2.148
p.fac1[73,1]     0.465  0.140 -0.509
p.fac1[73,2]    -0.844  0.395  0.270
p.fac1[73,3]     0.347  0.290  1.850
p.fac1[73,4]     0.115 -1.834 -4.474
p.fac1[74,1]     1.037  0.222 -0.294
p.fac1[74,2]    -1.652  0.158  0.484
p.fac1[74,3]     1.437 -0.415 -1.293
p.fac1[74,4]     1.453 -0.155  0.706
p.fac1[75,1]     0.572  1.262 -1.347
p.fac1[75,2]    -0.438 -0.624  1.429
p.fac1[75,3]    -0.528 -1.042  0.372
p.fac1[75,4]     1.003  0.680 -0.231
p.fac1[76,1]     0.551  0.599 -0.257
p.fac1[76,2]    -0.623  0.856  1.485
p.fac1[76,3]     0.178 -1.827 -1.050
p.fac1[76,4]    -0.442  0.506 -1.117
p.fac1[77,1]    -0.768 -1.374 -0.973
p.fac1[77,2]     1.428  1.440  0.721
p.fac1[77,3]    -1.526  0.076  0.141
p.fac1[77,4]     0.206 -1.513 -0.081
p.fac1[78,1]     1.589 -2.323 -0.069
p.fac1[78,2]    -1.598 -0.258 -0.259
p.fac1[78,3]    -0.468  2.941  0.453
p.fac1[78,4]     1.395 -1.392 -0.208
p.fac1[79,1]     0.911 -1.603 -1.456
p.fac1[79,2]    -0.464  1.182  0.623
p.fac1[79,3]    -0.393  0.479  1.220
p.fac1[79,4]     0.207 -1.022 -1.369
p.fac1[8,1]     -0.847 -0.366 -1.091
p.fac1[8,2]      0.145 -1.545 -1.057
p.fac1[8,3]      0.756  1.150  1.643
p.fac1[8,4]     -1.029 -1.017 -1.611
p.fac1[80,1]    -0.427  0.153  0.068
p.fac1[80,2]    -0.640 -0.419  0.455
p.fac1[80,3]     1.155  0.302  0.646
p.fac1[80,4]     0.109  0.038 -1.163
p.fac1[81,1]     0.055  0.297  0.184
p.fac1[81,2]    -0.114  2.770  0.614
p.fac1[81,3]     0.299 -1.030  1.220
p.fac1[81,4]    -0.180 -1.758 -1.820
p.fac1[82,1]     0.411 -1.647 -3.067
p.fac1[82,2]    -1.734  1.658  2.481
p.fac1[82,3]     1.074 -0.818  0.157
p.fac1[82,4]     1.754  0.695 -0.586
p.fac1[83,1]    -1.109 -1.873 -0.060
p.fac1[83,2]     0.965  1.654  1.511
p.fac1[83,3]    -0.621  0.715 -1.895
p.fac1[83,4]     0.439 -2.094 -1.321
p.fac1[84,1]     2.218  1.396  0.312
p.fac1[84,2]    -0.482 -1.285  0.452
p.fac1[84,3]    -1.753  0.303 -0.715
p.fac1[84,4]    -1.211  0.216 -1.224
p.fac1[85,1]    -0.464 -0.167 -0.078
p.fac1[85,2]     0.640  0.208  0.072
p.fac1[85,3]    -0.412  0.747  0.071
p.fac1[85,4]    -0.039 -1.868 -0.137
p.fac1[86,1]     1.868 -2.275 -0.252
p.fac1[86,2]    -0.999  1.856  2.219
p.fac1[86,3]    -1.065  0.212 -2.145
p.fac1[86,4]     0.122 -1.288 -2.212
p.fac1[87,1]     0.517 -0.322 -0.563
p.fac1[87,2]    -1.001 -0.416 -0.073
p.fac1[87,3]     0.203  1.437  0.133
p.fac1[87,4]     1.079 -1.210  0.845
p.fac1[88,1]     1.369  0.084 -0.111
p.fac1[88,2]     0.003 -0.142  0.290
p.fac1[88,3]    -1.307 -0.198  0.081
p.fac1[88,4]    -0.163  0.723 -0.725
p.fac1[89,1]     0.284 -0.761 -1.062
p.fac1[89,2]     0.443  2.190  0.802
p.fac1[89,3]    -0.785 -1.409  0.140
p.fac1[89,4]    -0.567 -1.189 -0.214
p.fac1[9,1]      0.624 -1.271 -0.124
p.fac1[9,2]     -0.658  1.062  2.059
p.fac1[9,3]     -0.235  0.768 -0.864
p.fac1[9,4]     -0.096 -0.699 -0.203
p.fac1[90,1]    -0.749 -0.628 -1.653
p.fac1[90,2]    -0.115  1.488  0.819
p.fac1[90,3]     0.617 -0.812  1.195
p.fac1[90,4]     1.020 -1.460 -1.297
p.fac1[91,1]     0.670 -0.057  0.985
p.fac1[91,2]    -0.866  0.300 -1.321
p.fac1[91,3]     0.313  0.084  0.390
p.fac1[91,4]     0.132 -1.060  1.115
p.fac1[92,1]    -0.578 -0.538 -0.468
p.fac1[92,2]     1.016  0.268 -1.615
p.fac1[92,3]    -0.036  0.559  2.931
p.fac1[92,4]    -1.427 -0.617 -0.673
p.fac1[93,1]     1.570 -2.394  0.458
p.fac1[93,2]     0.683  3.863 -0.390
p.fac1[93,3]    -2.172  0.827  0.561
p.fac1[93,4]    -1.680 -1.828 -2.746
p.fac1[94,1]    -0.338 -0.376  2.003
p.fac1[94,2]     0.616  1.828 -0.651
p.fac1[94,3]     0.058 -0.881 -1.708
p.fac1[94,4]    -0.670 -0.761  0.632
p.fac1[95,1]    -1.376 -0.941 -0.648
p.fac1[95,2]     1.227  0.033  0.105
p.fac1[95,3]     0.031  1.289  0.537
p.fac1[95,4]    -0.260 -0.688 -0.080
p.fac1[96,1]    -0.220 -0.179 -0.434
p.fac1[96,2]     0.475 -0.385 -0.267
p.fac1[96,3]    -0.169  0.893  1.158
p.fac1[96,4]    -1.069 -0.334 -0.343
p.fac1[97,1]     0.085 -0.984 -1.331
p.fac1[97,2]     0.621  1.176  0.489
p.fac1[97,3]    -0.825 -0.502  1.018
p.fac1[97,4]    -0.588 -0.887 -0.600
p.fac1[98,1]    -0.915 -1.373 -0.401
p.fac1[98,2]    -0.131 -0.350 -0.455
p.fac1[98,3]     0.761  2.014  0.927
p.fac1[98,4]     0.497 -0.359 -0.220
p.fac1[99,1]     0.822  0.112 -0.294
p.fac1[99,2]    -1.728  0.236 -1.054
p.fac1[99,3]     0.702 -0.535  1.096
p.fac1[99,4]    -0.354  0.486  0.980
p.global[1]      0.137 -1.953 -0.780
p.global[2]      0.351  1.432  1.105
p.global[3]     -1.001  1.275  0.168
p.global[4]      0.833 -0.672 -1.418
