
################################################################################
# Gelman-Rubin Diagnostic
################################################################################

Generally the Gelman diagnostic should be < 1.05


Out of 622 variables: 0 > 1.01

                      
0 > 1.05

                      
0 > 1.1


The worst variables are:

               Point est. Upper C.I.
loglik[37]       1.004126   1.008978
p.fac1[24,2]     1.002048   1.002268
loglik[54]       1.001832   1.004437
ilr.fac1[18,2]   1.001744   1.002950
p.fac1[35,3]     1.001714   1.001737
p.fac1[81,3]     1.001690   1.002777
loglik[22]       1.001643   1.003652
ilr.fac1[5,2]    1.001466   1.003478
loglik[5]        1.001433   1.003024
loglik[78]       1.001410   1.002656


And here are the Gelman diagnostics for all variables:

                Point est. Upper C.I.
deviance         1.0003000  1.0004322
ilr.fac1[1,1]          NaN        NaN
ilr.fac1[1,2]          NaN        NaN
ilr.fac1[10,1]   1.0001533  1.0005352
ilr.fac1[10,2]   1.0006245  1.0024257
ilr.fac1[100,1]  1.0001343  1.0003596
ilr.fac1[100,2]  1.0000957  1.0007341
ilr.fac1[101,1]  1.0003764  1.0005592
ilr.fac1[101,2]  1.0002919  1.0007779
ilr.fac1[102,1]  1.0000387  1.0003688
ilr.fac1[102,2]  1.0000451  1.0005913
ilr.fac1[103,1]  0.9998933  0.9999806
ilr.fac1[103,2]  0.9998872  0.9999935
ilr.fac1[11,1]   0.9999512  1.0001122
ilr.fac1[11,2]   1.0000207  1.0002171
ilr.fac1[12,1]   1.0000515  1.0004532
ilr.fac1[12,2]   0.9999326  1.0000220
ilr.fac1[13,1]   1.0000185  1.0004043
ilr.fac1[13,2]   1.0002841  1.0007006
ilr.fac1[14,1]   1.0002186  1.0012309
ilr.fac1[14,2]   1.0001216  1.0008483
ilr.fac1[15,1]   1.0003717  1.0008603
ilr.fac1[15,2]   0.9999437  1.0000791
ilr.fac1[16,1]   1.0003955  1.0015790
ilr.fac1[16,2]   1.0011761  1.0013727
ilr.fac1[17,1]   1.0002650  1.0010829
ilr.fac1[17,2]   1.0003446  1.0003906
ilr.fac1[18,1]   1.0002709  1.0002813
ilr.fac1[18,2]   1.0017443  1.0029502
ilr.fac1[19,1]   1.0005331  1.0006048
ilr.fac1[19,2]   1.0005357  1.0023962
ilr.fac1[2,1]    1.0000782  1.0006309
ilr.fac1[2,2]    1.0001103  1.0007289
ilr.fac1[20,1]   1.0008513  1.0026554
ilr.fac1[20,2]   1.0008740  1.0027274
ilr.fac1[21,1]   1.0001718  1.0006410
ilr.fac1[21,2]   0.9999831  1.0000114
ilr.fac1[22,1]   0.9999293  1.0001082
ilr.fac1[22,2]   1.0003901  1.0006457
ilr.fac1[23,1]   1.0001564  1.0004476
ilr.fac1[23,2]   0.9999924  1.0002504
ilr.fac1[24,1]   1.0000102  1.0000112
ilr.fac1[24,2]   1.0005955  1.0010393
ilr.fac1[25,1]   0.9999423  1.0000340
ilr.fac1[25,2]   0.9999190  1.0000286
ilr.fac1[26,1]   1.0004379  1.0016083
ilr.fac1[26,2]   1.0001986  1.0006611
ilr.fac1[27,1]   1.0003779  1.0014067
ilr.fac1[27,2]   0.9999360  1.0001922
ilr.fac1[28,1]   1.0001464  1.0007874
ilr.fac1[28,2]   1.0005907  1.0023665
ilr.fac1[29,1]   1.0001391  1.0007737
ilr.fac1[29,2]   0.9999470  1.0001923
ilr.fac1[3,1]    1.0009780  1.0009871
ilr.fac1[3,2]    1.0006336  1.0016744
ilr.fac1[30,1]   1.0002502  1.0005756
ilr.fac1[30,2]   1.0000360  1.0000688
ilr.fac1[31,1]   1.0002317  1.0002839
ilr.fac1[31,2]   1.0005668  1.0022085
ilr.fac1[32,1]   0.9999307  1.0001579
ilr.fac1[32,2]   0.9999040  0.9999877
ilr.fac1[33,1]   0.9999936  1.0002178
ilr.fac1[33,2]   0.9999480  1.0001440
ilr.fac1[34,1]   1.0001419  1.0002612
ilr.fac1[34,2]   1.0001083  1.0007974
ilr.fac1[35,1]   1.0000514  1.0006316
ilr.fac1[35,2]   1.0002004  1.0008529
ilr.fac1[36,1]   1.0002883  1.0009454
ilr.fac1[36,2]   1.0006965  1.0016370
ilr.fac1[37,1]   1.0000160  1.0004695
ilr.fac1[37,2]   1.0007704  1.0008711
ilr.fac1[38,1]   1.0000328  1.0003739
ilr.fac1[38,2]   0.9999982  1.0003080
ilr.fac1[39,1]   1.0001263  1.0006354
ilr.fac1[39,2]   0.9999087  1.0000678
ilr.fac1[4,1]    1.0004181  1.0019516
ilr.fac1[4,2]    1.0000509  1.0005361
ilr.fac1[40,1]   1.0000880  1.0001494
ilr.fac1[40,2]   1.0000502  1.0001846
ilr.fac1[41,1]   1.0006502  1.0011850
ilr.fac1[41,2]   1.0002167  1.0009777
ilr.fac1[42,1]   0.9998508  0.9998700
ilr.fac1[42,2]   1.0001304  1.0006308
ilr.fac1[43,1]   0.9999929  1.0003442
ilr.fac1[43,2]   0.9999802  1.0003700
ilr.fac1[44,1]   1.0001412  1.0002104
ilr.fac1[44,2]   1.0000977  1.0005296
ilr.fac1[45,1]   1.0003626  1.0010045
ilr.fac1[45,2]   0.9999829  1.0000599
ilr.fac1[46,1]   0.9999289  1.0001256
ilr.fac1[46,2]   1.0003045  1.0008060
ilr.fac1[47,1]   1.0001784  1.0006387
ilr.fac1[47,2]   1.0002050  1.0007088
ilr.fac1[48,1]   1.0001110  1.0007992
ilr.fac1[48,2]   1.0005585  1.0006535
ilr.fac1[49,1]   1.0002411  1.0008208
ilr.fac1[49,2]   1.0001169  1.0005204
ilr.fac1[5,1]    1.0000405  1.0005129
ilr.fac1[5,2]    1.0014663  1.0034778
ilr.fac1[50,1]   1.0004646  1.0012379
ilr.fac1[50,2]   1.0004252  1.0008745
ilr.fac1[51,1]   0.9999883  1.0002445
ilr.fac1[51,2]   1.0003557  1.0010859
ilr.fac1[52,1]   1.0002469  1.0012060
ilr.fac1[52,2]   1.0003736  1.0014056
ilr.fac1[53,1]   1.0001320  1.0001710
ilr.fac1[53,2]   0.9999134  0.9999492
ilr.fac1[54,1]   0.9999332  1.0000425
ilr.fac1[54,2]   1.0006861  1.0012421
ilr.fac1[55,1]   1.0003781  1.0004801
ilr.fac1[55,2]   1.0002062  1.0010668
ilr.fac1[56,1]   0.9999766  1.0000672
ilr.fac1[56,2]   1.0000327  1.0001380
ilr.fac1[57,1]   1.0001840  1.0006870
ilr.fac1[57,2]   1.0003172  1.0015899
ilr.fac1[58,1]   1.0007816  1.0011495
ilr.fac1[58,2]   1.0007109  1.0027695
ilr.fac1[59,1]   1.0000146  1.0003704
ilr.fac1[59,2]   1.0008694  1.0029518
ilr.fac1[6,1]    1.0000189  1.0005106
ilr.fac1[6,2]    0.9999822  1.0002490
ilr.fac1[60,1]   1.0000468  1.0002469
ilr.fac1[60,2]   0.9999949  1.0003649
ilr.fac1[61,1]   1.0003856  1.0012609
ilr.fac1[61,2]   1.0002742  1.0007227
ilr.fac1[62,1]   1.0003245  1.0005089
ilr.fac1[62,2]   1.0000844  1.0005866
ilr.fac1[63,1]   1.0006371  1.0027794
ilr.fac1[63,2]   1.0003939  1.0014446
ilr.fac1[64,1]   1.0000382  1.0004594
ilr.fac1[64,2]   0.9998430  0.9998543
ilr.fac1[65,1]   0.9999342  0.9999832
ilr.fac1[65,2]   1.0000908  1.0007717
ilr.fac1[66,1]   1.0004034  1.0007153
ilr.fac1[66,2]   1.0000718  1.0005822
ilr.fac1[67,1]   1.0000520  1.0004587
ilr.fac1[67,2]   1.0000630  1.0001454
ilr.fac1[68,1]   1.0001034  1.0004962
ilr.fac1[68,2]   1.0007137  1.0015221
ilr.fac1[69,1]   1.0005497  1.0024359
ilr.fac1[69,2]   1.0002004  1.0002864
ilr.fac1[7,1]    1.0003920  1.0018517
ilr.fac1[7,2]    1.0001425  1.0003587
ilr.fac1[70,1]   1.0005898  1.0008321
ilr.fac1[70,2]   1.0001228  1.0001305
ilr.fac1[71,1]   1.0001074  1.0004516
ilr.fac1[71,2]   1.0002776  1.0014066
ilr.fac1[72,1]   0.9998955  1.0000540
ilr.fac1[72,2]   1.0001376  1.0002704
ilr.fac1[73,1]   1.0002261  1.0012738
ilr.fac1[73,2]   1.0000363  1.0004739
ilr.fac1[74,1]   1.0001196  1.0005823
ilr.fac1[74,2]   1.0002891  1.0004957
ilr.fac1[75,1]   1.0008093  1.0019352
ilr.fac1[75,2]   1.0011640  1.0028429
ilr.fac1[76,1]   1.0000302  1.0002918
ilr.fac1[76,2]   1.0001436  1.0009383
ilr.fac1[77,1]   1.0003833  1.0013627
ilr.fac1[77,2]   1.0001150  1.0004953
ilr.fac1[78,1]   1.0001687  1.0007764
ilr.fac1[78,2]   1.0004150  1.0009584
ilr.fac1[79,1]   1.0005430  1.0010377
ilr.fac1[79,2]   1.0000529  1.0004508
ilr.fac1[8,1]    1.0005096  1.0010597
ilr.fac1[8,2]    1.0009256  1.0014882
ilr.fac1[80,1]   0.9998626  0.9999272
ilr.fac1[80,2]   1.0001497  1.0007453
ilr.fac1[81,1]   0.9999855  1.0000711
ilr.fac1[81,2]   1.0001689  1.0004106
ilr.fac1[82,1]   1.0008543  1.0014109
ilr.fac1[82,2]   1.0005076  1.0022565
ilr.fac1[83,1]   1.0004676  1.0019521
ilr.fac1[83,2]   1.0002186  1.0007775
ilr.fac1[84,1]   1.0003800  1.0015997
ilr.fac1[84,2]   1.0003616  1.0012095
ilr.fac1[85,1]   1.0000068  1.0001136
ilr.fac1[85,2]   1.0000861  1.0003442
ilr.fac1[86,1]   0.9998583  0.9998984
ilr.fac1[86,2]   1.0001178  1.0001340
ilr.fac1[87,1]   1.0001880  1.0010438
ilr.fac1[87,2]   1.0001090  1.0006824
ilr.fac1[88,1]   1.0003666  1.0005842
ilr.fac1[88,2]   1.0003130  1.0012563
ilr.fac1[89,1]   0.9999885  1.0000064
ilr.fac1[89,2]   1.0004605  1.0010893
ilr.fac1[9,1]    0.9999343  0.9999818
ilr.fac1[9,2]    1.0003644  1.0016552
ilr.fac1[90,1]   0.9999376  1.0000367
ilr.fac1[90,2]   1.0007070  1.0016131
ilr.fac1[91,1]   1.0009307  1.0021429
ilr.fac1[91,2]   1.0001219  1.0002678
ilr.fac1[92,1]   1.0000307  1.0002294
ilr.fac1[92,2]   0.9999482  1.0000303
ilr.fac1[93,1]   1.0002952  1.0009287
ilr.fac1[93,2]   0.9998663  0.9999498
ilr.fac1[94,1]   1.0007300  1.0025008
ilr.fac1[94,2]   1.0000628  1.0003821
ilr.fac1[95,1]   1.0001400  1.0004772
ilr.fac1[95,2]   1.0003686  1.0016117
ilr.fac1[96,1]   1.0004247  1.0017745
ilr.fac1[96,2]   1.0001186  1.0008414
ilr.fac1[97,1]   0.9998578  0.9999116
ilr.fac1[97,2]   1.0002099  1.0010765
ilr.fac1[98,1]   1.0002137  1.0007800
ilr.fac1[98,2]   0.9999679  1.0002050
ilr.fac1[99,1]   1.0005614  1.0019577
ilr.fac1[99,2]   1.0002236  1.0009738
loglik[1]        1.0001618  1.0009519
loglik[10]       1.0002021  1.0006451
loglik[100]      0.9998463  0.9998762
loglik[101]      1.0002369  1.0009276
loglik[102]      1.0003237  1.0006351
loglik[103]      1.0005132  1.0007070
loglik[11]       1.0006666  1.0012019
loglik[12]       0.9999344  1.0001108
loglik[13]       0.9998948  1.0000509
loglik[14]       1.0006636  1.0009530
loglik[15]       1.0001771  1.0003021
loglik[16]       1.0002174  1.0009296
loglik[17]       1.0010266  1.0012532
loglik[18]       1.0012764  1.0031833
loglik[19]       1.0004332  1.0004949
loglik[2]        1.0004543  1.0013170
loglik[20]       1.0002878  1.0004397
loglik[21]       1.0003694  1.0015189
loglik[22]       1.0016432  1.0036515
loglik[23]       1.0001517  1.0003952
loglik[24]       0.9999565  0.9999679
loglik[25]       1.0007882  1.0029870
loglik[26]       1.0000166  1.0004636
loglik[27]       0.9999676  1.0000077
loglik[28]       1.0002683  1.0010335
loglik[29]       1.0009262  1.0017790
loglik[3]        1.0003839  1.0014074
loglik[30]       1.0001857  1.0004559
loglik[31]       1.0001248  1.0007517
loglik[32]       1.0008586  1.0011086
loglik[33]       1.0007483  1.0017388
loglik[34]       1.0002062  1.0009907
loglik[35]       1.0008518  1.0009096
loglik[36]       1.0000896  1.0004527
loglik[37]       1.0041261  1.0089781
loglik[38]       1.0002667  1.0008433
loglik[39]       1.0004534  1.0010251
loglik[4]        1.0001586  1.0005411
loglik[40]       1.0000518  1.0001415
loglik[41]       0.9998791  0.9999702
loglik[42]       1.0006480  1.0016392
loglik[43]       0.9999022  1.0000412
loglik[44]       1.0001427  1.0004737
loglik[45]       1.0002874  1.0006628
loglik[46]       1.0012135  1.0024148
loglik[47]       1.0005761  1.0005972
loglik[48]       0.9999453  1.0000644
loglik[49]       0.9999890  1.0002234
loglik[5]        1.0014335  1.0030237
loglik[50]       1.0007189  1.0015202
loglik[51]       1.0000769  1.0006794
loglik[52]       1.0000290  1.0002441
loglik[53]       1.0001366  1.0005668
loglik[54]       1.0018320  1.0044370
loglik[55]       1.0005532  1.0014931
loglik[56]       1.0004402  1.0016298
loglik[57]       0.9999040  1.0000111
loglik[58]       1.0002526  1.0008942
loglik[59]       1.0007668  1.0010015
loglik[6]        1.0005732  1.0010903
loglik[60]       1.0005975  1.0022260
loglik[61]       1.0003132  1.0004644
loglik[62]       1.0000114  1.0002384
loglik[63]       1.0010903  1.0027361
loglik[64]       1.0002773  1.0004529
loglik[65]       1.0002862  1.0002987
loglik[66]       1.0002419  1.0002845
loglik[67]       1.0005082  1.0008940
loglik[68]       1.0002038  1.0008598
loglik[69]       1.0005393  1.0012224
loglik[7]        1.0006430  1.0010606
loglik[70]       1.0009358  1.0022306
loglik[71]       0.9999175  0.9999263
loglik[72]       1.0001149  1.0003038
loglik[73]       1.0008967  1.0024575
loglik[74]       1.0007207  1.0009098
loglik[75]       1.0004348  1.0012204
loglik[76]       1.0002404  1.0005756
loglik[77]       0.9999378  1.0001465
loglik[78]       1.0014097  1.0026564
loglik[79]       1.0005643  1.0017752
loglik[8]        1.0003551  1.0010771
loglik[80]       1.0002777  1.0010719
loglik[81]       1.0002276  1.0002909
loglik[82]       1.0013055  1.0031060
loglik[83]       1.0001825  1.0003032
loglik[84]       1.0003946  1.0006516
loglik[85]       1.0008349  1.0030366
loglik[86]       1.0001045  1.0003268
loglik[87]       1.0006203  1.0014406
loglik[88]       1.0004094  1.0011515
loglik[89]       0.9999405  1.0001444
loglik[9]        1.0004218  1.0008917
loglik[90]       1.0004405  1.0006793
loglik[91]       1.0005738  1.0008825
loglik[92]       1.0005902  1.0015500
loglik[93]       1.0003263  1.0014830
loglik[94]       0.9999310  0.9999551
loglik[95]       1.0005885  1.0018153
loglik[96]       1.0000771  1.0006507
loglik[97]       1.0007224  1.0007726
loglik[98]       1.0002507  1.0007536
loglik[99]       1.0004335  1.0011463
p.fac1[1,1]      0.9999483  1.0001446
p.fac1[1,2]      0.9999896  1.0001556
p.fac1[1,3]      0.9998689  0.9999478
p.fac1[10,1]     1.0000338  1.0003277
p.fac1[10,2]     1.0000132  1.0002010
p.fac1[10,3]     1.0010332  1.0038213
p.fac1[100,1]    1.0000091  1.0002979
p.fac1[100,2]    1.0001088  1.0006127
p.fac1[100,3]    1.0001771  1.0007730
p.fac1[101,1]    1.0001539  1.0003660
p.fac1[101,2]    1.0010557  1.0017522
p.fac1[101,3]    0.9999678  1.0001967
p.fac1[102,1]    0.9998998  0.9999677
p.fac1[102,2]    1.0007020  1.0018607
p.fac1[102,3]    1.0002038  1.0010840
p.fac1[103,1]    0.9999442  1.0001605
p.fac1[103,2]    0.9999001  1.0000690
p.fac1[103,3]    0.9998622  0.9998972
p.fac1[11,1]     1.0001185  1.0002789
p.fac1[11,2]     1.0001435  1.0001880
p.fac1[11,3]     1.0003761  1.0008317
p.fac1[12,1]     1.0000632  1.0006680
p.fac1[12,2]     1.0000728  1.0006712
p.fac1[12,3]     1.0000085  1.0000920
p.fac1[13,1]     0.9998861  0.9999945
p.fac1[13,2]     0.9999948  1.0002849
p.fac1[13,3]     1.0001837  1.0009711
p.fac1[14,1]     1.0003222  1.0014225
p.fac1[14,2]     1.0001711  1.0009547
p.fac1[14,3]     1.0000292  1.0004124
p.fac1[15,1]     1.0008739  1.0019281
p.fac1[15,2]     1.0008013  1.0017271
p.fac1[15,3]     1.0003521  1.0010709
p.fac1[16,1]     1.0002479  1.0013055
p.fac1[16,2]     1.0004220  1.0016855
p.fac1[16,3]     1.0004290  1.0004383
p.fac1[17,1]     1.0001365  1.0006707
p.fac1[17,2]     1.0001400  1.0006232
p.fac1[17,3]     0.9999674  1.0000487
p.fac1[18,1]     1.0003088  1.0003343
p.fac1[18,2]     1.0001912  1.0002224
p.fac1[18,3]     1.0006313  1.0016487
p.fac1[19,1]     1.0000651  1.0001706
p.fac1[19,2]     1.0000397  1.0000711
p.fac1[19,3]     1.0007305  1.0026441
p.fac1[2,1]      1.0000154  1.0004874
p.fac1[2,2]      0.9999884  1.0003262
p.fac1[2,3]      1.0000374  1.0002124
p.fac1[20,1]     1.0003809  1.0017692
p.fac1[20,2]     1.0001590  1.0010276
p.fac1[20,3]     1.0001108  1.0002547
p.fac1[21,1]     1.0000575  1.0005384
p.fac1[21,2]     1.0001341  1.0009363
p.fac1[21,3]     1.0004023  1.0009612
p.fac1[22,1]     0.9999257  1.0001558
p.fac1[22,2]     0.9999001  1.0000664
p.fac1[22,3]     1.0002371  1.0004437
p.fac1[23,1]     1.0001705  1.0003692
p.fac1[23,2]     1.0006453  1.0011148
p.fac1[23,3]     1.0000078  1.0002052
p.fac1[24,1]     1.0004488  1.0008679
p.fac1[24,2]     1.0020484  1.0022685
p.fac1[24,3]     1.0000810  1.0006047
p.fac1[25,1]     0.9998609  0.9999194
p.fac1[25,2]     0.9999311  0.9999746
p.fac1[25,3]     0.9999146  0.9999573
p.fac1[26,1]     1.0005266  1.0019584
p.fac1[26,2]     1.0004134  1.0016012
p.fac1[26,3]     1.0003192  1.0014418
p.fac1[27,1]     1.0002908  1.0013247
p.fac1[27,2]     1.0004815  1.0018516
p.fac1[27,3]     1.0002135  1.0004078
p.fac1[28,1]     1.0006731  1.0017669
p.fac1[28,2]     1.0005090  1.0013832
p.fac1[28,3]     1.0003920  1.0016981
p.fac1[29,1]     1.0001516  1.0009379
p.fac1[29,2]     1.0002426  1.0009829
p.fac1[29,3]     1.0006760  1.0020243
p.fac1[3,1]      1.0003963  1.0004436
p.fac1[3,2]      1.0003146  1.0003362
p.fac1[3,3]      1.0003736  1.0011455
p.fac1[30,1]     1.0000776  1.0004185
p.fac1[30,2]     1.0000833  1.0004239
p.fac1[30,3]     1.0000324  1.0000909
p.fac1[31,1]     1.0001056  1.0001378
p.fac1[31,2]     1.0001699  1.0001914
p.fac1[31,3]     1.0001817  1.0008620
p.fac1[32,1]     1.0000503  1.0005790
p.fac1[32,2]     0.9999433  1.0001700
p.fac1[32,3]     1.0000386  1.0004701
p.fac1[33,1]     1.0006744  1.0009995
p.fac1[33,2]     1.0001728  1.0005537
p.fac1[33,3]     1.0002864  1.0008611
p.fac1[34,1]     1.0002635  1.0006882
p.fac1[34,2]     1.0002109  1.0005976
p.fac1[34,3]     1.0002487  1.0008039
p.fac1[35,1]     1.0003369  1.0012696
p.fac1[35,2]     1.0004200  1.0014448
p.fac1[35,3]     1.0017139  1.0017369
p.fac1[36,1]     1.0002911  1.0009877
p.fac1[36,2]     1.0002414  1.0010111
p.fac1[36,3]     1.0005640  1.0009525
p.fac1[37,1]     1.0001467  1.0009068
p.fac1[37,2]     1.0001029  1.0007488
p.fac1[37,3]     1.0006466  1.0010857
p.fac1[38,1]     1.0000212  1.0004970
p.fac1[38,2]     1.0000110  1.0004277
p.fac1[38,3]     1.0001138  1.0003749
p.fac1[39,1]     1.0004097  1.0013299
p.fac1[39,2]     1.0003685  1.0011278
p.fac1[39,3]     1.0007621  1.0015667
p.fac1[4,1]      1.0005476  1.0020335
p.fac1[4,2]      1.0006034  1.0020734
p.fac1[4,3]      1.0000588  1.0005635
p.fac1[40,1]     1.0000901  1.0005607
p.fac1[40,2]     1.0002787  1.0008183
p.fac1[40,3]     1.0001353  1.0003591
p.fac1[41,1]     1.0001811  1.0004401
p.fac1[41,2]     1.0003541  1.0008631
p.fac1[41,3]     1.0001598  1.0004142
p.fac1[42,1]     0.9999983  1.0001588
p.fac1[42,2]     0.9998443  0.9998568
p.fac1[42,3]     1.0004180  1.0013658
p.fac1[43,1]     1.0000825  1.0002931
p.fac1[43,2]     1.0002008  1.0004646
p.fac1[43,3]     0.9998884  1.0000074
p.fac1[44,1]     1.0001720  1.0002475
p.fac1[44,2]     1.0002311  1.0004080
p.fac1[44,3]     0.9999783  1.0001687
p.fac1[45,1]     1.0011005  1.0018046
p.fac1[45,2]     1.0012850  1.0022182
p.fac1[45,3]     1.0001438  1.0002777
p.fac1[46,1]     0.9998770  0.9999444
p.fac1[46,2]     0.9998810  0.9999188
p.fac1[46,3]     1.0000079  1.0004595
p.fac1[47,1]     0.9999707  1.0002215
p.fac1[47,2]     0.9999996  1.0003099
p.fac1[47,3]     0.9999366  1.0001430
p.fac1[48,1]     1.0001268  1.0007653
p.fac1[48,2]     1.0002147  1.0010104
p.fac1[48,3]     1.0001168  1.0001482
p.fac1[49,1]     1.0000706  1.0006858
p.fac1[49,2]     1.0001006  1.0007871
p.fac1[49,3]     1.0000480  1.0000602
p.fac1[5,1]      1.0001664  1.0007203
p.fac1[5,2]      1.0002929  1.0008902
p.fac1[5,3]      1.0006216  1.0011598
p.fac1[50,1]     1.0001164  1.0008722
p.fac1[50,2]     1.0001028  1.0008098
p.fac1[50,3]     1.0000162  1.0002579
p.fac1[51,1]     0.9999523  1.0002525
p.fac1[51,2]     0.9999169  1.0000007
p.fac1[51,3]     1.0003005  1.0011767
p.fac1[52,1]     1.0003889  1.0016841
p.fac1[52,2]     1.0001716  1.0010341
p.fac1[52,3]     1.0004206  1.0018163
p.fac1[53,1]     1.0000454  1.0002063
p.fac1[53,2]     1.0000054  1.0001152
p.fac1[53,3]     1.0003827  1.0006324
p.fac1[54,1]     0.9999761  1.0000036
p.fac1[54,2]     1.0000457  1.0001059
p.fac1[54,3]     0.9999334  1.0000585
p.fac1[55,1]     1.0004180  1.0005878
p.fac1[55,2]     1.0004847  1.0006107
p.fac1[55,3]     1.0000561  1.0005268
p.fac1[56,1]     1.0000087  1.0002045
p.fac1[56,2]     1.0000200  1.0002637
p.fac1[56,3]     0.9999860  1.0000128
p.fac1[57,1]     1.0001190  1.0007271
p.fac1[57,2]     1.0000249  1.0004089
p.fac1[57,3]     1.0003471  1.0016028
p.fac1[58,1]     1.0002247  1.0003406
p.fac1[58,2]     1.0001410  1.0003210
p.fac1[58,3]     1.0003074  1.0014731
p.fac1[59,1]     0.9998855  1.0000072
p.fac1[59,2]     0.9998912  1.0000365
p.fac1[59,3]     1.0003244  1.0010655
p.fac1[6,1]      1.0000648  1.0006196
p.fac1[6,2]      1.0000614  1.0005284
p.fac1[6,3]      0.9999867  1.0001791
p.fac1[60,1]     0.9999213  1.0000926
p.fac1[60,2]     0.9999213  1.0000868
p.fac1[60,3]     1.0003060  1.0008773
p.fac1[61,1]     1.0002542  1.0013513
p.fac1[61,2]     1.0002200  1.0011850
p.fac1[61,3]     1.0003984  1.0012932
p.fac1[62,1]     1.0001370  1.0007775
p.fac1[62,2]     1.0001677  1.0007423
p.fac1[62,3]     0.9999381  1.0002173
p.fac1[63,1]     1.0011599  1.0042358
p.fac1[63,2]     1.0010809  1.0038974
p.fac1[63,3]     1.0004718  1.0021065
p.fac1[64,1]     1.0000293  1.0004980
p.fac1[64,2]     1.0000184  1.0004776
p.fac1[64,3]     0.9999082  1.0000153
p.fac1[65,1]     0.9998669  0.9999068
p.fac1[65,2]     0.9998717  0.9999677
p.fac1[65,3]     1.0002203  1.0007468
p.fac1[66,1]     1.0000245  1.0002118
p.fac1[66,2]     1.0000004  1.0001556
p.fac1[66,3]     1.0000739  1.0004685
p.fac1[67,1]     1.0001290  1.0006003
p.fac1[67,2]     1.0000547  1.0005320
p.fac1[67,3]     0.9999820  1.0000872
p.fac1[68,1]     0.9999738  1.0002438
p.fac1[68,2]     1.0000615  1.0006226
p.fac1[68,3]     1.0001462  1.0008382
p.fac1[69,1]     1.0008654  1.0034740
p.fac1[69,2]     1.0009022  1.0036709
p.fac1[69,3]     1.0002429  1.0004434
p.fac1[7,1]      1.0004432  1.0017808
p.fac1[7,2]      1.0005772  1.0024321
p.fac1[7,3]      1.0000927  1.0006925
p.fac1[70,1]     1.0004919  1.0007498
p.fac1[70,2]     1.0005320  1.0010375
p.fac1[70,3]     1.0004866  1.0007164
p.fac1[71,1]     0.9999163  1.0000764
p.fac1[71,2]     1.0000151  1.0004803
p.fac1[71,3]     1.0001605  1.0009175
p.fac1[72,1]     0.9999171  1.0001192
p.fac1[72,2]     0.9999874  1.0002887
p.fac1[72,3]     0.9999716  0.9999981
p.fac1[73,1]     1.0002427  1.0008918
p.fac1[73,2]     1.0002022  1.0008796
p.fac1[73,3]     1.0001950  1.0008427
p.fac1[74,1]     1.0000433  1.0003657
p.fac1[74,2]     1.0001324  1.0008587
p.fac1[74,3]     1.0001482  1.0005970
p.fac1[75,1]     1.0004683  1.0014938
p.fac1[75,2]     1.0004918  1.0012712
p.fac1[75,3]     1.0003656  1.0014339
p.fac1[76,1]     1.0002784  1.0007141
p.fac1[76,2]     1.0000331  1.0003945
p.fac1[76,3]     1.0003735  1.0010246
p.fac1[77,1]     0.9999506  1.0002622
p.fac1[77,2]     0.9999967  1.0004157
p.fac1[77,3]     0.9998604  0.9999256
p.fac1[78,1]     1.0000886  1.0005506
p.fac1[78,2]     1.0000341  1.0003693
p.fac1[78,3]     1.0001857  1.0008470
p.fac1[79,1]     1.0000899  1.0006039
p.fac1[79,2]     1.0001096  1.0005204
p.fac1[79,3]     1.0004218  1.0008872
p.fac1[8,1]      1.0000729  1.0003545
p.fac1[8,2]      1.0000296  1.0002842
p.fac1[8,3]      0.9999721  1.0000519
p.fac1[80,1]     0.9998575  0.9998861
p.fac1[80,2]     0.9998711  0.9999003
p.fac1[80,3]     1.0000629  1.0002705
p.fac1[81,1]     1.0000303  1.0000797
p.fac1[81,2]     1.0000375  1.0001560
p.fac1[81,3]     1.0016899  1.0027773
p.fac1[82,1]     1.0001970  1.0004750
p.fac1[82,2]     1.0002765  1.0006806
p.fac1[82,3]     1.0007787  1.0024023
p.fac1[83,1]     1.0006494  1.0026813
p.fac1[83,2]     1.0003331  1.0015742
p.fac1[83,3]     1.0006701  1.0028620
p.fac1[84,1]     1.0002946  1.0014884
p.fac1[84,2]     1.0004340  1.0019831
p.fac1[84,3]     0.9999275  0.9999598
p.fac1[85,1]     0.9998512  0.9998771
p.fac1[85,2]     0.9998430  0.9998497
p.fac1[85,3]     1.0003592  1.0006341
p.fac1[86,1]     0.9999398  1.0000560
p.fac1[86,2]     0.9999312  1.0000293
p.fac1[86,3]     1.0000320  1.0003493
p.fac1[87,1]     1.0000691  1.0007008
p.fac1[87,2]     1.0000794  1.0007386
p.fac1[87,3]     1.0001601  1.0005801
p.fac1[88,1]     1.0000714  1.0001869
p.fac1[88,2]     0.9999603  1.0000058
p.fac1[88,3]     1.0003532  1.0015945
p.fac1[89,1]     0.9999330  1.0000905
p.fac1[89,2]     0.9999078  0.9999970
p.fac1[89,3]     1.0000692  1.0003557
p.fac1[9,1]      1.0002513  1.0005580
p.fac1[9,2]      1.0004136  1.0008844
p.fac1[9,3]      1.0005317  1.0023546
p.fac1[90,1]     1.0005458  1.0005605
p.fac1[90,2]     1.0002496  1.0004470
p.fac1[90,3]     1.0000980  1.0006087
p.fac1[91,1]     1.0002249  1.0006459
p.fac1[91,2]     1.0002112  1.0006950
p.fac1[91,3]     1.0003343  1.0012273
p.fac1[92,1]     0.9999506  1.0002126
p.fac1[92,2]     0.9999509  1.0002324
p.fac1[92,3]     0.9999570  1.0000469
p.fac1[93,1]     1.0002908  1.0006812
p.fac1[93,2]     1.0002718  1.0006960
p.fac1[93,3]     1.0000000  1.0003227
p.fac1[94,1]     1.0005140  1.0023110
p.fac1[94,2]     1.0004539  1.0018945
p.fac1[94,3]     1.0000101  1.0003791
p.fac1[95,1]     1.0001328  1.0008733
p.fac1[95,2]     1.0002625  1.0007617
p.fac1[95,3]     1.0003375  1.0015856
p.fac1[96,1]     1.0003555  1.0015941
p.fac1[96,2]     1.0002550  1.0011290
p.fac1[96,3]     1.0002723  1.0011745
p.fac1[97,1]     0.9998476  0.9998607
p.fac1[97,2]     0.9999142  1.0001007
p.fac1[97,3]     1.0002050  1.0009776
p.fac1[98,1]     1.0002870  1.0008067
p.fac1[98,2]     1.0001283  1.0006014
p.fac1[98,3]     1.0001492  1.0003111
p.fac1[99,1]     1.0002300  1.0009801
p.fac1[99,2]     1.0005271  1.0016825
p.fac1[99,3]     0.9999629  0.9999637
p.global[1]      0.9999483  1.0001446
p.global[2]      0.9999896  1.0001556
p.global[3]      0.9998689  0.9999478

################################################################################
# Geweke Diagnostic
################################################################################

The Geweke diagnostic is a standard z-score, so we'd expect 5% to be outside +/-1.96
Number of variables outside +/-1.96 in each chain (out of 
622
):


       Chain 1 Chain 2 Chain 3
Geweke      36      23      45


And here are the Geweke diagnostics for all variables:

                chain1 chain2 chain3
deviance         0.153  0.451  0.163
ilr.fac1[10,1]   0.981 -0.697  0.556
ilr.fac1[10,2]   1.078 -1.065 -0.068
ilr.fac1[100,1] -0.149  0.622  0.037
ilr.fac1[100,2] -0.018 -0.474 -0.663
ilr.fac1[101,1]  1.008  0.402 -0.866
ilr.fac1[101,2] -0.700 -0.485  0.498
ilr.fac1[102,1] -0.775 -0.511 -0.640
ilr.fac1[102,2] -0.439  0.098 -0.173
ilr.fac1[103,1]  1.683  0.193  0.419
ilr.fac1[103,2]  0.505 -0.243  0.326
ilr.fac1[11,1]   0.749  0.043 -0.105
ilr.fac1[11,2]  -0.157 -1.268 -0.689
ilr.fac1[12,1]  -0.267 -0.338 -0.670
ilr.fac1[12,2]  -0.941  0.907  0.458
ilr.fac1[13,1]   0.018 -0.239  1.124
ilr.fac1[13,2]  -0.208 -0.087  1.503
ilr.fac1[14,1]  -0.350  0.619 -1.743
ilr.fac1[14,2]   1.241  0.939 -1.446
ilr.fac1[15,1]   1.062  0.642  0.358
ilr.fac1[15,2]   0.757  0.661  0.519
ilr.fac1[16,1]  -0.024  0.975 -0.991
ilr.fac1[16,2]  -0.697 -0.196  0.231
ilr.fac1[17,1]  -0.235 -0.776  0.760
ilr.fac1[17,2]  -0.003 -0.074  0.259
ilr.fac1[18,1]   0.304 -1.496  0.464
ilr.fac1[18,2]  -0.936  0.733 -0.623
ilr.fac1[19,1]   0.587  1.337  0.181
ilr.fac1[19,2]   0.869  0.757  1.266
ilr.fac1[2,1]   -0.473  0.774 -1.382
ilr.fac1[2,2]    0.080  1.316 -1.365
ilr.fac1[20,1]   0.462 -0.673 -0.949
ilr.fac1[20,2]   1.119 -1.609 -0.706
ilr.fac1[21,1]  -0.760  1.652 -0.087
ilr.fac1[21,2]   1.186 -0.747  0.336
ilr.fac1[22,1]   0.877  0.048 -0.365
ilr.fac1[22,2]  -1.532 -0.210 -1.114
ilr.fac1[23,1]  -0.168  0.684 -0.083
ilr.fac1[23,2]  -0.042 -1.616 -0.296
ilr.fac1[24,1]   0.875 -1.240 -0.779
ilr.fac1[24,2]   0.586  0.443  0.310
ilr.fac1[25,1]   1.854  0.808 -1.424
ilr.fac1[25,2]   1.129 -0.284  0.318
ilr.fac1[26,1]  -0.105  2.670  0.691
ilr.fac1[26,2]   0.034  0.578  0.923
ilr.fac1[27,1]  -1.073  0.008 -0.970
ilr.fac1[27,2]  -0.975 -0.198  0.757
ilr.fac1[28,1]  -0.167  1.550  0.625
ilr.fac1[28,2]  -0.222 -1.456  0.321
ilr.fac1[29,1]  -0.177  0.136 -0.705
ilr.fac1[29,2]  -0.725  0.399 -1.473
ilr.fac1[3,1]   -0.490  0.217 -1.583
ilr.fac1[3,2]   -0.943  0.058 -0.085
ilr.fac1[30,1]  -1.452  0.460  0.685
ilr.fac1[30,2]   0.712  1.534 -0.914
ilr.fac1[31,1]  -1.078 -0.564 -0.682
ilr.fac1[31,2]   0.137  0.405  1.153
ilr.fac1[32,1]   1.355 -0.926  0.599
ilr.fac1[32,2]  -0.768 -0.895 -0.407
ilr.fac1[33,1]   0.163 -1.049  0.025
ilr.fac1[33,2]  -1.253  1.545  0.907
ilr.fac1[34,1]  -1.234  0.659  1.226
ilr.fac1[34,2]   0.236 -0.522 -1.048
ilr.fac1[35,1]   0.651 -0.773  1.310
ilr.fac1[35,2]   0.256  0.408  0.652
ilr.fac1[36,1]   0.221  1.641  0.802
ilr.fac1[36,2]   1.339  1.397  0.323
ilr.fac1[37,1]   0.065  0.235 -0.723
ilr.fac1[37,2]  -0.371  0.192 -1.445
ilr.fac1[38,1]  -0.301  1.059 -0.653
ilr.fac1[38,2]  -1.517 -0.428  0.420
ilr.fac1[39,1]  -0.116 -1.236 -0.927
ilr.fac1[39,2]   1.318 -2.271  0.893
ilr.fac1[4,1]    0.922  0.616 -0.062
ilr.fac1[4,2]   -1.585  1.832 -1.347
ilr.fac1[40,1]  -0.208 -0.797  0.375
ilr.fac1[40,2]  -0.387  1.590  2.088
ilr.fac1[41,1]   2.634  0.851 -0.620
ilr.fac1[41,2]  -0.814 -0.266  2.124
ilr.fac1[42,1]  -0.537  1.041  0.923
ilr.fac1[42,2]   0.123  0.903 -1.417
ilr.fac1[43,1]   0.496 -1.165  1.735
ilr.fac1[43,2]   1.137 -0.188  1.712
ilr.fac1[44,1]   0.721  0.721  1.031
ilr.fac1[44,2]  -1.754  0.535 -1.632
ilr.fac1[45,1]   1.680  1.229  1.128
ilr.fac1[45,2]   0.090 -2.921  1.244
ilr.fac1[46,1]  -0.408  1.472  0.676
ilr.fac1[46,2]  -0.429 -0.122  0.205
ilr.fac1[47,1]  -0.974  0.619 -1.103
ilr.fac1[47,2]  -0.341 -2.831 -0.459
ilr.fac1[48,1]  -0.409 -0.192 -0.057
ilr.fac1[48,2]  -1.989 -0.711  0.108
ilr.fac1[49,1]  -1.171  0.667 -1.189
ilr.fac1[49,2]  -2.028 -0.356  1.238
ilr.fac1[5,1]   -0.448 -0.215 -0.397
ilr.fac1[5,2]    0.141  0.944  0.822
ilr.fac1[50,1]  -0.510 -1.365  0.550
ilr.fac1[50,2]  -2.049  0.207  0.281
ilr.fac1[51,1]   0.785  1.416 -1.387
ilr.fac1[51,2]   0.912  0.272  1.549
ilr.fac1[52,1]  -1.044 -0.301 -1.872
ilr.fac1[52,2]   1.182  1.023  1.171
ilr.fac1[53,1]  -1.374 -0.121  0.083
ilr.fac1[53,2]   0.967 -0.337  0.063
ilr.fac1[54,1]   2.166  1.084  0.479
ilr.fac1[54,2]   1.034  1.427 -1.051
ilr.fac1[55,1]  -0.301  0.128  0.285
ilr.fac1[55,2]   1.214 -0.295  3.332
ilr.fac1[56,1]   1.662  0.302 -1.839
ilr.fac1[56,2]  -0.420  0.627  0.035
ilr.fac1[57,1]  -1.748  1.274  0.324
ilr.fac1[57,2]   1.422  0.898  0.022
ilr.fac1[58,1]  -0.004  0.389 -0.514
ilr.fac1[58,2]  -1.395  1.298  0.437
ilr.fac1[59,1]  -0.759 -0.578  1.090
ilr.fac1[59,2]  -0.136 -0.281  0.350
ilr.fac1[6,1]    0.304 -0.457 -0.470
ilr.fac1[6,2]    1.298  0.386  1.558
ilr.fac1[60,1]   2.418  1.118  0.540
ilr.fac1[60,2]   1.457  0.028  1.705
ilr.fac1[61,1]   0.752  0.817  0.302
ilr.fac1[61,2]   2.204 -0.054  0.324
ilr.fac1[62,1]  -0.554 -1.650 -0.368
ilr.fac1[62,2]  -0.288  1.182 -1.135
ilr.fac1[63,1]   0.921 -1.209 -0.122
ilr.fac1[63,2]  -0.065 -0.309  0.333
ilr.fac1[64,1]   0.501 -1.435 -0.344
ilr.fac1[64,2]  -0.744 -0.876 -1.247
ilr.fac1[65,1]  -0.361  0.691 -2.639
ilr.fac1[65,2]   0.151  1.681  0.330
ilr.fac1[66,1]  -0.020  1.412  1.619
ilr.fac1[66,2]  -1.096 -0.100  1.749
ilr.fac1[67,1]  -0.036  1.434  0.463
ilr.fac1[67,2]  -0.007 -0.744  0.082
ilr.fac1[68,1]  -0.044  0.028  1.037
ilr.fac1[68,2]  -0.549 -1.345 -0.812
ilr.fac1[69,1]  -1.077 -0.219 -0.673
ilr.fac1[69,2]  -0.430  0.290 -0.088
ilr.fac1[7,1]    2.267 -1.510  0.130
ilr.fac1[7,2]   -0.099  0.112 -1.200
ilr.fac1[70,1]   1.861  0.567  0.111
ilr.fac1[70,2]  -1.329 -1.148  1.057
ilr.fac1[71,1]   0.819 -0.355  0.785
ilr.fac1[71,2]   0.278 -0.258  0.176
ilr.fac1[72,1]  -0.115  0.634 -0.758
ilr.fac1[72,2]   0.936 -0.128 -2.580
ilr.fac1[73,1]  -1.921 -1.276 -0.189
ilr.fac1[73,2]   0.254 -0.350 -0.870
ilr.fac1[74,1]  -2.167  0.543  0.550
ilr.fac1[74,2]  -0.709 -1.147 -0.641
ilr.fac1[75,1]   0.583  0.262  0.198
ilr.fac1[75,2]   0.759 -1.568  0.420
ilr.fac1[76,1]  -0.952  0.490 -0.305
ilr.fac1[76,2]   0.214 -1.370  0.741
ilr.fac1[77,1]   0.150  1.655  1.597
ilr.fac1[77,2]  -0.267 -1.219  0.350
ilr.fac1[78,1]  -0.459 -0.793 -1.697
ilr.fac1[78,2]   0.177 -2.277  0.281
ilr.fac1[79,1]   1.510  0.991  0.304
ilr.fac1[79,2]  -1.025 -1.215  0.656
ilr.fac1[8,1]    0.972  0.075  1.037
ilr.fac1[8,2]   -1.367  0.081  0.877
ilr.fac1[80,1]  -0.816  1.416 -0.308
ilr.fac1[80,2]   0.605  0.326 -2.190
ilr.fac1[81,1]   0.030 -1.573 -0.268
ilr.fac1[81,2]   0.718 -0.905  0.752
ilr.fac1[82,1]  -0.256 -1.372  0.362
ilr.fac1[82,2]   1.783 -0.708  1.494
ilr.fac1[83,1]   0.701 -0.373 -1.582
ilr.fac1[83,2]  -0.723  1.467 -0.300
ilr.fac1[84,1]   0.482 -2.300 -0.270
ilr.fac1[84,2]   0.504  0.686 -1.333
ilr.fac1[85,1]  -0.035  1.422  0.937
ilr.fac1[85,2]  -1.348 -0.398  0.167
ilr.fac1[86,1]   1.128  0.566  0.877
ilr.fac1[86,2]  -0.543 -0.006  0.842
ilr.fac1[87,1]  -1.780 -1.762  2.499
ilr.fac1[87,2]  -1.129  0.519  1.569
ilr.fac1[88,1]   1.193 -0.783  0.858
ilr.fac1[88,2]  -0.306  0.135  0.068
ilr.fac1[89,1]  -0.402 -0.543 -0.606
ilr.fac1[89,2]  -0.589  0.515  1.085
ilr.fac1[9,1]   -1.440 -0.162  1.377
ilr.fac1[9,2]   -1.202  1.020 -0.856
ilr.fac1[90,1]  -0.364 -0.296  1.807
ilr.fac1[90,2]   1.285  1.644  0.091
ilr.fac1[91,1]  -0.229 -1.689  0.228
ilr.fac1[91,2]   0.375 -0.541  0.131
ilr.fac1[92,1]   1.072  0.289 -0.756
ilr.fac1[92,2]   0.844  0.053  0.079
ilr.fac1[93,1]  -0.354 -0.070  1.682
ilr.fac1[93,2]  -0.994  0.526 -0.825
ilr.fac1[94,1]   0.337 -0.988  1.476
ilr.fac1[94,2]  -1.289 -1.268  0.699
ilr.fac1[95,1]  -0.183  1.041 -0.784
ilr.fac1[95,2]   0.585 -0.603 -0.125
ilr.fac1[96,1]  -0.150  0.716  0.326
ilr.fac1[96,2]   0.098  0.811 -0.935
ilr.fac1[97,1]  -0.484  0.236 -0.466
ilr.fac1[97,2]   1.611  0.137 -1.697
ilr.fac1[98,1]  -1.235 -0.748 -1.082
ilr.fac1[98,2]  -0.171 -0.627 -0.057
ilr.fac1[99,1]   0.855  0.456  1.395
ilr.fac1[99,2]  -1.249 -1.151 -0.369
loglik[1]       -0.524 -0.699 -0.087
loglik[10]       1.710  0.521  0.492
loglik[100]     -1.040 -1.295 -0.703
loglik[101]     -0.376 -2.263 -1.071
loglik[102]     -0.447  0.468 -1.214
loglik[103]     -2.709  0.128  0.488
loglik[11]       0.878  0.175  0.078
loglik[12]      -0.045  2.663  1.686
loglik[13]       0.187  0.711 -1.691
loglik[14]      -1.660 -0.936  0.595
loglik[15]       2.350  0.577  2.087
loglik[16]       0.152 -1.006  1.095
loglik[17]      -1.306  0.358  1.331
loglik[18]       1.075  0.891 -0.223
loglik[19]      -0.062 -0.262 -0.088
loglik[2]       -0.653 -1.444  0.504
loglik[20]      -1.178  1.521  0.439
loglik[21]       0.695  0.767  1.512
loglik[22]       2.147 -0.595  2.786
loglik[23]      -1.495 -0.400 -0.227
loglik[24]      -0.385 -2.100 -0.917
loglik[25]       0.439 -0.140 -0.875
loglik[26]      -0.403 -1.815  0.859
loglik[27]      -1.709  0.586 -0.059
loglik[28]      -0.408 -1.925  0.857
loglik[29]       0.175  0.480 -0.626
loglik[3]        1.693  0.083  0.903
loglik[30]      -0.085 -0.126 -1.139
loglik[31]      -0.781  2.782 -0.657
loglik[32]       1.412 -0.889  0.384
loglik[33]       1.071 -1.506  0.416
loglik[34]      -0.435 -0.890 -1.433
loglik[35]       0.276 -0.025  0.001
loglik[36]      -0.360 -0.577 -0.218
loglik[37]      -0.264 -1.206 -0.050
loglik[38]      -0.771 -0.064  0.585
loglik[39]      -0.789  0.154  1.277
loglik[4]       -0.320  1.070  0.683
loglik[40]       1.337  0.045  0.952
loglik[41]      -0.645 -1.261 -0.277
loglik[42]       1.270  0.801 -0.425
loglik[43]       0.205 -0.071  1.439
loglik[44]      -0.837 -1.028 -0.551
loglik[45]      -2.029 -0.615  0.665
loglik[46]       0.825  0.481  0.169
loglik[47]      -0.336  1.547 -0.570
loglik[48]       1.208  0.169 -0.684
loglik[49]       1.520  0.277  0.350
loglik[5]        0.514 -0.367 -0.552
loglik[50]       0.261  0.394 -0.017
loglik[51]      -2.028  0.830  1.721
loglik[52]       0.583 -0.058  0.181
loglik[53]       1.219 -0.461 -1.879
loglik[54]       0.674 -1.528  1.847
loglik[55]       0.421  0.602 -0.878
loglik[56]       1.005  0.743 -0.854
loglik[57]      -0.507 -0.565  0.794
loglik[58]      -0.804  0.431 -0.995
loglik[59]       0.699  0.554  1.617
loglik[6]       -1.125  1.606 -0.784
loglik[60]      -0.715  0.800  0.790
loglik[61]      -0.748  0.703 -1.311
loglik[62]       0.371 -1.616  0.652
loglik[63]       1.080 -0.118 -0.413
loglik[64]      -1.245  0.994 -1.437
loglik[65]      -0.820 -0.796 -0.213
loglik[66]       0.460 -1.536  2.337
loglik[67]      -0.691  0.884  1.420
loglik[68]       0.365  2.325  1.332
loglik[69]      -0.485 -0.831 -0.449
loglik[7]        0.674 -0.390  1.359
loglik[70]       0.484  0.524  0.696
loglik[71]       0.142 -1.237 -0.761
loglik[72]       0.223 -1.072  0.221
loglik[73]       1.126  0.745 -0.514
loglik[74]       2.512  3.287 -0.885
loglik[75]       0.224 -1.070  0.562
loglik[76]       0.401  0.506  1.231
loglik[77]       0.121  0.378  0.069
loglik[78]       1.337 -0.790 -0.166
loglik[79]      -0.455  1.343 -1.091
loglik[8]       -0.609 -1.183 -0.820
loglik[80]      -0.315 -0.190  0.378
loglik[81]      -0.437 -0.947 -0.208
loglik[82]       0.274 -0.137  0.813
loglik[83]       0.153  1.145 -0.666
loglik[84]       0.888 -0.380  0.366
loglik[85]       1.968 -0.064 -0.091
loglik[86]      -0.995 -0.786 -1.245
loglik[87]      -1.157  0.483 -0.644
loglik[88]      -0.267  1.575 -0.636
loglik[89]      -0.766  0.228 -0.652
loglik[9]        1.395 -0.467 -0.455
loglik[90]      -0.372  0.710 -1.255
loglik[91]       0.362 -0.077 -1.902
loglik[92]      -0.100 -0.200  0.047
loglik[93]      -0.681  0.361 -0.712
loglik[94]      -0.044 -0.129 -2.278
loglik[95]      -0.516  0.252 -2.430
loglik[96]      -1.137 -1.300 -1.203
loglik[97]       1.075 -0.041  0.974
loglik[98]      -0.113 -1.319  0.728
loglik[99]       0.626 -0.859 -0.732
p.fac1[1,1]      0.025  1.389  2.057
p.fac1[1,2]      0.133 -1.682 -2.165
p.fac1[1,3]     -0.379  0.115 -0.669
p.fac1[10,1]     0.339 -0.088  1.095
p.fac1[10,2]    -0.310 -0.175 -1.233
p.fac1[10,3]    -0.103  1.141  0.657
p.fac1[100,1]   -0.242  0.527  0.665
p.fac1[100,2]    0.797 -1.586 -0.960
p.fac1[100,3]   -0.590  1.039  0.102
p.fac1[101,1]    1.076  0.402 -0.315
p.fac1[101,2]   -1.308 -1.012  0.628
p.fac1[101,3]   -0.035  0.661 -0.360
p.fac1[102,1]   -1.044  0.202  0.302
p.fac1[102,2]    0.505  0.113  0.196
p.fac1[102,3]    0.622 -0.279 -0.477
p.fac1[103,1]    1.552  0.287  0.649
p.fac1[103,2]   -1.455 -0.386 -0.695
p.fac1[103,3]   -0.486  0.081 -0.062
p.fac1[11,1]     1.134 -0.029  0.395
p.fac1[11,2]    -1.437 -0.343 -0.497
p.fac1[11,3]    -0.096  1.161  0.059
p.fac1[12,1]    -0.141  0.646  0.419
p.fac1[12,2]     0.088 -0.409 -0.299
p.fac1[12,3]     0.283 -1.336 -0.879
p.fac1[13,1]    -0.035  0.160  1.973
p.fac1[13,2]     0.002 -0.365 -1.823
p.fac1[13,3]     0.139  0.775 -1.334
p.fac1[14,1]    -0.363  0.848 -1.374
p.fac1[14,2]     0.874 -0.893  1.081
p.fac1[14,3]    -2.188  0.112  1.019
p.fac1[15,1]     1.040  1.289  1.159
p.fac1[15,2]    -0.711 -1.062 -1.093
p.fac1[15,3]    -1.674 -1.419 -0.758
p.fac1[16,1]     0.186  1.427 -0.359
p.fac1[16,2]    -0.378 -1.442  0.393
p.fac1[16,3]     0.627 -0.446 -0.010
p.fac1[17,1]    -0.070 -0.176  1.284
p.fac1[17,2]     0.044  0.199 -1.225
p.fac1[17,3]     0.115 -0.070 -0.580
p.fac1[18,1]     0.514 -0.587  1.351
p.fac1[18,2]    -0.786  0.664 -1.659
p.fac1[18,3]     0.570  0.043  0.312
p.fac1[19,1]     0.681  1.688  0.806
p.fac1[19,2]    -0.415 -1.613 -0.592
p.fac1[19,3]    -1.298 -0.805 -1.254
p.fac1[2,1]     -0.140  1.535 -0.623
p.fac1[2,2]      0.350 -1.304  0.136
p.fac1[2,3]     -0.675 -0.780  1.621
p.fac1[20,1]     0.916 -0.105 -0.344
p.fac1[20,2]    -0.451 -0.250 -0.002
p.fac1[20,3]    -1.017  1.012  0.834
p.fac1[21,1]    -0.656  1.581  0.533
p.fac1[21,2]     0.891 -1.870 -0.637
p.fac1[21,3]    -1.015  0.971  0.321
p.fac1[22,1]     1.014  0.318  0.385
p.fac1[22,2]    -1.094 -0.350 -0.662
p.fac1[22,3]    -0.144 -0.111  0.743
p.fac1[23,1]     0.023  0.226 -0.233
p.fac1[23,2]    -0.157 -0.726  0.446
p.fac1[23,3]     0.139  0.432 -0.165
p.fac1[24,1]     1.052 -0.684 -0.066
p.fac1[24,2]    -0.989  0.647  0.145
p.fac1[24,3]    -0.757  0.602 -0.064
p.fac1[25,1]     2.593  0.933 -0.904
p.fac1[25,2]    -2.446 -1.197  0.859
p.fac1[25,3]    -1.902  0.100  0.723
p.fac1[26,1]    -0.311  3.187  1.933
p.fac1[26,2]     0.279 -3.143 -1.762
p.fac1[26,3]     0.277 -1.048 -1.490
p.fac1[27,1]    -1.230  0.863  0.227
p.fac1[27,2]     1.143 -0.926 -0.193
p.fac1[27,3]     2.028 -0.053 -0.339
p.fac1[28,1]     0.166  1.866  2.037
p.fac1[28,2]    -0.266 -2.057 -1.966
p.fac1[28,3]     0.578  1.205 -0.977
p.fac1[29,1]     0.134  0.828 -0.008
p.fac1[29,2]    -0.174 -0.620 -0.267
p.fac1[29,3]     0.105 -1.112  0.975
p.fac1[3,1]     -0.571  0.658 -0.593
p.fac1[3,2]      0.507 -0.726  0.638
p.fac1[3,3]      0.511 -0.145 -0.039
p.fac1[30,1]    -1.320  0.621  1.125
p.fac1[30,2]     1.473 -0.476 -1.212
p.fac1[30,3]    -0.838 -1.253  0.282
p.fac1[31,1]    -0.724  0.016  0.371
p.fac1[31,2]     0.568 -0.226 -0.097
p.fac1[31,3]     0.798  0.563 -0.869
p.fac1[32,1]     1.069 -0.586  1.012
p.fac1[32,2]    -1.341  0.720 -0.893
p.fac1[32,3]     0.141  0.040 -0.534
p.fac1[33,1]    -0.394  0.612  0.785
p.fac1[33,2]    -0.401  1.391 -0.432
p.fac1[33,3]     0.611 -1.409 -0.362
p.fac1[34,1]    -1.162  0.860  1.803
p.fac1[34,2]     1.246 -0.922 -1.892
p.fac1[34,3]    -0.499  0.339  0.412
p.fac1[35,1]     0.191 -0.059  2.132
p.fac1[35,2]    -0.158  0.041 -2.096
p.fac1[35,3]    -0.292  0.169 -0.900
p.fac1[36,1]     0.332  2.468  1.569
p.fac1[36,2]    -0.108 -2.279 -1.525
p.fac1[36,3]    -1.202 -2.107 -0.505
p.fac1[37,1]    -0.013  0.648 -0.360
p.fac1[37,2]    -0.008 -0.745 -0.062
p.fac1[37,3]     0.070  0.017  1.471
p.fac1[38,1]    -0.959  1.468 -0.006
p.fac1[38,2]     0.701 -1.583  0.088
p.fac1[38,3]     1.289  0.331 -0.539
p.fac1[39,1]     0.127 -0.990  0.441
p.fac1[39,2]     0.248  0.517 -0.025
p.fac1[39,3]    -0.515  1.071 -0.756
p.fac1[4,1]      0.894  1.328  0.732
p.fac1[4,2]     -1.304 -0.890 -1.049
p.fac1[4,3]      1.825 -1.747  1.470
p.fac1[40,1]    -0.274  0.122  2.065
p.fac1[40,2]     0.027  0.087 -1.821
p.fac1[40,3]     0.780 -0.847 -1.569
p.fac1[41,1]     2.291  1.597  0.453
p.fac1[41,2]    -2.704 -1.644  0.109
p.fac1[41,3]    -0.084 -0.471 -2.017
p.fac1[42,1]    -0.498  1.062  1.459
p.fac1[42,2]     0.533 -0.756 -1.675
p.fac1[42,3]     0.137 -1.322 -0.160
p.fac1[43,1]     0.568 -0.677  3.425
p.fac1[43,2]    -0.061  0.400 -3.151
p.fac1[43,3]    -1.619  1.031 -2.439
p.fac1[44,1]     0.643  1.622  1.238
p.fac1[44,2]    -1.267 -1.610 -1.642
p.fac1[44,3]     1.335 -0.771  0.665
p.fac1[45,1]     1.974  0.765  1.865
p.fac1[45,2]    -1.714 -1.280 -1.619
p.fac1[45,3]    -1.482  0.811 -1.676
p.fac1[46,1]    -0.587  1.610  1.521
p.fac1[46,2]     0.836 -1.716 -1.213
p.fac1[46,3]    -0.389 -0.565 -1.233
p.fac1[47,1]    -1.141  0.387 -0.523
p.fac1[47,2]     0.822 -0.674 -0.026
p.fac1[47,3]     0.974  0.691  1.398
p.fac1[48,1]    -0.745  0.097  0.492
p.fac1[48,2]     0.530 -0.358 -0.585
p.fac1[48,3]     1.377  0.891  0.043
p.fac1[49,1]    -1.408  1.272  0.031
p.fac1[49,2]     1.342 -1.192  0.049
p.fac1[49,3]     0.879 -0.502 -0.409
p.fac1[5,1]     -0.373  0.475  0.711
p.fac1[5,2]      0.519 -0.543 -0.401
p.fac1[5,3]     -0.199  0.026 -0.886
p.fac1[50,1]    -0.420 -0.885  0.922
p.fac1[50,2]    -0.040  0.769 -0.822
p.fac1[50,3]     2.118  0.753 -0.332
p.fac1[51,1]     1.422  1.606 -0.221
p.fac1[51,2]    -1.252 -1.638  0.293
p.fac1[51,3]    -0.933 -0.845 -0.023
p.fac1[52,1]    -0.384  0.486 -0.482
p.fac1[52,2]     0.601 -0.399  0.457
p.fac1[52,3]    -0.395 -0.502  0.289
p.fac1[53,1]    -1.111  0.429  0.576
p.fac1[53,2]     0.979 -0.645 -0.446
p.fac1[53,3]    -0.346  0.607 -1.095
p.fac1[54,1]     2.621  1.949  0.117
p.fac1[54,2]    -2.349 -1.649 -0.126
p.fac1[54,3]    -2.097 -1.885  0.002
p.fac1[55,1]    -0.176  0.677  1.115
p.fac1[55,2]     0.448 -0.747 -0.828
p.fac1[55,3]    -2.099  0.311 -2.952
p.fac1[56,1]     1.274  0.646 -0.757
p.fac1[56,2]    -1.194 -0.437  0.852
p.fac1[56,3]    -0.997 -1.427 -0.401
p.fac1[57,1]    -1.658  1.620  1.262
p.fac1[57,2]     2.005 -1.512 -1.456
p.fac1[57,3]    -1.241 -0.907  0.583
p.fac1[58,1]    -0.231  1.158  0.697
p.fac1[58,2]     0.039 -0.999 -0.634
p.fac1[58,3]     0.990 -1.302 -0.568
p.fac1[59,1]    -0.626  0.086  1.141
p.fac1[59,2]     0.639 -0.095 -1.156
p.fac1[59,3]    -0.152  0.086  0.163
p.fac1[6,1]      0.485  0.143  0.327
p.fac1[6,2]     -0.305 -0.106 -0.086
p.fac1[6,3]     -0.895 -0.242 -1.157
p.fac1[60,1]     2.236  1.612  1.534
p.fac1[60,2]    -2.017 -1.553 -1.167
p.fac1[60,3]    -1.532 -0.724 -2.396
p.fac1[61,1]     0.329  1.070  0.600
p.fac1[61,2]    -0.048 -1.104 -0.572
p.fac1[61,3]    -2.036 -0.115 -0.303
p.fac1[62,1]    -0.454 -0.894  0.122
p.fac1[62,2]     0.502  0.932 -0.240
p.fac1[62,3]    -0.011  0.252  0.357
p.fac1[63,1]     1.039 -0.870  0.842
p.fac1[63,2]    -0.964  0.584 -0.746
p.fac1[63,3]    -0.720  1.137 -0.741
p.fac1[64,1]     0.581 -0.889  0.406
p.fac1[64,2]    -0.719  0.831 -0.541
p.fac1[64,3]     0.622  0.514  0.632
p.fac1[65,1]    -0.318  1.252 -1.844
p.fac1[65,2]     0.490 -1.162  1.888
p.fac1[65,3]    -0.401 -1.265  0.367
p.fac1[66,1]    -0.140  1.845  1.956
p.fac1[66,2]    -0.012 -1.870 -1.504
p.fac1[66,3]     0.734 -0.323 -2.958
p.fac1[67,1]     0.206  1.606  0.838
p.fac1[67,2]    -0.303 -1.960 -1.099
p.fac1[67,3]     0.252  0.369 -0.263
p.fac1[68,1]    -0.125  0.330  1.645
p.fac1[68,2]     0.021 -0.758 -2.000
p.fac1[68,3]     0.442  1.225  0.597
p.fac1[69,1]    -1.087  0.047 -0.106
p.fac1[69,2]     1.017 -0.100 -0.004
p.fac1[69,3]     0.590  0.229  0.567
p.fac1[7,1]      1.983 -0.782  0.619
p.fac1[7,2]     -1.974  0.813 -1.013
p.fac1[7,3]      0.263 -0.031  1.434
p.fac1[70,1]     1.729  0.592  0.724
p.fac1[70,2]    -2.134 -0.879 -0.375
p.fac1[70,3]     0.170  0.409 -1.323
p.fac1[71,1]     0.981 -0.318  1.457
p.fac1[71,2]    -0.360  0.199 -1.027
p.fac1[71,3]    -0.751  0.230 -0.697
p.fac1[72,1]    -0.051  0.693 -0.633
p.fac1[72,2]     0.379 -0.917  0.037
p.fac1[72,3]    -1.124  0.365  2.312
p.fac1[73,1]    -1.568 -0.910  0.809
p.fac1[73,2]     1.686  0.801 -1.013
p.fac1[73,3]    -0.530  0.673  1.100
p.fac1[74,1]    -1.731  1.007  0.825
p.fac1[74,2]     1.731 -1.221 -0.804
p.fac1[74,3]     0.857  0.216 -0.404
p.fac1[75,1]     0.722  0.564  0.695
p.fac1[75,2]    -0.595 -0.699 -0.520
p.fac1[75,3]    -0.541  0.416 -1.080
p.fac1[76,1]    -0.830  0.392  0.716
p.fac1[76,2]     0.694 -1.250 -0.421
p.fac1[76,3]     0.663  1.455 -1.043
p.fac1[77,1]     0.136  1.613  2.449
p.fac1[77,2]    -0.210 -1.821 -2.571
p.fac1[77,3]     0.172 -0.157 -0.911
p.fac1[78,1]    -0.289 -0.653 -0.805
p.fac1[78,2]     0.428  0.303  0.931
p.fac1[78,3]    -0.403  1.688 -0.199
p.fac1[79,1]     1.237  1.295  1.310
p.fac1[79,2]    -1.249 -1.551 -1.101
p.fac1[79,3]     0.058  1.138 -1.604
p.fac1[8,1]      0.633  0.730  1.988
p.fac1[8,2]     -0.922 -0.669 -2.015
p.fac1[8,3]      1.242 -0.434 -0.594
p.fac1[80,1]    -0.355  2.781  0.370
p.fac1[80,2]     0.514 -2.702 -0.794
p.fac1[80,3]    -0.846  0.279  1.911
p.fac1[81,1]     0.312 -0.990  0.217
p.fac1[81,2]    -0.110  0.863 -0.082
p.fac1[81,3]    -1.152  0.313 -0.685
p.fac1[82,1]    -0.302 -0.585  1.396
p.fac1[82,2]     0.649  0.486 -1.009
p.fac1[82,3]    -2.084  0.765 -1.767
p.fac1[83,1]     0.582  0.375 -1.151
p.fac1[83,2]    -1.078  0.241  0.899
p.fac1[83,3]     0.816 -1.605  1.161
p.fac1[84,1]     0.491 -1.753 -0.184
p.fac1[84,2]    -0.003  1.594  0.049
p.fac1[84,3]    -1.685  1.404  0.487
p.fac1[85,1]    -0.386  1.987  1.332
p.fac1[85,2]     0.084 -2.698 -1.324
p.fac1[85,3]     1.379  0.595 -0.566
p.fac1[86,1]     0.912  1.114  1.846
p.fac1[86,2]    -0.916 -1.166 -1.700
p.fac1[86,3]    -0.330 -0.125 -1.286
p.fac1[87,1]    -1.503 -0.698  2.543
p.fac1[87,2]     1.418  0.985 -2.470
p.fac1[87,3]     0.356 -2.125 -0.187
p.fac1[88,1]     0.961  0.099  1.070
p.fac1[88,2]    -1.088 -0.148 -1.135
p.fac1[88,3]     0.400  0.240 -0.350
p.fac1[89,1]    -0.474  0.017  0.292
p.fac1[89,2]     0.482 -0.002  0.093
p.fac1[89,3]     0.175 -0.060 -1.532
p.fac1[9,1]     -1.859  0.771  1.565
p.fac1[9,2]      1.626 -0.633 -2.043
p.fac1[9,3]      0.612 -0.519  1.836
p.fac1[90,1]     0.432  0.009  3.042
p.fac1[90,2]     0.459  0.829 -2.768
p.fac1[90,3]    -1.532 -1.493  0.728
p.fac1[91,1]    -0.135 -1.380  0.859
p.fac1[91,2]     0.351  1.041 -0.717
p.fac1[91,3]    -0.854  1.620 -0.913
p.fac1[92,1]     1.075  0.539  0.097
p.fac1[92,2]    -0.780 -0.602 -0.151
p.fac1[92,3]    -1.627 -0.081  0.105
p.fac1[93,1]    -1.068  0.333  2.330
p.fac1[93,2]     0.565 -0.844 -2.875
p.fac1[93,3]     1.366  1.006  0.061
p.fac1[94,1]    -0.505 -0.783  2.386
p.fac1[94,2]    -0.547 -0.749 -1.688
p.fac1[94,3]     1.183  1.685 -1.295
p.fac1[95,1]    -0.258  0.759 -0.096
p.fac1[95,2]     0.140 -1.246  0.370
p.fac1[95,3]     0.173  0.380 -0.255
p.fac1[96,1]    -0.220  1.069  0.929
p.fac1[96,2]     0.581 -1.128 -1.481
p.fac1[96,3]    -0.887  0.189  1.162
p.fac1[97,1]     0.073  0.226 -0.390
p.fac1[97,2]     0.953 -0.492 -0.409
p.fac1[97,3]    -1.734  0.341  1.688
p.fac1[98,1]    -1.033 -0.679 -0.400
p.fac1[98,2]     1.202 -0.105  0.615
p.fac1[98,3]     0.145  1.357 -0.213
p.fac1[99,1]     0.393  0.304  2.357
p.fac1[99,2]    -1.136 -1.108 -2.186
p.fac1[99,3]     1.202  1.157 -1.082
p.global[1]      0.025  1.389  2.057
p.global[2]      0.133 -1.682 -2.165
p.global[3]     -0.379  0.115 -0.669
