TOTAL ALKALINITY
Run Date:,05-22-2021,   ,End of Cal:,08:11:07
Operator:,LC,   ,CRM TA:,2131.51,   ,CRM TA:,2.177969,   ,Slope:,-1.7182e-002
Acid Batch:,,   ,CRM Salinity:,32.291,   ,Input TA:,,   ,[HCl](mM):,96.693
Volume:,18,   ,CRM Temp:,23.3
 
 
 
SampleID,Time,TA(mM),Init. pH,TA(uM),TA(uM) Corrected,Salinity,Temperature,Density,TA(umolkg-1),Volume HgCl2(uL),Volume Sample(mL),HgCl2 CF,TA(umolkg-1),TA_avg (umolkg-1),TA_std (umolkg-1),
ESL06b_01,07:58:27,2.1928,8.02,2192.8,   NaN,32.291,23.3,1.0218,NaN,50,250,1.0002,NaN,NaN,   NaN
ESL06b_01,08:11:07,2.1912,8.027,2191.2,   NaN,32.291,23.3,1.0218,NaN,50,250,1.0002,NaN,,
RSA_012a,08:30:42,2.2658,7.961,2265.8,   NaN,32.867,23.3,1.0222,NaN,250,250,1.001,NaN,flag,flag
RSA_012a,08:43:02,2.2688,7.958,2268.8,   NaN,32.867,23.3,1.0222,NaN,250,250,1.001,NaN,,
RSA_012a,08:54:27,2.2679,7.959,2267.9,   NaN,32.867,23.3,1.0222,NaN,250,250,1.001,NaN,,
RSA_012b,09:10:02,2.2713,7.964,2271.3,   NaN,32.846,23.3,1.0222,NaN,250,250,1.001,NaN,flag,flag
RSA_012b,09:21:52,2.2673,7.955,2267.3,   NaN,32.846,23.3,1.0222,NaN,250,250,1.001,NaN,,
RSA_012b,09:34:57,2.2652,7.949,2265.2,   NaN,32.846,23.3,1.0222,NaN,250,250,1.001,NaN,,
RSA_012b,09:47:27,2.267,7.962,2267,   NaN,32.846,23.3,1.0222,NaN,250,250,1.001,NaN,,
RSA_013a,10:01:17,2.2716,7.967,2271.6,   NaN,32.853,23.3,1.0222,NaN,250,250,1.001,NaN,NaN,   NaN
RSA_013a,10:12:17,2.2703,7.965,2270.3,   NaN,32.853,23.3,1.0222,NaN,250,250,1.001,NaN,,
RSA_013b,10:25:22,2.2726,7.969,2272.6,   NaN,32.854,23.3,1.0222,NaN,250,250,1.001,NaN,flag,flag
RSA_013b,10:38:22,2.271,7.969,2271,   NaN,32.854,23.3,1.0222,NaN,250,250,1.001,NaN,,
RSA_013b,10:52:32,2.271,7.967,2271,   NaN,32.854,23.3,1.0222,NaN,250,250,1.001,NaN,,
RSA_014a,11:05:52,2.272,7.956,2272,   NaN,32.902,23.3,1.0223,NaN,250,250,1.001,NaN,flag,flag
RSA_014a,11:18:22,2.2694,7.947,2269.4,   NaN,32.902,23.3,1.0223,NaN,250,250,1.001,NaN,,
RSA_014a,11:31:22,2.2713,7.953,2271.3,   NaN,32.902,23.3,1.0223,NaN,250,250,1.001,NaN,,
RSA_014b,11:44:17,2.2722,7.941,2272.2,   NaN,32.894,23.3,1.0223,NaN,250,250,1.001,NaN,NaN,   NaN
RSA_014b,11:56:27,2.2706,7.939,2270.6,   NaN,32.894,23.3,1.0223,NaN,250,250,1.001,NaN,,
RSA_015a,12:11:02,2.2735,7.942,2273.5,   NaN,32.938,23.3,1.0223,NaN,250,250,1.001,NaN,NaN,   NaN
RSA_015a,12:23:57,2.2738,7.95,2273.8,   NaN,32.938,23.3,1.0223,NaN,250,250,1.001,NaN,,
RSA_015b,12:40:27,2.2729,7.947,2272.9,   NaN,32.935,23.3,1.0223,NaN,250,250,1.001,NaN,flag,flag
RSA_015b,12:51:52,2.2753,7.983,2275.3,   NaN,32.935,23.3,1.0223,NaN,250,250,1.001,NaN,,
RSA_015b,13:07:37,2.2772,8.006,2277.2,   NaN,32.935,23.3,1.0223,NaN,250,250,1.001,NaN,,
RSA_016a,13:25:07,2.2793,7.928,2279.3,   NaN,32.973,23.3,1.0223,NaN,250,250,1.001,NaN,flag,flag
RSA_016a,13:38:52,2.2762,7.921,2276.2,   NaN,32.973,23.3,1.0223,NaN,250,250,1.001,NaN,,
RSA_016a,13:49:17,2.2763,7.924,2276.3,   NaN,32.973,23.3,1.0223,NaN,250,250,1.001,NaN,,
RSA_016b,14:02:37,2.2796,7.932,2279.6,   NaN,32.976,23.3,1.0223,NaN,250,250,1.001,NaN,flag,flag
RSA_016b,14:15:57,2.2823,7.95,2282.3,   NaN,32.976,23.3,1.0223,NaN,250,250,1.001,NaN,,
RSA_016b,14:28:37,2.2799,7.977,2279.9,   NaN,32.976,23.3,1.0223,NaN,250,250,1.001,NaN,,
RSA_016b,14:41:47,2.2804,7.954,2280.4,   NaN,32.976,23.3,1.0223,NaN,250,250,1.001,NaN,,
RSA_017a,14:56:12,2.2758,7.927,2275.8,   NaN,32.966,23.3,1.0223,NaN,250,250,1.001,NaN,NaN,   NaN
RSA_017a,15:08:56,2.2755,7.938,2275.5,   NaN,32.966,23.3,1.0223,NaN,250,250,1.001,NaN,,
RSA_017b,15:23:41,2.2846,7.947,2284.6,   NaN,32.962,23.3,1.0223,NaN,250,250,1.001,NaN,flag,flag
RSA_017b,15:34:31,2.2745,7.938,2274.5,   NaN,32.962,23.3,1.0223,NaN,250,250,1.001,NaN,,
RSA_017b,15:47:06,2.2751,7.944,2275.1,   NaN,32.962,23.3,1.0223,NaN,250,250,1.001,NaN,,
RSA_018a,16:00:41,2.2739,7.936,2273.9,   NaN,32.963,23.3,1.0223,NaN,250,250,1.001,NaN,NaN,   NaN
RSA_018a,16:13:11,2.274,7.93,2274,   NaN,32.963,23.3,1.0223,NaN,250,250,1.001,NaN,,
RSA_018b,16:27:56,2.2737,7.939,2273.7,   NaN,32.959,23.3,1.0223,NaN,250,250,1.001,NaN,NaN,   NaN
RSA_018b,16:45:21,2.2743,7.938,2274.3,   NaN,32.959,23.3,1.0223,NaN,250,250,1.001,NaN,,
RSA_019a,17:01:11,2.2742,7.919,2274.2,   NaN,33.015,23.3,1.0223,NaN,250,250,1.001,NaN,NaN,   NaN
RSA_019a,17:14:51,2.2755,7.92,2275.5,   NaN,33.015,23.3,1.0223,NaN,250,250,1.001,NaN,,
RSA_019b,17:28:51,2.2773,7.924,2277.3,   NaN,33.006,23.3,1.0223,NaN,250,250,1.001,NaN,NaN,   NaN
RSA_019b,17:41:16,2.2773,7.927,2277.3,   NaN,33.006,23.3,1.0223,NaN,250,250,1.001,NaN,,
RSA_020a,17:56:11,2.2802,7.936,2280.2,   NaN,33.004,23.3,1.0223,NaN,250,250,1.001,NaN,NaN,   NaN
RSA_020a,18:08:01,2.2783,7.93,2278.3,   NaN,33.004,23.3,1.0223,NaN,250,250,1.001,NaN,,
RSA_020b,18:21:51,2.2793,7.927,2279.3,   NaN,32.989,23.3,1.0223,NaN,250,250,1.001,NaN,NaN,   NaN
RSA_020b,18:33:26,2.2775,7.926,2277.5,   NaN,32.989,23.3,1.0223,NaN,250,250,1.001,NaN,,
RSA_021a,18:48:21,2.277,7.924,2277,   NaN,32.986,23.3,1.0223,NaN,250,250,1.001,NaN,NaN,   NaN
RSA_021a,18:59:11,2.2755,7.921,2275.5,   NaN,32.986,23.3,1.0223,NaN,250,250,1.001,NaN,,
RSA_021b,19:13:46,2.2775,7.936,2277.5,   NaN,32.989,23.3,1.0223,NaN,250,250,1.001,NaN,flag,flag
RSA_021b,19:26:41,2.275,7.927,2275,   NaN,32.989,23.3,1.0223,NaN,250,250,1.001,NaN,,
RSA_021b,19:39:56,2.2749,7.929,2274.9,   NaN,32.989,23.3,1.0223,NaN,250,250,1.001,NaN,,
RSA_022a,19:53:06,2.2766,7.928,2276.6,   NaN,32.989,23.3,1.0223,NaN,250,250,1.001,NaN,NaN,   NaN
RSA_022a,20:05:56,2.277,7.928,2277,   NaN,32.989,23.3,1.0223,NaN,250,250,1.001,NaN,,
esl06b_01,20:19:56,2.1817,8.03,2181.7,   NaN,32.291,23.3,1.0218,NaN,50,250,1.0002,NaN,NaN,   NaN
esl06b_01,20:32:06,2.1809,8.025,2180.9,   NaN,32.291,23.3,1.0218,NaN,50,250,1.0002,NaN,,
   ,,   ,,   ,,   ,,   ,,   ,,   ,,   ,,   ,,   ,,   ,,   ,,   ,,   ,,,
Calibration Date & Time	05-22-2021	08:22:30
T(C) = 	 23.3
	pH	EMF(mV)
	 4.01	 171.6
	 7	-3.6
	 10.01	-177.6
pH =	 6.951684	-1.7182e-002	 * EMF(mV)
	C(HCl)(mM)	 96.693
