TOTAL ALKALINITY
Run Date:,06-04-2021,   ,End of Cal:,10:40:40
Operator:,JR,   ,CRM TA:,2109.65,   ,CRM TA:,2.154746,   ,Slope:,-1.720167e-002
Acid Batch:,,   ,CRM Salinity:,31.698,   ,Input TA:,,   ,[HCl](mM):,92.432
Volume:,18,   ,CRM Temp:,23.2
 
 
 
SampleID,Time,TA(mM),Init. pH,TA(uM),TA(uM) Corrected,Salinity,Temperature,Density,TA(umolkg-1),Volume HgCl2(uL),Volume Sample(mL),HgCl2 CF,TA(umolkg-1),TA_avg (umolkg-1),TA_std (umolkg-1),
ESL07A_01,10:29:10,2.1479,8.043,2147.9,   NaN,31.698,23.2,1.0214,NaN,50,250,1.0002,NaN,NaN,   NaN
ESL07A_01,10:40:40,2.1461,8.057,2146.1,   NaN,31.698,23.2,1.0214,NaN,50,250,1.0002,NaN,,
RSA_042B,11:01:00,2.2675,7.929,2267.5,   NaN,33.057,23.2,1.0224,NaN,100,250,1.0004,NaN,NaN,   NaN
RSA_042B,11:14:05,2.2697,7.929,2269.7,   NaN,33.057,23.2,1.0224,NaN,100,250,1.0004,NaN,,
RSA_043A,11:29:00,2.2988,7.906,2298.8,   NaN,33.650,23.2,1.0229,NaN,100,250,1.0004,NaN,NaN,   NaN
RSA_043A,11:40:20,2.2966,7.907,2296.6,   NaN,33.650,23.2,1.0229,NaN,100,250,1.0004,NaN,,
RSA_240,11:54:35,2.2689,7.926,2268.9,   NaN,32.869,23.2,1.0223,NaN,100,250,1.0004,NaN,NaN,   NaN
RSA_240,12:05:30,2.2689,7.935,2268.9,   NaN,32.869,23.2,1.0223,NaN,100,250,1.0004,NaN,,
RSA_044A,12:20:30,2.271,7.895,2271,   NaN,32.927,23.2,1.0223,NaN,100,250,1.0004,NaN,NaN,   NaN
RSA_044A,12:32:25,2.2707,7.904,2270.7,   NaN,32.927,23.2,1.0223,NaN,100,250,1.0004,NaN,,
RSA_044B,12:46:35,2.2653,7.941,2265.3,   NaN,32.777,23.2,1.0222,NaN,100,250,1.0004,NaN,flag,flag
RSA_044B,12:58:30,2.2585,7.926,2258.5,   NaN,32.777,23.2,1.0222,NaN,100,250,1.0004,NaN,,
RSA_044B,13:10:20,2.2649,7.935,2264.9,   NaN,32.777,23.2,1.0222,NaN,100,250,1.0004,NaN,,
RSA_044B,13:21:45,2.2622,7.936,2262.2,   NaN,32.777,23.2,1.0222,NaN,100,250,1.0004,NaN,,
RSA_044B,13:34:35,2.2616,7.932,2261.6,   NaN,32.777,23.2,1.0222,NaN,100,250,1.0004,NaN,,
RSA_045A,13:49:50,2.2636,7.923,2263.6,   NaN,32.681,23.2,1.0221,NaN,100,250,1.0004,NaN,flag,flag
RSA_045A,14:02:45,2.2613,7.909,2261.3,   NaN,32.681,23.2,1.0221,NaN,100,250,1.0004,NaN,,
RSA_045A,14:14:30,2.2614,7.915,2261.4,   NaN,32.681,23.2,1.0221,NaN,100,250,1.0004,NaN,,
RSA_045B,14:27:45,2.2645,7.935,2264.5,   NaN,32.641,23.2,1.0221,NaN,100,250,1.0004,NaN,NaN,   NaN
RSA_045B,14:39:35,2.2624,7.923,2262.4,   NaN,32.641,23.2,1.0221,NaN,100,250,1.0004,NaN,,
RSA_046A,14:53:10,2.2725,7.883,2272.5,   NaN,32.951,23.2,1.0223,NaN,100,250,1.0004,NaN,NaN,   NaN
RSA_046A,15:05:25,2.2728,7.883,2272.8,   NaN,32.951,23.2,1.0223,NaN,100,250,1.0004,NaN,,
RSA_046B,15:18:05,2.2623,7.926,2262.3,   NaN,32.690,23.2,1.0221,NaN,100,250,1.0004,NaN,NaN,   NaN
RSA_046B,15:29:45,2.2614,7.924,2261.4,   NaN,32.690,23.2,1.0221,NaN,100,250,1.0004,NaN,,
RSA_047A,15:41:30,2.3077,7.951,2307.7,   NaN,33.668,23.2,1.0229,NaN,100,250,1.0004,NaN,NaN,   NaN
RSA_047A,15:53:30,2.3063,7.952,2306.3,   NaN,33.668,23.2,1.0229,NaN,100,250,1.0004,NaN,,
RSA_047B,16:07:40,2.2606,enter manually,2260.6,   NaN,32.505,23.2,1.022,NaN,100,250,1.0004,NaN,NaN,   NaN
RSA_047B,16:21:15,2.2602,7.978,2260.2,   NaN,32.505,23.2,1.022,NaN,100,250,1.0004,NaN,,
RSA_048A,16:35:24,2.2744,7.875,2274.4,   NaN,33.001,23.2,1.0224,NaN,250,250,1.001,NaN,NaN,   NaN
RSA_048A,16:47:04,2.2735,7.888,2273.5,   NaN,33.001,23.2,1.0224,NaN,250,250,1.001,NaN,,
RSA_048B,17:02:19,2.2665,7.914,2266.5,   NaN,32.872,23.2,1.0223,NaN,250,250,1.001,NaN,flag,flag
RSA_048B,17:13:29,2.2624,7.912,2262.4,   NaN,32.872,23.2,1.0223,NaN,250,250,1.001,NaN,,
RSA_048B,17:26:24,2.2634,7.914,2263.4,   NaN,32.872,23.2,1.0223,NaN,250,250,1.001,NaN,,
ESL07A_01,17:41:19,2.1517,8.043,2151.7,   NaN,31.698,23.2,1.0214,NaN,50,250,1.0002,NaN,NaN,   NaN
ESL07A_01,17:52:34,2.1518,8.045,2151.8,   NaN,31.698,23.2,1.0214,NaN,50,250,1.0002,NaN,,
   ,,   ,,   ,,   ,,   ,,   ,,   ,,   ,,   ,,   ,,   ,,   ,,   ,,   ,,,
Calibration Date & Time	06-04-2021	10:53:47
T(C) = 	 23.2
	pH	EMF(mV)
	 4.01	 170.5
	 7	-4.6
	 10.01	-178.3
pH =	 6.935566	-1.720167e-002	 * EMF(mV)
	C(HCl)(mM)	 92.432
