TOTAL ALKALINITY
Run Date:,06-16-2021,   ,End of Cal:,11:34:10
Operator:,KM,   ,CRM TA:,2109.65,   ,CRM TA:,2.154686,   ,Slope:,-1.704538e-002
Acid Batch:,210524,   ,CRM Salinity:,31.698,   ,Input TA:,,   ,[HCl](mM):,92.881
Volume:,18,   ,CRM Temp:,23.3
 
 
 
SampleID,Time,TA(mM),Init. pH,TA(uM),TA(uM) Corrected,Salinity,Temperature,Density,TA(umolkg-1),Volume HgCl2(uL),Volume Sample(mL),HgCl2 CF,TA(umolkg-1),TA_avg (umolkg-1),TA_std (umolkg-1),
ESL07a_23,11:09:05,2.1586,8.033,2158.6,   NaN,31.698,23.3,1.0213,NaN,50,250,1.0002,NaN,flag,flag
ESL07a_23,11:21:35,2.1561,8.03,2156.1,   NaN,31.698,23.3,1.0213,NaN,50,250,1.0002,NaN,,
ESL07a_23,11:34:10,2.1562,8.021,2156.2,   NaN,31.698,23.3,1.0213,NaN,50,250,1.0002,NaN,,
RSA_063A,11:52:40,2.3252,7.897,2325.2,   NaN,33.877,23.3,1.023,NaN,100,250,1.0004,NaN,NaN,   NaN
RSA_063A,12:07:15,2.3241,7.91,2324.1,   NaN,33.877,23.3,1.023,NaN,100,250,1.0004,NaN,,
RSA_063B,12:24:20,2.2619,7.949,2261.9,   NaN,32.559,23.3,1.022,NaN,100,250,1.0004,NaN,NaN,   NaN
RSA_063B,12:38:25,2.2604,7.958,2260.4,   NaN,32.559,23.3,1.022,NaN,100,250,1.0004,NaN,,
RSA_064A,12:53:55,2.3402,7.912,2340.2,   NaN,34.240,23.3,1.0233,NaN,100,250,1.0004,NaN,NaN,   NaN
RSA_064A,13:08:45,2.3387,7.902,2338.7,   NaN,34.240,23.3,1.0233,NaN,100,250,1.0004,NaN,,
RSA_064B,13:24:30,2.261,7.933,2261,   NaN,32.457,23.3,1.0219,NaN,100,250,1.0004,NaN,NaN,   NaN
RSA_064B,13:38:00,2.2599,7.919,2259.9,   NaN,32.457,23.3,1.0219,NaN,100,250,1.0004,NaN,,
RSA_065A,13:52:25,2.2893,7.863,2289.3,   NaN,33.117,23.3,1.0224,NaN,100,250,1.0004,NaN,NaN,   NaN
RSA_065A,14:09:25,2.2881,7.868,2288.1,   NaN,33.117,23.3,1.0224,NaN,100,250,1.0004,NaN,,
RSA_065B,14:23:35,2.256,7.921,2256,   NaN,32.333,23.3,1.0218,NaN,100,250,1.0004,NaN,NaN,   NaN
RSA_065B,14:35:35,2.2549,7.915,2254.9,   NaN,32.333,23.3,1.0218,NaN,100,250,1.0004,NaN,,
RSA_066A,14:49:30,2.2692,7.909,2269.2,   NaN,32.623,23.3,1.022,NaN,100,250,1.0004,NaN,NaN,   NaN
RSA_066A,15:02:25,2.2673,7.906,2267.3,   NaN,32.623,23.3,1.022,NaN,100,250,1.0004,NaN,,
RSA_066B,15:17:05,2.2552,7.911,2255.2,   NaN,32.482,23.3,1.0219,NaN,100,250,1.0004,NaN,NaN,   NaN
RSA_066B,15:29:45,2.2549,7.902,2254.9,   NaN,32.482,23.3,1.0219,NaN,100,250,1.0004,NaN,,
RSA_067A,15:43:25,2.2731,7.929,2273.1,   NaN,32.758,23.3,1.0221,NaN,100,250,1.0004,NaN,NaN,   NaN
RSA_067A,15:55:35,2.2736,7.938,2273.6,   NaN,32.758,23.3,1.0221,NaN,100,250,1.0004,NaN,,
RSA_067B,16:11:15,2.2623,7.924,2262.3,   NaN,32.585,23.3,1.022,NaN,100,250,1.0004,NaN,NaN,   NaN
RSA_067B,16:26:50,2.2606,7.918,2260.6,   NaN,32.585,23.3,1.022,NaN,100,250,1.0004,NaN,,
RSA_068A,16:40:30,2.2732,7.901,2273.2,   NaN,32.699,23.3,1.0221,NaN,100,250,1.0004,NaN,NaN,   NaN
RSA_068A,16:56:55,2.2733,7.906,2273.3,   NaN,32.699,23.3,1.0221,NaN,100,250,1.0004,NaN,,
ESL07a_23,17:11:35,2.1582,8.022,2158.2,   NaN,31.698,23.3,1.0213,NaN,50,250,1.0002,NaN,NaN,   NaN
ESL07a_23,17:25:00,2.1572,8.017,2157.2,   NaN,31.698,23.3,1.0213,NaN,50,250,1.0002,NaN,,
   ,,   ,,   ,,   ,,   ,,   ,,   ,,   ,,   ,,   ,,   ,,   ,,   ,,   ,,,
Calibration Date & Time	06-16-2021	11:44:47
T(C) = 	 23.3
	pH	EMF(mV)
	 4.01	 170.1
	 7	-4.9
	 10.01	-181.9
pH =	 6.911781	-1.704538e-002	 * EMF(mV)
	C(HCl)(mM)	 92.881
