TOTAL ALKALINITY
Run Date:,06-10-2021,   ,End of Cal:,12:08:03
Operator:,KM,   ,CRM TA:,2109.65,   ,CRM TA:,2.154686,   ,Slope:,-1.72661e-002
Acid Batch:,210524,   ,CRM Salinity:,31.698,   ,Input TA:,,   ,[HCl](mM):,92.565
Volume:,18,   ,CRM Temp:,23.3
 
 
 
SampleID,Time,TA(mM),Init. pH,TA(uM),TA(uM) Corrected,Salinity,Temperature,Density,TA(umolkg-1),Volume HgCl2(uL),Volume Sample(mL),HgCl2 CF,TA(umolkg-1),TA_avg (umolkg-1),TA_std (umolkg-1),
ESL07a_21,11:55:13,2.1555,8.059,2155.5,   NaN,31.698,23.3,1.0213,NaN,50,250,1.0002,NaN,NaN,   NaN
ESL07a_21,12:08:03,2.1553,8.041,2155.3,   NaN,31.698,23.3,1.0213,NaN,50,250,1.0002,NaN,,
RSA_052B,12:24:12,2.2366,7.958,2236.6,   NaN,32.744,23.3,1.0221,NaN,250,250,1.001,NaN,NaN,   NaN
RSA_052B,12:37:27,2.2357,7.952,2235.7,   NaN,32.744,23.3,1.0221,NaN,250,250,1.001,NaN,,
RSA_053A,12:51:17,2.3281,7.974,2328.1,   NaN,34.007,23.3,1.0231,NaN,250,250,1.001,NaN,NaN,   NaN
RSA_053A,13:04:52,2.3269,enter manually,2326.9,   NaN,34.007,23.3,1.0231,NaN,250,250,1.001,NaN,,
RSA_053B,13:18:12,2.2249,7.946,2224.9,   NaN,32.819,23.3,1.0222,NaN,250,250,1.001,NaN,flag,flag
RSA_053B,13:29:27,2.2292,7.948,2229.2,   NaN,32.819,23.3,1.0222,NaN,250,250,1.001,NaN,,
RSA_053B,13:43:12,2.2272,7.93,2227.2,   NaN,32.819,23.3,1.0222,NaN,250,250,1.001,NaN,,
RSA_054A,13:57:27,2.2868,7.884,2286.8,   NaN,33.109,23.3,1.0224,NaN,250,250,1.001,NaN,NaN,   NaN
RSA_054A,14:09:22,2.2847,7.89,2284.7,   NaN,33.109,23.3,1.0224,NaN,250,250,1.001,NaN,,
RSA_054B,14:29:07,2.2588,7.916,2258.8,   NaN,32.562,23.3,1.022,NaN,250,250,1.001,NaN,flag,flag
RSA_054B,14:41:52,2.2544,7.908,2254.4,   NaN,32.562,23.3,1.022,NaN,250,250,1.001,NaN,,
RSA_054B,15:00:07,2.2536,7.904,2253.6,   NaN,32.562,23.3,1.022,NaN,250,250,1.001,NaN,,
RSA_055A,15:13:22,2.2664,7.915,2266.4,   NaN,32.635,23.3,1.0221,NaN,250,250,1.001,NaN,flag,flag
RSA_055A,15:24:57,2.263,7.905,2263,   NaN,32.635,23.3,1.0221,NaN,250,250,1.001,NaN,,
RSA_055A,15:37:57,2.2659,7.909,2265.9,   NaN,32.635,23.3,1.0221,NaN,250,250,1.001,NaN,,
RSA_055A,15:49:02,2.2656,7.913,2265.6,   NaN,32.635,23.3,1.0221,NaN,250,250,1.001,NaN,,
RSA_055B,16:01:42,2.2496,7.927,2249.6,   NaN,32.608,23.3,1.022,NaN,250,250,1.001,NaN,flag,flag
RSA_055B,16:14:07,2.2426,7.922,2242.6,   NaN,32.608,23.3,1.022,NaN,250,250,1.001,NaN,,
RSA_055B,16:27:07,2.2497,7.927,2249.7,   NaN,32.608,23.3,1.022,NaN,250,250,1.001,NaN,,
RSA_055B,16:40:02,2.2475,7.923,2247.5,   NaN,32.608,23.3,1.022,NaN,250,250,1.001,NaN,,
RSA_055B,16:53:02,2.2495,7.927,2249.5,   NaN,32.608,23.3,1.022,NaN,250,250,1.001,NaN,,
RSA_056A,17:08:22,2.2737,7.974,2273.7,   NaN,32.771,23.3,1.0222,NaN,250,250,1.001,NaN,NaN,   NaN
RSA_056A,17:20:42,2.2737,7.978,2273.7,   NaN,32.771,23.3,1.0222,NaN,250,250,1.001,NaN,,
RSA_056B,17:33:07,2.2729,7.978,2272.9,   NaN,32.709,23.3,1.0221,NaN,250,250,1.001,NaN,flag,flag
RSA_056B,17:44:37,2.2706,7.978,2270.6,   NaN,32.709,23.3,1.0221,NaN,250,250,1.001,NaN,,
RSA_056B,17:56:07,2.2706,7.975,2270.6,   NaN,32.709,23.3,1.0221,NaN,250,250,1.001,NaN,,
RSA_057A,18:10:42,2.2684,7.978,2268.4,   NaN,32.594,23.3,1.022,NaN,250,250,1.001,NaN,flag,flag
RSA_057A,18:24:37,2.2656,7.967,2265.6,   NaN,32.594,23.3,1.022,NaN,250,250,1.001,NaN,,
RSA_057A,18:36:32,2.2672,7.985,2267.2,   NaN,32.594,23.3,1.022,NaN,250,250,1.001,NaN,,
ESL07a_21,18:51:12,2.1584,8.044,2158.4,   NaN,31.698,23.3,1.0213,NaN,50,250,1.0002,NaN,NaN,   NaN
ESL07a_21,19:03:37,2.1574,8.047,2157.4,   NaN,31.698,23.3,1.0213,NaN,50,250,1.0002,NaN,,
   ,,   ,,   ,,   ,,   ,,   ,,   ,,   ,,   ,,   ,,   ,,   ,,   ,,   ,,,
Calibration Date & Time	06-10-2021	12:18:11
T(C) = 	 23.3
	pH	EMF(mV)
	 4.01	 169.6
	 7	-4.6
	 10.01	-177.9
pH =	 6.932423	-1.72661e-002	 * EMF(mV)
	C(HCl)(mM)	 92.565
