TOTAL ALKALINITY
Run Date:,10-21-2021,   ,End of Cal:,11:09:51
Operator:,DT,   ,CRM TA:,2114.9,   ,CRM TA:,2.160371,   ,Slope:,-1.719181e-002
Acid Batch:,210524,   ,CRM Salinity:,31.862,   ,Input TA:,,   ,[HCl](mM):,92.298
Volume:,18,   ,CRM Temp:,23.2
 
 
 
SampleID,Time,TA(mM),Init. pH,TA(uM),TA(uM) Corrected,Salinity,Temperature,Density,TA(umolkg-1),Volume HgCl2(uL),Volume Sample(mL),HgCl2 CF,TA(umolkg-1),TA_avg (umolkg-1),TA_std (umolkg-1),
ESL08b_11,10:56:31,2.1672,8.103,2167.2,   NaN,31.862,23.2,1.0215,NaN,50,250,1.0002,NaN,NaN,   NaN
ESL08b_11,11:09:51,2.1666,8.107,2166.6,   NaN,31.862,23.2,1.0215,NaN,50,250,1.0002,NaN,,
RSA_085A,11:28:01,2.2778,7.936,2277.8,   NaN,32.897,23.2,1.0223,NaN,100,250,1.0004,NaN,NaN,   NaN
RSA_085A,11:40:26,2.2774,7.947,2277.4,   NaN,32.897,23.2,1.0223,NaN,100,250,1.0004,NaN,,
RSA_085B,11:56:51,2.2942,7.983,2294.2,   NaN,32.808,23.2,1.0222,NaN,100,250,1.0004,NaN,flag,flag
RSA_085B,12:08:45,2.2759,7.979,2275.9,   NaN,32.808,23.2,1.0222,NaN,100,250,1.0004,NaN,,
RSA_085B,12:21:31,2.273,7.979,2273,   NaN,32.808,23.2,1.0222,NaN,100,250,1.0004,NaN,,
RSA_085B,12:34:05,2.2754,7.988,2275.4,   NaN,32.808,23.2,1.0222,NaN,100,250,1.0004,NaN,,
RSA_085B,12:49:55,2.2734,7.974,2273.4,   NaN,32.808,23.2,1.0222,NaN,100,250,1.0004,NaN,,
RSA_086A,13:09:50,2.3295,7.905,2329.5,   NaN,33.886,23.2,1.023,NaN,100,250,1.0004,NaN,flag,flag
RSA_086A,13:22:20,2.3262,7.905,2326.2,   NaN,33.886,23.2,1.023,NaN,100,250,1.0004,NaN,,
RSA_086A,13:34:25,2.336,7.916,2336,   NaN,33.886,23.2,1.023,NaN,100,250,1.0004,NaN,,
RSA_086A,13:46:20,2.3295,7.913,2329.5,   NaN,33.886,23.2,1.023,NaN,100,250,1.0004,NaN,,
RSA_086A,13:59:00,2.3289,7.922,2328.9,   NaN,33.886,23.2,1.023,NaN,100,250,1.0004,NaN,,
RSA_086B,14:16:15,2.2688,7.933,2268.8,   NaN,32.712,23.2,1.0221,NaN,100,250,1.0004,NaN,flag,flag
RSA_086B,14:34:50,2.2632,7.945,2263.2,   NaN,32.712,23.2,1.0221,NaN,100,250,1.0004,NaN,,
RSA_086B,14:47:00,2.2694,7.945,2269.4,   NaN,32.712,23.2,1.0221,NaN,100,250,1.0004,NaN,,
RSA_086B,14:58:50,2.2697,7.952,2269.7,   NaN,32.712,23.2,1.0221,NaN,100,250,1.0004,NaN,,
RSA_234,15:14:10,2.3285,7.914,2328.5,   NaN,34.046,23.2,1.0232,NaN,100,250,1.0004,NaN,NaN,   NaN
RSA_234,15:25:45,2.3292,7.919,2329.2,   NaN,34.046,23.2,1.0232,NaN,100,250,1.0004,NaN,,
RSA_087B,15:41:15,2.269,7.959,2269,   NaN,32.635,23.2,1.0221,NaN,100,250,1.0004,NaN,NaN,   NaN
RSA_087B,15:52:15,2.2697,7.959,2269.7,   NaN,32.635,23.2,1.0221,NaN,100,250,1.0004,NaN,,
RSA_088A,16:08:15,2.2869,7.959,2286.9,   NaN,33.009,23.2,1.0224,NaN,100,250,1.0004,NaN,NaN,   NaN
RSA_088A,16:22:35,2.2857,7.933,2285.7,   NaN,33.009,23.2,1.0224,NaN,100,250,1.0004,NaN,,
RSA_088B,16:53:05,2.2821,8.027,2282.1,   NaN,32.866,23.2,1.0223,NaN,100,250,1.0004,NaN,NaN,   NaN
RSA_088B,17:05:45,2.2838,8.025,2283.8,   NaN,32.866,23.2,1.0223,NaN,100,250,1.0004,NaN,,
RSA_089A,17:19:10,2.2716,7.962,2271.6,   NaN,32.812,23.2,1.0222,NaN,100,250,1.0004,NaN,NaN,   NaN
RSA_089A,17:31:25,2.2729,7.986,2272.9,   NaN,32.812,23.2,1.0222,NaN,100,250,1.0004,NaN,,
RSA_089B,17:48:00,2.2758,8.022,2275.8,   NaN,32.882,23.2,1.0223,NaN,100,250,1.0004,NaN,NaN,   NaN
RSA_089B,18:01:55,2.2747,8.006,2274.7,   NaN,32.882,23.2,1.0223,NaN,100,250,1.0004,NaN,,
RSA_090A,18:17:50,2.2745,7.987,2274.5,   NaN,32.819,23.2,1.0222,NaN,100,250,1.0004,NaN,NaN,   NaN
RSA_090A,18:29:50,2.2738,8.011,2273.8,   NaN,32.819,23.2,1.0222,NaN,100,250,1.0004,NaN,,
RSA_090B,18:47:25,2.2721,7.996,2272.1,   NaN,32.811,23.2,1.0222,NaN,100,250,1.0004,NaN,flag,flag
RSA_090B,19:00:00,2.2688,8.007,2268.8,   NaN,32.811,23.2,1.0222,NaN,100,250,1.0004,NaN,,
RSA_090B,19:12:50,2.2822,8.085,2282.2,   NaN,32.811,23.2,1.0222,NaN,100,250,1.0004,NaN,,
RSA_090B,19:27:15,2.2786,8.042,2278.6,   NaN,32.811,23.2,1.0222,NaN,100,250,1.0004,NaN,,
RSA_090B,19:41:15,2.2719,7.996,2271.9,   NaN,32.811,23.2,1.0222,NaN,100,250,1.0004,NaN,,
RSA_090B,19:52:35,2.2694,7.993,2269.4,   NaN,32.811,23.2,1.0222,NaN,100,250,1.0004,NaN,,
ESL08b_11,20:07:35,2.1617,8.145,2161.7,   NaN,31.862,23.2,1.0215,NaN,50,250,1.0002,NaN,flag,flag
ESL08b_11,20:21:00,2.1572,8.116,2157.2,   NaN,31.862,23.2,1.0215,NaN,50,250,1.0002,NaN,,
ESL08b_11,20:35:20,2.16,8.142,2160,   NaN,31.862,23.2,1.0215,NaN,50,250,1.0002,NaN,,
ESL08b_11,20:48:45,2.1572,8.114,2157.2,   NaN,31.862,23.2,1.0215,NaN,50,250,1.0002,NaN,,
   ,,   ,,   ,,   ,,   ,,   ,,   ,,   ,,   ,,   ,,   ,,   ,,   ,,   ,,,
Calibration Date & Time	10-21-2021	11:22:12
T(C) = 	 23.2
	pH	EMF(mV)
	 4.01	 170.4
	 7	-4.8
	 10.01	-178.6
pH =	 6.932169	-1.719181e-002	 * EMF(mV)
	C(HCl)(mM)	 92.298
