TOTAL ALKALINITY
Run Date:,10-18-2021,   ,End of Cal:,12:53:05
Operator:,DT,   ,CRM TA:,2114.9,   ,CRM TA:,2.160371,   ,Slope:,-1.724618e-002
Acid Batch:,210524,   ,CRM Salinity:,31.862,   ,Input TA:,,   ,[HCl](mM):,93.493
Volume:,18,   ,CRM Temp:,23.2
 
 
 
SampleID,Time,TA(mM),Init. pH,TA(uM),TA(uM) Corrected,Salinity,Temperature,Density,TA(umolkg-1),Volume HgCl2(uL),Volume Sample(mL),HgCl2 CF,TA(umolkg-1),TA_avg (umolkg-1),TA_std (umolkg-1),
ESL08b_06,12:17:10,2.1774,8.089,2177.4,   NaN,31.862,23.2,1.0215,NaN,50,250,1.0002,NaN,flag,flag
ESL08b_06,12:40:25,2.1745,8.055,2174.5,   NaN,31.862,23.2,1.0215,NaN,50,250,1.0002,NaN,,
ESL08b_06,12:53:05,2.1762,8.064,2176.2,   NaN,31.862,23.2,1.0215,NaN,50,250,1.0002,NaN,,
NES_202,13:11:50,2.1890,8.093,2189,   NaN,32.9,23.2,1.0223,NaN,100,250,1.0004,NaN,NaN,   NaN
NES_202,13:27:40,2.1904,8.11,2190.4,   NaN,32.9,23.2,1.0223,NaN,100,250,1.0004,NaN,,
NES_203,13:46:55,2.2094,8.073,2209.4,   NaN,32.9,23.2,1.0223,NaN,100,250,1.0004,NaN,flag,flag
NES_203,14:11:45,2.2132,8.059,2213.2,   NaN,32.9,23.2,1.0223,NaN,100,250,1.0004,NaN,,
NES_203,14:23:45,2.2067,8.09,2206.7,   NaN,32.9,23.2,1.0223,NaN,100,250,1.0004,NaN,,
NES_203,14:34:55,2.2062,8.074,2206.2,   NaN,32.9,23.2,1.0223,NaN,100,250,1.0004,NaN,,
NES_204,14:54:05,2.2142,8.133,2214.2,   NaN,32.9,23.2,1.0223,NaN,100,250,1.0004,NaN,flag,flag
NES_204,15:10:50,2.2046,enter manually,2204.6,   NaN,32.9,23.2,1.0223,NaN,100,250,1.0004,NaN,,
NES_204,15:21:00,2.2103,8.171,2210.3,   NaN,32.9,23.2,1.0223,NaN,100,250,1.0004,NaN,,
NES_204,15:34:35,2.2141,8.135,2214.1,   NaN,32.9,23.2,1.0223,NaN,100,250,1.0004,NaN,,
NES_204,15:46:45,2.2117,8.13,2211.7,   NaN,32.9,23.2,1.0223,NaN,100,250,1.0004,NaN,,
NES_204,15:57:45,2.2139,8.162,2213.9,   NaN,32.9,23.2,1.0223,NaN,100,250,1.0004,NaN,,
NES_204,16:08:40,2.2077,8.142,2207.7,   NaN,32.9,23.2,1.0223,NaN,100,250,1.0004,NaN,,
ESL08b_06,16:29:15,2.1604,8.063,2160.4,   NaN,31.862,23.2,1.0215,NaN,50,250,1.0002,NaN,NaN,   NaN
ESL08b_06,16:42:55,2.162,8.068,2162,   NaN,31.862,23.2,1.0215,NaN,50,250,1.0002,NaN,,
RSA_071A,17:03:15,2.2921,7.935,2292.1,   NaN,32.917,23.2,1.0223,NaN,100,250,1.0004,NaN,flag,flag
RSA_071A,17:22:49,2.2888,7.901,2288.8,   NaN,32.917,23.2,1.0223,NaN,100,250,1.0004,NaN,,
RSA_071A,17:37:24,2.2782,7.854,2278.2,   NaN,32.917,23.2,1.0223,NaN,100,250,1.0004,NaN,,
RSA_071A,17:49:49,2.2808,7.871,2280.8,   NaN,32.917,23.2,1.0223,NaN,100,250,1.0004,NaN,,
RSA_071A,18:05:49,2.2881,7.881,2288.1,   NaN,32.917,23.2,1.0223,NaN,100,250,1.0004,NaN,,
RSA_071A,18:17:09,2.2788,7.861,2278.8,   NaN,32.917,23.2,1.0223,NaN,100,250,1.0004,NaN,,
RSA_071B,18:34:24,2.2666,7.928,2266.6,   NaN,32.302,23.2,1.0218,NaN,100,250,1.0004,NaN,flag,flag
RSA_071B,18:46:04,2.2547,7.92,2254.7,   NaN,32.302,23.2,1.0218,NaN,100,250,1.0004,NaN,,
RSA_071B,18:58:04,2.2519,7.916,2251.9,   NaN,32.302,23.2,1.0218,NaN,100,250,1.0004,NaN,,
RSA_071B,19:08:44,2.2611,7.935,2261.1,   NaN,32.302,23.2,1.0218,NaN,100,250,1.0004,NaN,,
RSA_071B,19:21:44,2.2576,7.921,2257.6,   NaN,32.302,23.2,1.0218,NaN,100,250,1.0004,NaN,,
RSA_071B,19:32:54,2.2535,7.9,2253.5,   NaN,32.302,23.2,1.0218,NaN,100,250,1.0004,NaN,,
ESL08b_06,19:45:59,2.1652,8.08,2165.2,   NaN,31.862,23.2,1.0215,NaN,50,250,1.0002,NaN,flag,flag
ESL08b_06,19:58:39,2.1631,8.086,2163.1,   NaN,31.862,23.2,1.0215,NaN,50,250,1.0002,NaN,,
ESL08b_06,20:12:29,2.1633,8.076,2163.3,   NaN,31.862,23.2,1.0215,NaN,50,250,1.0002,NaN,,
   ,,   ,,   ,,   ,,   ,,   ,,   ,,   ,,   ,,   ,,   ,,   ,,   ,,   ,,,
Calibration Date & Time	10-18-2021	13:06:05
T(C) = 	 23.2
	pH	EMF(mV)
	 4.01	 167.1
	 7	-7.5
	 10.01	-180.8
pH =	 6.884794	-1.724618e-002	 * EMF(mV)
	C(HCl)(mM)	 93.493
