TOTAL ALKALINITY
Run Date:,10-19-2021,   ,End of Cal:,12:01:59
Operator:,DT,   ,CRM TA:,2114.9,   ,CRM TA:,2.160371,   ,Slope:,-1.721154e-002
Acid Batch:,210524,   ,CRM Salinity:,31.862,   ,Input TA:,,   ,[HCl](mM):,92.728
Volume:,18,   ,CRM Temp:,23.2
 
 
 
SampleID,Time,TA(mM),Init. pH,TA(uM),TA(uM) Corrected,Salinity,Temperature,Density,TA(umolkg-1),Volume HgCl2(uL),Volume Sample(mL),HgCl2 CF,TA(umolkg-1),TA_avg (umolkg-1),TA_std (umolkg-1),
ESL08b_21,11:37:59,2.1757,8.096,2175.7,   NaN,31.862,23.2,1.0215,NaN,50,250,1.0002,NaN,flag,flag
ESL08b_21,11:49:34,2.1781,8.123,2178.1,   NaN,31.862,23.2,1.0215,NaN,50,250,1.0002,NaN,,
ESL08b_21,12:01:59,2.1782,8.104,2178.2,   NaN,31.862,23.2,1.0215,NaN,50,250,1.0002,NaN,,
RSA_072A,12:19:44,2.3031,7.898,2303.1,   NaN,33.282,23.2,1.0226,NaN,250,250,1.001,NaN,NaN,   NaN
RSA_072A,12:32:49,2.3017,7.899,2301.7,   NaN,33.282,23.2,1.0226,NaN,250,250,1.001,NaN,,
RSA_072B,12:51:39,2.2468,7.93,2246.8,   NaN,32.298,23.2,1.0218,NaN,250,250,1.001,NaN,flag,flag
RSA_072B,13:02:44,2.2534,7.941,2253.4,   NaN,32.298,23.2,1.0218,NaN,250,250,1.001,NaN,,
RSA_072B,13:13:44,2.2516,7.976,2251.6,   NaN,32.298,23.2,1.0218,NaN,250,250,1.001,NaN,,
RSA_073A,13:29:48,2.2666,7.882,2266.6,   NaN,32.715,23.2,1.0221,NaN,250,250,1.001,NaN,NaN,   NaN
RSA_073A,13:40:13,2.266,7.874,2266,   NaN,32.715,23.2,1.0221,NaN,250,250,1.001,NaN,,
RSA_073B,13:56:08,2.2602,7.918,2260.2,   NaN,32.497,23.2,1.022,NaN,250,250,1.001,NaN,flag,flag
RSA_073B,14:06:58,2.2545,7.907,2254.5,   NaN,32.497,23.2,1.022,NaN,250,250,1.001,NaN,,
RSA_073B,14:18:48,2.2554,7.91,2255.4,   NaN,32.497,23.2,1.022,NaN,250,250,1.001,NaN,,
RSA_074A,14:33:13,2.2782,7.97,2278.2,   NaN,32.829,23.2,1.0222,NaN,250,250,1.001,NaN,flag,flag
RSA_074A,14:46:33,2.2723,7.907,2272.3,   NaN,32.829,23.2,1.0222,NaN,250,250,1.001,NaN,,
RSA_074A,14:59:48,2.2695,7.891,2269.5,   NaN,32.829,23.2,1.0222,NaN,250,250,1.001,NaN,,
RSA_074A,15:10:43,2.2692,7.89,2269.2,   NaN,32.829,23.2,1.0222,NaN,250,250,1.001,NaN,,
RSA_074B,15:25:13,2.2643,7.913,2264.3,   NaN,32.731,23.2,1.0222,NaN,250,250,1.001,NaN,NaN,   NaN
RSA_074B,15:36:23,2.2624,7.887,2262.4,   NaN,32.731,23.2,1.0222,NaN,250,250,1.001,NaN,,
RSA_075A,15:49:38,2.274,7.887,2274,   NaN,32.837,23.2,1.0222,NaN,250,250,1.001,NaN,NaN,   NaN
RSA_075A,16:01:18,2.2753,7.899,2275.3,   NaN,32.837,23.2,1.0222,NaN,250,250,1.001,NaN,,
RSA_075B,16:14:08,2.2629,7.891,2262.9,   NaN,32.708,23.2,1.0221,NaN,250,250,1.001,NaN,NaN,   NaN
RSA_075B,16:24:48,2.2641,7.898,2264.1,   NaN,32.708,23.2,1.0221,NaN,250,250,1.001,NaN,,
RSA_076A,16:38:13,2.3068,7.865,2306.8,   NaN,33.518,23.2,1.0228,NaN,250,250,1.001,NaN,flag,flag
RSA_076A,16:51:03,2.3038,7.863,2303.8,   NaN,33.518,23.2,1.0228,NaN,250,250,1.001,NaN,,
RSA_076A,1	 0.48,2.2993,enter manually,2299.3,   NaN,33.518,23.2,1.0228,NaN,250,250,1.001,NaN,,
RSA_076A,17:17:03,2.308,7.875,2308,   NaN,33.518,23.2,1.0228,NaN,250,250,1.001,NaN,,
RSA_076A,17:32:48,2.3232,7.882,2323.2,   NaN,33.518,23.2,1.0228,NaN,250,250,1.001,NaN,,
RSA_076A,17:45:53,2.3032,7.875,2303.2,   NaN,33.518,23.2,1.0228,NaN,250,250,1.001,NaN,,
RSA_076A,17:58:33,2.3057,7.884,2305.7,   NaN,33.518,23.2,1.0228,NaN,250,250,1.001,NaN,,
RSA_076B,18:13:48,2.2501,7.952,2250.1,   NaN,32.329,23.2,1.0219,NaN,250,250,1.001,NaN,NaN,   NaN
RSA_076B,18:25:53,2.2495,enter manually,2249.5,   NaN,32.329,23.2,1.0219,NaN,250,250,1.001,NaN,,
RSA_077A,18:39:13,2.2992,7.87,2299.2,   NaN,33.497,23.2,1.0227,NaN,250,250,1.001,NaN,flag,flag
RSA_077A,18:50:33,2.3061,7.874,2306.1,   NaN,33.497,23.2,1.0227,NaN,250,250,1.001,NaN,,
RSA_077A,19:04:43,2.3057,7.878,2305.7,   NaN,33.497,23.2,1.0227,NaN,250,250,1.001,NaN,,
RSA_077B,19:18:33,2.2535,7.936,2253.5,   NaN,32.298,23.2,1.0218,NaN,250,250,1.001,NaN,NaN,   NaN
RSA_077B,19:31:23,2.2525,7.942,2252.5,   NaN,32.298,23.2,1.0218,NaN,250,250,1.001,NaN,,
RSA_078A,19:44:43,2.2969,7.866,2296.9,   NaN,33.284,23.2,1.0226,NaN,250,250,1.001,NaN,flag,flag
RSA_078A,19:56:13,2.2945,7.873,2294.5,   NaN,33.284,23.2,1.0226,NaN,250,250,1.001,NaN,,
RSA_078A,20:07:13,2.2936,7.873,2293.6,   NaN,33.284,23.2,1.0226,NaN,250,250,1.001,NaN,,
RSA_078B,20:25:13,2.2572,7.917,2257.2,   NaN,32.479,23.2,1.022,NaN,250,250,1.001,NaN,flag,flag
RSA_078B,20:36:08,2.2595,7.922,2259.5,   NaN,32.479,23.2,1.022,NaN,250,250,1.001,NaN,,
RSA_078B,20:48:43,2.2553,7.912,2255.3,   NaN,32.479,23.2,1.022,NaN,250,250,1.001,NaN,,
RSA_078B,21:01:13,2.2607,7.93,2260.7,   NaN,32.479,23.2,1.022,NaN,250,250,1.001,NaN,,
RSA_078B,21:12:23,2.2564,7.936,2256.4,   NaN,32.479,23.2,1.022,NaN,250,250,1.001,NaN,,
RSA_078B,21:24:03,2.2555,7.91,2255.5,   NaN,32.479,23.2,1.022,NaN,250,250,1.001,NaN,,
ESL08b_21,21:37:33,2.1616,8.096,2161.6,   NaN,31.862,23.2,1.0215,NaN,50,250,1.0002,NaN,flag,flag
ESL08b_21,21:51:13,2.1641,8.132,2164.1,   NaN,31.862,23.2,1.0215,NaN,50,250,1.0002,NaN,,
ESL08b_21,22:04:03,2.1593,8.09,2159.3,   NaN,31.862,23.2,1.0215,NaN,50,250,1.0002,NaN,,
ESL08b_21,22:19:12,2.1695,8.094,2169.5,   NaN,31.862,23.2,1.0215,NaN,50,250,1.0002,NaN,,
ESL08b_21,22:31:17,2.1675,8.107,2167.5,   NaN,31.862,23.2,1.0215,NaN,50,250,1.0002,NaN,,
ESL08b_21,22:50:22,2.1644,8.084,2164.4,   NaN,31.862,23.2,1.0215,NaN,50,250,1.0002,NaN,,
   ,,   ,,   ,,   ,,   ,,   ,,   ,,   ,,   ,,   ,,   ,,   ,,   ,,   ,,,
Calibration Date & Time	10-19-2021	12:11:01
T(C) = 	 23.2
	pH	EMF(mV)
	 4.01	 169.1
	 7	-5.9
	 10.01	-179.5
pH =	 6.913151	-1.721154e-002	 * EMF(mV)
	C(HCl)(mM)	 92.728
