TOTAL ALKALINITY
Run Date:,10-20-2021,   ,End of Cal:,12:30:53
Operator:,DT,   ,CRM TA:,2114.9,   ,CRM TA:,2.160371,   ,Slope:,-1.718192e-002
Acid Batch:,210524,   ,CRM Salinity:,31.862,   ,Input TA:,,   ,[HCl](mM):,92.579
Volume:,18,   ,CRM Temp:,23.2
 
 
 
SampleID,Time,TA(mM),Init. pH,TA(uM),TA(uM) Corrected,Salinity,Temperature,Density,TA(umolkg-1),Volume HgCl2(uL),Volume Sample(mL),HgCl2 CF,TA(umolkg-1),TA_avg (umolkg-1),TA_std (umolkg-1),
ESL08b_20,11:29:53,2.1675,8.1		2,2167.5,   NaN,31.862,23.2,1.0215,NaN,50,250,1.0002,NaN,flag,flag
ESL08b_20,11:42:43,2.1721,8.097,2172.1,   NaN,31.862,23.2,1.0215,NaN,50,250,1.0002,NaN,,
ESL08b_20,12:12:58,2.1634,8.095,2163.4,   NaN,31.862,23.2,1.0215,NaN,50,250,1.0002,NaN,,
ESL08b_20,12:30:53,2.1642,8.093,2164.2,   NaN,31.862,23.2,1.0215,NaN,50,250,1.0002,NaN,,
RSA_079A,12:48:43,2.3085,7.94,2308.5,   NaN,32.935,23.2,1.0223,NaN,250,250,1.001,NaN,flag,flag
RSA_079A,13:02:38,2.2822,7.939,2282.2,   NaN,32.935,23.2,1.0223,NaN,250,250,1.001,NaN,,
RSA_079A,13:23:08,2.2751,7.938,2275.1,   NaN,32.935,23.2,1.0223,NaN,250,250,1.001,NaN,,
RSA_079A,13:39:53,2.2835,7.938,2283.5,   NaN,32.935,23.2,1.0223,NaN,250,250,1.001,NaN,,
RSA_079A,13:51:13,2.2765,7.944,2276.5,   NaN,32.935,23.2,1.0223,NaN,250,250,1.001,NaN,,
RSA_079B,14:17:18,2.2807,7.929,2280.7,   NaN,32.917,23.2,1.0223,NaN,250,250,1.001,NaN,NaN,   NaN
RSA_079B,14:33:38,2.2814,7.932,2281.4,   NaN,32.917,23.2,1.0223,NaN,250,250,1.001,NaN,,
RSA_080A,14:51:18,2.283,7.898,2283,   NaN,32.912,23.2,1.0223,NaN,250,250,1.001,NaN,NaN,   NaN
RSA_080A,15:04:03,2.2812,7.893,2281.2,   NaN,32.912,23.2,1.0223,NaN,250,250,1.001,NaN,,
RSA_080B,15:21:08,2.2632,7.932,2263.2,   NaN,32.468,23.2,1.022,NaN,250,250,1.001,NaN,NaN,   NaN
RSA_080B,15:33:58,2.2623,7.929,2262.3,   NaN,32.468,23.2,1.022,NaN,250,250,1.001,NaN,,
RSA_081A,15:52:23,2.3096,7.885,2309.6,   NaN,33.508,23.2,1.0227,NaN,250,250,1.001,NaN,NaN,   NaN
RSA_081A,16:37:02,2.3113,7.895,2311.3,   NaN,33.508,23.2,1.0227,NaN,250,250,1.001,NaN,,
RSA_081B,16:52:22,2.2713,7.923,2271.3,   NaN,32.701,23.2,1.0221,NaN,250,250,1.001,NaN,NaN,   NaN
RSA_081B,17:04:22,2.2717,7.92,2271.7,   NaN,32.701,23.2,1.0221,NaN,250,250,1.001,NaN,,
RSA_082A,17:31:17,2.2995,7.948,2299.5,   NaN,32.93,23.2,1.0223,NaN,250,250,1.001,NaN,NaN,   NaN
RSA_082A,17:44:32,2.2985,7.938,2298.5,   NaN,32.93,23.2,1.0223,NaN,250,250,1.001,NaN,,
RSA_082B,17:59:37,2.274,7.934,2274,   NaN,32.794,23.2,1.0222,NaN,250,250,1.001,NaN,NaN,   NaN
RSA_082B,18:12:12,2.2745,7.938,2274.5,   NaN,32.794,23.2,1.0222,NaN,250,250,1.001,NaN,,
RSA_083A,18:32:17,2.2955,8.004,2295.5,   NaN,32.909,23.2,1.0223,NaN,250,250,1.001,NaN,flag,flag
RSA_083A,18:44:17,2.2912,7.999,2291.2,   NaN,32.909,23.2,1.0223,NaN,250,250,1.001,NaN,,
RSA_083A,18:56:57,2.2894,7.999,2289.4,   NaN,32.909,23.2,1.0223,NaN,250,250,1.001,NaN,,
RSA_083B,19:14:22,2.2876,enter manually,2287.6,   NaN,32.903,23.2,1.0223,NaN,250,250,1.001,NaN,flag,flag
RSA_083B,19:28:02,2.2812,7.987,2281.2,   NaN,32.903,23.2,1.0223,NaN,250,250,1.001,NaN,,
RSA_083B,19:39:57,2.2817,7.995,2281.7,   NaN,32.903,23.2,1.0223,NaN,250,250,1.001,NaN,,
RSA_084A,19:54:12,2.293,7.905,2293,   NaN,33.046,23.2,1.0224,NaN,250,250,1.001,NaN,NaN,   NaN
RSA_084A,20:06:47,2.2914,7.906,2291.4,   NaN,33.046,23.2,1.0224,NaN,250,250,1.001,NaN,,
RSA_084B,20:21:02,2.2774,7.923,2277.4,   NaN,32.771,23.2,1.0222,NaN,250,250,1.001,NaN,NaN,   NaN
RSA_084B,20:31:52,2.2767,7.934,2276.7,   NaN,32.771,23.2,1.0222,NaN,250,250,1.001,NaN,,
ESL08b_20,21:09:52,2.1717,8.116,2171.7,   NaN,31.862,23.2,1.0215,NaN,50,250,1.0002,NaN,flag,flag
ESL08b_20,21:22:47,2.1694,8.118,2169.4,   NaN,31.862,23.2,1.0215,NaN,50,250,1.0002,NaN,,
ESL08b_20,21:34:47,2.1759,8.116,2175.9,   NaN,31.862,23.2,1.0215,NaN,50,250,1.0002,NaN,,
   ,,   ,,   ,,   ,,   ,,   ,,   ,,   ,,   ,,   ,,   ,,   ,,   ,,   ,,,
Calibration Date & Time	10-20-2021	12:40:32
T(C) = 	 23.2
	pH	EMF(mV)
	 4.01	 170.3
	 7	-5.1
	 10.01	-178.9
pH =	 6.928203	-1.718192e-002	 * EMF(mV)
	C(HCl)(mM)	 92.579
