TOTAL ALKALINITY
Run Date:,11-10-2021,   ,End of Cal:,12:11:46
Operator:,DT,   ,CRM TA:,2114.9,   ,CRM TA:,2.160491,   ,Slope:,-1.719181e-002
Acid Batch:,211103,   ,CRM Salinity:,31.862,   ,Input TA:,,   ,[HCl](mM):,97.05
Volume:,18,   ,CRM Temp:,23
 
 
 
SampleID,Time,TA(mM),Init. pH,TA(uM),TA(uM) Corrected,Salinity,Temperature,Density,TA(umolkg-1),Volume HgCl2(uL),Volume Sample(mL),HgCl2 CF,TA(umolkg-1),TA_avg (umolkg-1),TA_std (umolkg-1),
ESL08b_24,11:18:41,2.1514,8.122,2151.4,   NaN,31.862,23,1.0216,NaN,50,250,1.0002,NaN,flag,flag
ESL08b_24,11:29:26,2.1539,8.153,2153.9,   NaN,31.862,23,1.0216,NaN,50,250,1.0002,NaN,,
ESL08b_24,11:42:21,2.1515,8.132,2151.5,   NaN,31.862,23,1.0216,NaN,50,250,1.0002,NaN,,
ESL08b_24,11:58:16,2.1546,8.149,2154.6,   NaN,31.862,23,1.0216,NaN,50,250,1.0002,NaN,,
ESL08b_24,12:11:46,2.1546,8.145,2154.6,   NaN,31.862,23,1.0216,NaN,50,250,1.0002,NaN,,
RSA_112A,12:28:11,2.2698,8.14,2269.8,   NaN,32.948,23,1.0224,NaN,100,250,1.0004,NaN,flag,flag
RSA_112A,12:39:36,2.2665,8.154,2266.5,   NaN,32.948,23,1.0224,NaN,100,250,1.0004,NaN,,
RSA_112A,12:53:31,2.2689,8.145,2268.9,   NaN,32.948,23,1.0224,NaN,100,250,1.0004,NaN,,
RSA_112A,13:05:21,2.2617,8.115,2261.7,   NaN,32.948,23,1.0224,NaN,100,250,1.0004,NaN,,
RSA_112A,13:29:26,2.2576,8.112,2257.6,   NaN,32.948,23,1.0224,NaN,100,250,1.0004,NaN,,
RSA_112A,13:48:01,2.2629,8.111,2262.9,   NaN,32.948,23,1.0224,NaN,100,250,1.0004,NaN,,
RSA_112B,14:02:51,2.2533,7.986,2253.3,   NaN,32.864,23,1.0223,NaN,100,250,1.0004,NaN,flag,flag
RSA_112B,14:14:56,2.2591,7.989,2259.1,   NaN,32.864,23,1.0223,NaN,100,250,1.0004,NaN,,
RSA_112B,14:31:36,2.2596,7.975,2259.6,   NaN,32.864,23,1.0223,NaN,100,250,1.0004,NaN,,
RSA_113A,14:46:31,2.2532,7.965,2253.2,   NaN,32.815,23,1.0223,NaN,100,250,1.0004,NaN,flag,flag
RSA_113A,14:59:16,2.2494,7.949,2249.4,   NaN,32.815,23,1.0223,NaN,100,250,1.0004,NaN,,
RSA_113A,15:11:51,2.2499,7.957,2249.9,   NaN,32.815,23,1.0223,NaN,100,250,1.0004,NaN,,
RSA_113B,15:25:21,2.2426,7.957,2242.6,   NaN,32.792,23,1.0223,NaN,100,250,1.0004,NaN,flag,flag
RSA_113B,15:40:41,2.2456,7.96,2245.6,   NaN,32.792,23,1.0223,NaN,100,250,1.0004,NaN,,
RSA_113B,15:51:41,2.2441,7.955,2244.1,   NaN,32.792,23,1.0223,NaN,100,250,1.0004,NaN,,
RSA_114A,16:04:56,2.2482,7.971,2248.2,   NaN,32.720,23,1.0222,NaN,100,250,1.0004,NaN,NaN,   NaN
RSA_114A,16:16:51,2.2477,7.975,2247.7,   NaN,32.720,23,1.0222,NaN,100,250,1.0004,NaN,,
RSA_114B,16:30:31,2.2544,8.003,2254.4,   NaN,32.698,23,1.0222,NaN,100,250,1.0004,NaN,flag,flag
RSA_114B,16:43:21,2.2452,7.984,2245.2,   NaN,32.698,23,1.0222,NaN,100,250,1.0004,NaN,,
RSA_114B,16:58:51,2.2549,8.048,2254.9,   NaN,32.698,23,1.0222,NaN,100,250,1.0004,NaN,,
RSA_114B,17:14:46,2.2514,8.012,2251.4,   NaN,32.698,23,1.0222,NaN,100,250,1.0004,NaN,,
RSA_114B,17:29:01,2.2548,8.073,2254.8,   NaN,32.698,23,1.0222,NaN,100,250,1.0004,NaN,,
ESL08b_24,17:47:41,2.1585,8.121,2158.5,   NaN,31.862,23,1.0216,NaN,50,250,1.0002,NaN,NaN,   NaN
ESL08b_24,17:59:06,2.1575,8.118,2157.5,   NaN,31.862,23,1.0216,NaN,50,250,1.0002,NaN,,
   ,,   ,,   ,,   ,,   ,,   ,,   ,,   ,,   ,,   ,,   ,,   ,,   ,,   ,,,
Calibration Date & Time	11-10-2021	12:22:15
T(C) = 	 23
	pH	EMF(mV)
	 4.01	 169.3
	 7	-5.9
	 10.01	-179.7
pH =	 6.913258	-1.719181e-002	 * EMF(mV)
	C(HCl)(mM)	 97.05
