TOTAL ALKALINITY
Run Date:,11-09-2021,   ,End of Cal:,10:35:25
Operator:,DT,   ,CRM TA:,2114.9,   ,CRM TA:,2.160551,   ,Slope:,-1.719168e-002
Acid Batch:,211103,   ,CRM Salinity:,31.862,   ,Input TA:,,   ,[HCl](mM):,96.78699
Volume:,18,   ,CRM Temp:,22.9
 
 
 
SampleID,Time,TA(mM),Init. pH,TA(uM),TA(uM) Corrected,Salinity,Temperature,Density,TA(umolkg-1),Volume HgCl2(uL),Volume Sample(mL),HgCl2 CF,TA(umolkg-1),TA_avg (umolkg-1),TA_std (umolkg-1),
ESL08B_14,10:24:40,2.1548,8.127,2154.8,   NaN,31.862,22.9,1.0216,NaN,50,250,1.0002,NaN,NaN,   NaN
ESL08B_14,10:35:25,2.1529,8.123,2152.9,   NaN,31.862,22.9,1.0216,NaN,50,250,1.0002,NaN,,
OOI_1527,10:52:15,2.4193,7.989,2419.3,   NaN,35.9566,22.8,1.0247,NaN,100,250,1.0004,NaN,NaN,   NaN
OOI_1527,11:05:00,2.4205,7.989,2420.5,   NaN,35.9566,22.8,1.0247,NaN,100,250,1.0004,NaN,,
OOI_1528,11:20:25,2.4203,7.989,2420.3,   NaN,35.9552,22.8,1.0247,NaN,100,250,1.0004,NaN,NaN,   NaN
OOI_1528,11:33:15,2.4192,7.99,2419.2,   NaN,35.9552,22.8,1.0247,NaN,100,250,1.0004,NaN,,
NES_206,11:49:09,2.3357,7.855,2335.7,   NaN,32.9,22.8,1.0224,NaN,100,250,1.0004,NaN,NaN,   NaN
NES_206,11:59:54,2.3354,7.853,2335.4,   NaN,32.9,22.8,1.0224,NaN,100,250,1.0004,NaN,,
NES_209,12:15:09,2.3079,7.79,2307.9,   NaN,32.9,22.8,1.0224,NaN,100,250,1.0004,NaN,NaN,   NaN
NES_209,12:27:24,2.3081,7.789,2308.1,   NaN,32.9,22.8,1.0224,NaN,100,250,1.0004,NaN,,
NES_210,12:40:04,2.2241,8.124,2224.1,   NaN,32.9,22.8,1.0224,NaN,100,250,1.0004,NaN,NaN,   NaN
NES_210,12:51:09,2.2229,8.119,2222.9,   NaN,32.9,22.8,1.0224,NaN,100,250,1.0004,NaN,,
NES_213,13:04:19,2.2476,8.101,2247.6,   NaN,32.9,22.8,1.0224,NaN,100,250,1.0004,NaN,NaN,   NaN
NES_213,13:17:04,2.246,8.098,2246,   NaN,32.9,22.8,1.0224,NaN,100,250,1.0004,NaN,,
NES_215,13:32:29,2.2061,8.204,2206.1,   NaN,32.9,22.8,1.0224,NaN,100,250,1.0004,NaN,NaN,   NaN
NES_215,13:43:09,2.2047,8.197,2204.7,   NaN,32.9,22.8,1.0224,NaN,100,250,1.0004,NaN,,
NES_216,13:55:14,2.2549,8.106,2254.9,   NaN,32.9,22.8,1.0224,NaN,100,250,1.0004,NaN,flag,flag
NES_216,14:06:19,2.25,8.105,2250,   NaN,32.9,22.8,1.0224,NaN,100,250,1.0004,NaN,,
NES_216,14:17:44,2.2495,8.105,2249.5,   NaN,32.9,22.8,1.0224,NaN,100,250,1.0004,NaN,,
NES_217,14:29:29,2.3835,7.835,2383.5,   NaN,32.9,22.8,1.0224,NaN,100,250,1.0004,NaN,NaN,   NaN
NES_217,14:41:09,2.3844,7.85,2384.4,   NaN,32.9,22.8,1.0224,NaN,100,250,1.0004,NaN,,
NES_219,14:54:49,2.2093,8.161,2209.3,   NaN,32.9,22.8,1.0224,NaN,100,250,1.0004,NaN,NaN,   NaN
NES_219,15:05:14,2.2082,8.167,2208.2,   NaN,32.9,22.8,1.0224,NaN,100,250,1.0004,NaN,,
RSA_111A,15:20:09,2.273,7.984,2273,   NaN,33.024,22.8,1.0225,NaN,250,250,1.001,NaN,NaN,   NaN
RSA_111A,15:32:59,2.275,7.998,2275,   NaN,33.024,22.8,1.0225,NaN,250,250,1.001,NaN,,
RSA_111B,15:46:04,2.2576,7.992,2257.6,   NaN,32.775,22.8,1.0223,NaN,250,250,1.001,NaN,NaN,   NaN
RSA_111B,15:59:19,2.259,8.016,2259,   NaN,32.775,22.8,1.0223,NaN,250,250,1.001,NaN,,
ESL08B_14,16:15:04,2.1616,8.13,2161.6,   NaN,31.862,22.9,1.0216,NaN,50,250,1.0002,NaN,NaN,   NaN
ESL08B_14,16:27:19,2.1608,8.133,2160.8,   NaN,31.862,22.9,1.0216,NaN,50,250,1.0002,NaN,,
   ,,   ,,   ,,   ,,   ,,   ,,   ,,   ,,   ,,   ,,   ,,   ,,   ,,   ,,,
Calibration Date & Time	11-09-2021	10:46:08
T(C) = 	 22.8
	pH	EMF(mV)
	 4.01	 169.6
	 7	-5.9
	 10.01	-179.4
pH =	 6.916697	-1.719168e-002	 * EMF(mV)
	C(HCl)(mM)	 96.78699
