TOTAL ALKALINITY
Run Date:,02-14-2022,   ,End of Cal:,442	13:0
Operator:,DT,   ,CRM TA:,2118.1,   ,CRM TA:,2.164177,   ,Slope:,.710375e-002
Acid Batch:,211103,   ,CRM Salinity:,31.789,   ,Input TA:,,   ,[HCl](mM):,97.76
Volume:,18,   ,CRM Temp:,22.1
 
 
 
SampleID,Time,TA(mM),Init. pH,TA(uM),TA(uM) Corrected,Salinity,Temperature,Density,TA(umolkg-1),Volume HgCl2(uL),Volume Sample(mL),HgCl2 CF,TA(umolkg-1),TA_avg (umolkg-1),TA_std (umolkg-1),
ESL09a_03,12:06:40,2.1594,7.97,2159.4,   NaN,31.789,22.1,1.0218,NaN,50,250,1.0002,NaN,flag,flag
ESL09a_03,12:21:00,2.1635,7.941,2163.5,   NaN,31.789,22.1,1.0218,NaN,50,250,1.0002,NaN,,
ESL09a_03,12:34:30,2.1594,7.944,2159.4,   NaN,31.789,22.1,1.0218,NaN,50,250,1.0002,NaN,,
ESL09a_03,12:49:25,2.1565,7.939,2156.5,   NaN,31.789,22.1,1.0218,NaN,50,250,1.0002,NaN,,
ESL09a_03,13:04:50,2.1596,7.951,2159.6,   NaN,31.789,22.1,1.0218,NaN,50,250,1.0002,NaN,,
RSA_285,13:22:00,2.2465,7.984,2246.5,   NaN,32.696,22.1,1.0224,NaN,100,250,1.0004,NaN,flag,flag
RSA_285,13:35:10,2.2438,7.977,2243.8,   NaN,32.696,22.1,1.0224,NaN,100,250,1.0004,NaN,,
RSA_285,13:49:05,2.2434,7.974,2243.4,   NaN,32.696,22.1,1.0224,NaN,100,250,1.0004,NaN,,
RSA_286,14:07:35,2.2532,8.031,2253.2,   NaN,32.664,22.1,1.0224,NaN,100,250,1.0004,NaN,flag,flag
RSA_286,14:22:10,2.248,8.001,2248,   NaN,32.664,22.1,1.0224,NaN,100,250,1.0004,NaN,,
RSA_286,14:36:35,2.2479,7.989,2247.9,   NaN,32.664,22.1,1.0224,NaN,100,250,1.0004,NaN,,
RSA_287,14:52:10,2.2787,7.912,2278.7,   NaN,32.881,22.1,1.0226,NaN,100,250,1.0004,NaN,flag,flag
RSA_287,15:08:05,2.2736,7.847,2273.6,   NaN,32.881,22.1,1.0226,NaN,100,250,1.0004,NaN,,
RSA_287,15:24:40,2.2713,7.828,2271.3,   NaN,32.881,22.1,1.0226,NaN,100,250,1.0004,NaN,,
RSA_288,15:40:50,2.2497,8.043,2249.7,   NaN,32.640,22.1,1.0224,NaN,100,250,1.0004,NaN,flag,flag
RSA_288,15:55:40,2.2465,8.018,2246.5,   NaN,32.640,22.1,1.0224,NaN,100,250,1.0004,NaN,,
RSA_288,16:10:15,2.2457,8.01,2245.7,   NaN,32.640,22.1,1.0224,NaN,100,250,1.0004,NaN,,
RSA_289,16:27:30,2.2427,7.996,2242.7,   NaN,32.640,22.1,1.0224,NaN,100,250,1.0004,NaN,NaN,   NaN
RSA_289,16:40:20,2.2417,8.008,2241.7,   NaN,32.640,22.1,1.0224,NaN,100,250,1.0004,NaN,,
RSA_290,16:55:05,2.2693,7.95,2269.3,   NaN,32.883,22.1,1.0226,NaN,100,250,1.0004,NaN,flag,flag
RSA_290,17:11:35,2.2658,7.903,2265.8,   NaN,32.883,22.1,1.0226,NaN,100,250,1.0004,NaN,,
RSA_290,17:25:30,2.2666,7.892,2266.6,   NaN,32.883,22.1,1.0226,NaN,100,250,1.0004,NaN,,
RSA_291,17:40:40,2.2484,8.01,2248.4,   NaN,32.674,22.1,1.0224,NaN,100,250,1.0004,NaN,flag,flag
RSA_291,17:53:45,2.2458,8.001,2245.8,   NaN,32.674,22.1,1.0224,NaN,100,250,1.0004,NaN,,
RSA_291,18:13:00,2.2475,8.011,2247.5,   NaN,32.674,22.1,1.0224,NaN,100,250,1.0004,NaN,,
RSA_292,18:29:35,2.2409,8.033,2240.9,   NaN,32.587,22.1,1.0224,NaN,100,250,1.0004,NaN,flag,flag
RSA_292,18:43:55,2.2377,8.008,2237.7,   NaN,32.587,22.1,1.0224,NaN,100,250,1.0004,NaN,,
RSA_292,18:58:15,2.2382,enter manually,2238.2,   NaN,32.587,22.1,1.0224,NaN,100,250,1.0004,NaN,,
RSA_293,19:14:45,2.2351,7.977,2235.1,   NaN,32.587,22.1,1.0224,NaN,100,250,1.0004,NaN,NaN,   NaN
RSA_293,19:26:24,2.237,7.993,2237,   NaN,32.587,22.1,1.0224,NaN,100,250,1.0004,NaN,,
RSA_294,19:41:09,2.2391,7.984,2239.1,   NaN,32.625,22.1,1.0224,NaN,100,250,1.0004,NaN,NaN,   NaN
RSA_294,19:54:29,2.2398,8.004,2239.8,   NaN,32.625,22.1,1.0224,NaN,100,250,1.0004,NaN,,
ESL09a_03,20:10:09,2.1619,7.95,2161.9,   NaN,31.789,22.1,1.0218,NaN,50,250,1.0002,NaN,flag,flag
ESL09a_03,20:22:59,2.1645,7.968,2164.5,   NaN,31.789,22.1,1.0218,NaN,50,250,1.0002,NaN,,
ESL09a_03,20:37:54,2.1754,7.946,2175.4,   NaN,31.789,22.1,1.0218,NaN,50,250,1.0002,NaN,,
ESL09a_03,20:50:59,2.1674,7.98,2167.4,   NaN,31.789,22.1,1.0218,NaN,50,250,1.0002,NaN,,
ESL09a_03,21:04:34,2.1663,7.97,2166.3,   NaN,31.789,22.1,1.0218,NaN,50,250,1.0002,NaN,,
   ,,   ,,   ,,   ,,   ,,   ,,   ,,   ,,   ,,   ,,   ,,   ,,   ,,   ,,,
Calibration Date & Time	02-14-2022	13:16:38
T(C) = 	 22.1
	pH	EMF(mV)
	 4.01	 168.1
	 7	-6.6
	 10.01	-182.7
pH =	 6.8858	-1.710375e-002	 * EMF(mV)
	C(HCl)(mM)	 97.76
