TOTAL ALKALINITY
Run Date:,02-23-2022,   ,End of Cal:,456	11:5
Operator:,DT,   ,CRM TA:,2118.1,   ,CRM TA:,2.164177,   ,Slope:,-1.713306e-002
Acid Batch:,211103,   ,CRM Salinity:,31.789,   ,Input TA:,,   ,[HCl](mM):,97.659
Volume:,18,   ,CRM Temp:,22.1
 
 
 
SampleID,Time,TA(mM),Init. pH,TA(uM),TA(uM) Corrected,Salinity,Temperature,Density,TA(umolkg-1),Volume HgCl2(uL),Volume Sample(mL),HgCl2 CF,TA(umolkg-1),TA_avg (umolkg-1),TA_std (umolkg-1),
ESL09a_05,10:15:49,2.1674,7.979,2167.4,   NaN,31.789,22.1,1.0218,NaN,50,250,1.0002,NaN,flag,flag
ESL09a_05,10:31:18,2.1646,7.95,2164.6,   NaN,31.789,22.1,1.0218,NaN,50,250,1.0002,NaN,,
ESL09a_05,10:45:58,2.1668,7.958,2166.8,   NaN,31.789,22.1,1.0218,NaN,50,250,1.0002,NaN,,
ESL09a_05,11:01:08,2.1652,7.956,2165.2,   NaN,31.789,22.1,1.0218,NaN,50,250,1.0002,NaN,,
RSA_358,11:18:08,2.2615,8.138,2261.5,   NaN,32.556,22.1,1.0223,NaN,100,250,1.0004,NaN,flag,flag
RSA_358,11:31:08,2.2581,8.132,2258.1,   NaN,32.556,22.1,1.0223,NaN,100,250,1.0004,NaN,,
RSA_358,11:51:23,2.2602,8.134,2260.2,   NaN,32.556,22.1,1.0223,NaN,100,250,1.0004,NaN,,
RSA_359,12:07:28,2.2969,7.895,2296.9,   NaN,33.332,22.1,1.0229,NaN,100,250,1.0004,NaN,NaN,   NaN
RSA_359,12:22:33,2.2967,7.917,2296.7,   NaN,33.332,22.1,1.0229,NaN,100,250,1.0004,NaN,,
RSA_360,12:39:48,2.2477,8.099,2247.7,   NaN,32.517,22.1,1.0223,NaN,100,250,1.0004,NaN,NaN,   NaN
RSA_360,12:55:38,2.2457,8.083,2245.7,   NaN,32.517,22.1,1.0223,NaN,100,250,1.0004,NaN,,
RSA_361,13:11:18,2.2537,7.951,2253.7,   NaN,32.633,22.1,1.0224,NaN,100,250,1.0004,NaN,flag,flag
RSA_361,13:25:58,2.2577,enter manually,2257.7,   NaN,32.633,22.1,1.0224,NaN,100,250,1.0004,NaN,,
RSA_361,13:39:58,2.2539,7.954,2253.9,   NaN,32.633,22.1,1.0224,NaN,100,250,1.0004,NaN,,
RSA_361,13:55:43,2.2553,7.974,2255.3,   NaN,32.633,22.1,1.0224,NaN,100,250,1.0004,NaN,,
RSA_362,14:11:18,2.2774,7.915,2277.4,   NaN,33.012,22.1,1.0227,NaN,100,250,1.0004,NaN,NaN,   NaN
RSA_362,14:24:48,2.2753,7.917,2275.3,   NaN,33.012,22.1,1.0227,NaN,100,250,1.0004,NaN,,
RSA_363,14:41:13,2.2495,8.093,2249.5,   NaN,32.491,22.1,1.0223,NaN,100,250,1.0004,NaN,NaN,   NaN
RSA_363,14:54:43,2.248,8.086,2248,   NaN,32.491,22.1,1.0223,NaN,100,250,1.0004,NaN,,
RSA_364,15:11:33,2.242,8.081,2242,   NaN,32.474,22.1,1.0223,NaN,100,250,1.0004,NaN,flag,flag
RSA_364,15:25:53,2.2383,8.053,2238.3,   NaN,32.474,22.1,1.0223,NaN,100,250,1.0004,NaN,,
RSA_364,15:39:53,2.2417,8.078,2241.7,   NaN,32.474,22.1,1.0223,NaN,100,250,1.0004,NaN,,
RSA_364,15:54:53,2.2416,8.091,2241.6,   NaN,32.474,22.1,1.0223,NaN,100,250,1.0004,NaN,,
RSA_365,16:10:58,2.2524,7.963,2252.4,   NaN,32.637,22.1,1.0224,NaN,250,250,1.001,NaN,NaN,   NaN
RSA_365,16:24:33,2.2532,7.97,2253.2,   NaN,32.637,22.1,1.0224,NaN,250,250,1.001,NaN,,
RSA_366,16:40:08,2.247,8.071,2247,   NaN,32.559,22.1,1.0223,NaN,250,250,1.001,NaN,flag,flag
RSA_366,16:54:38,2.2495,8.094,2249.5,   NaN,32.559,22.1,1.0223,NaN,250,250,1.001,NaN,,
RSA_366,17:09:03,2.2466,8.06,2246.6,   NaN,32.559,22.1,1.0223,NaN,250,250,1.001,NaN,,
RSA_366,17:22:08,2.2495,8.066,2249.5,   NaN,32.559,22.1,1.0223,NaN,250,250,1.001,NaN,,
RSA_366,17:34:58,2.2482,8.062,2248.2,   NaN,32.559,22.1,1.0223,NaN,250,250,1.001,NaN,,
RSA_367,17:50:53,2.2621,7.909,2262.1,   NaN,32.739,22.1,1.0225,NaN,250,250,1.001,NaN,NaN,   NaN
RSA_367,18:04:38,2.2608,7.904,2260.8,   NaN,32.739,22.1,1.0225,NaN,250,250,1.001,NaN,,
RSA_368,18:20:43,2.2525,8.104,2252.5,   NaN,32.523,22.1,1.0223,NaN,250,250,1.001,NaN,NaN,   NaN
RSA_368,18:36:03,2.2523,8.088,2252.3,   NaN,32.523,22.1,1.0223,NaN,250,250,1.001,NaN,,
RSA_369,18:51:18,2.2667,7.919,2266.7,   NaN,32.731,22.1,1.0225,NaN,250,250,1.001,NaN,NaN,   NaN
RSA_369,19:03:43,2.2649,7.922,2264.9,   NaN,32.731,22.1,1.0225,NaN,250,250,1.001,NaN,,
ESL09a_05,19:20:13,2.1649,7.97,2164.9,   NaN,31.789,22.1,1.0218,NaN,50,250,1.0002,NaN,NaN,   NaN
ESL09a_05,19:33:12,2.166,7.98,2166,   NaN,31.789,22.1,1.0218,NaN,50,250,1.0002,NaN,,
   ,,   ,,   ,,   ,,   ,,   ,,   ,,   ,,   ,,   ,,   ,,   ,,   ,,   ,,,
Calibration Date & Time	02-23-2022	12:01:44
T(C) = 	 22.1
	pH	EMF(mV)
	 4.01	 167.6
	 7	-6.9
	 10.01	-182.6
pH =	 6.881596	-1.713306e-002	 * EMF(mV)
	C(HCl)(mM)	 97.659
