TOTAL ALKALINITY
Run Date:,02-08-2022,   ,End of Cal:,442	11:0
Operator:,DT,   ,CRM TA:,2112.6,   ,CRM TA:,2.158674,   ,Slope:,-1.710865e-002
Acid Batch:,211103,   ,CRM Salinity:,31.862,   ,Input TA:,,   ,[HCl](mM):,97.469
Volume:,18,   ,CRM Temp:,22.1
 
 
 
SampleID,Time,TA(mM),Init. pH,TA(uM),TA(uM) Corrected,Salinity,Temperature,Density,TA(umolkg-1),Volume HgCl2(uL),Volume Sample(mL),HgCl2 CF,TA(umolkg-1),TA_avg (umolkg-1),TA_std (umolkg-1),
ESL08a_20,10:50:18,2.1661,8.17,2166.1,   NaN,31.862,22.1,1.0218,NaN,50,250,1.0002,NaN,NaN,   NaN
ESL08a_20,11:06:43,2.1675,8.143,2167.5,   NaN,31.862,22.1,1.0218,NaN,50,250,1.0002,NaN,,
RSA_259,11:25:28,2.2363,8.024,2236.3,   NaN,32.610,22.1,1.0224,NaN,100,250,1.0004,NaN,NaN,   NaN
RSA_259,11:40:13,2.2368,8.04,2236.8,   NaN,32.610,22.1,1.0224,NaN,100,250,1.0004,NaN,,
RSA_260,11:56:53,2.244,8.044,2244,   NaN,32.604,22.1,1.0224,NaN,100,250,1.0004,NaN,flag,flag
RSA_260,12:11:33,2.2396,8.013,2239.6,   NaN,32.604,22.1,1.0224,NaN,100,250,1.0004,NaN,,
RSA_260,12:24:38,2.2402,8.03,2240.2,   NaN,32.604,22.1,1.0224,NaN,100,250,1.0004,NaN,,
RSA_261,12:41:58,2.2525,7.954,2252.5,   NaN,32.778,22.1,1.0225,NaN,100,250,1.0004,NaN,NaN,   NaN
RSA_261,12:55:28,2.2504,7.946,2250.4,   NaN,32.778,22.1,1.0225,NaN,100,250,1.0004,NaN,,
RSA_262,13:11:23,2.2548,7.962,2254.8,   NaN,32.754,22.1,1.0225,NaN,100,250,1.0004,NaN,NaN,   NaN
RSA_262,13:26:18,2.2527,7.959,2252.7,   NaN,32.754,22.1,1.0225,NaN,100,250,1.0004,NaN,,
RSA_263,13:41:57,2.246,8.082,2246,   NaN,32.636,22.1,1.0224,NaN,100,250,1.0004,NaN,NaN,   NaN
RSA_263,13:55:22,2.247,8.079,2247,   NaN,32.636,22.1,1.0224,NaN,100,250,1.0004,NaN,,
RSA_264,14:11:22,2.2443,8.02,2244.3,   NaN,32.645,22.1,1.0224,NaN,100,250,1.0004,NaN,NaN,   NaN
RSA_264,14:26:57,2.2463,8.046,2246.3,   NaN,32.645,22.1,1.0224,NaN,100,250,1.0004,NaN,,
RSA_265,14:43:52,2.2548,7.912,2254.8,   NaN,32.815,22.1,1.0225,NaN,100,250,1.0004,NaN,NaN,   NaN
RSA_265,14:57:47,2.2551,7.917,2255.1,   NaN,32.815,22.1,1.0225,NaN,100,250,1.0004,NaN,,
RSA_266,16:15:27,2.2469,8.107,2246.9,   NaN,32.585,22.1,1.0224,NaN,100,250,1.0004,NaN,flag,flag
RSA_266,16:31:02,2.2411,8.08,2241.1,   NaN,32.585,22.1,1.0224,NaN,100,250,1.0004,NaN,,
RSA_266,16:45:32,2.246,8.092,2246,   NaN,32.585,22.1,1.0224,NaN,100,250,1.0004,NaN,,
RSA_266,16:59:27,2.2435,8.098,2243.5,   NaN,32.585,22.1,1.0224,NaN,100,250,1.0004,NaN,,
RSA_266,17:15:27,2.2439,8.088,2243.9,   NaN,32.585,22.1,1.0224,NaN,100,250,1.0004,NaN,,
RSA_267,17:32:47,2.2523,7.901,2252.3,   NaN,32.786,22.1,1.0225,NaN,100,250,1.0004,NaN,NaN,   NaN
RSA_267,17:48:02,2.2545,7.915,2254.5,   NaN,32.786,22.1,1.0225,NaN,100,250,1.0004,NaN,,
RSA_268,18:03:17,2.2408,8.016,2240.8,   NaN,32.653,22.1,1.0224,NaN,100,250,1.0004,NaN,flag,flag
RSA_268,18:16:57,2.244,8.029,2244,   NaN,32.653,22.1,1.0224,NaN,100,250,1.0004,NaN,,
RSA_268,18:31:07,2.246,8.035,2246,   NaN,32.653,22.1,1.0224,NaN,100,250,1.0004,NaN,,
RSA_270,18:47:17,2.2434,7.996,2243.4,   NaN,32.657,22.1,1.0224,NaN,250,250,1.001,NaN,NaN,   NaN
RSA_270,19:01:22,2.2441,7.993,2244.1,   NaN,32.657,22.1,1.0224,NaN,250,250,1.001,NaN,,
RSA_269,19:16:22,2.2593,7.901,2259.3,   NaN,32.9,22.1,1.0226,NaN,100,250,1.0004,NaN,NaN,   NaN
RSA_269,19:28:57,2.2573,7.91,2257.3,   NaN,32.9,22.1,1.0226,NaN,100,250,1.0004,NaN,,
ESL08a_20,19:44:52,2.1577,8.11,2157.7,   NaN,31.862,22.1,1.0218,NaN,50,250,1.0002,NaN,NaN,   NaN
ESL08a_20,19:58:27,2.1579,8.139,2157.9,   NaN,31.862,22.1,1.0218,NaN,50,250,1.0002,NaN,,
   ,,   ,,   ,,   ,,   ,,   ,,   ,,   ,,   ,,   ,,   ,,   ,,   ,,   ,,,
Calibration Date & Time	02-08-2022	11:19:40
T(C) = 	 22.1
	pH	EMF(mV)
	 4.01	 168.8
	 7	-6.1
	 10.01	-181.9
pH =	 6.897171	-1.710865e-002	 * EMF(mV)
	C(HCl)(mM)	 97.469
