TOTAL ALKALINITY
Run Date:,02-17-2022,   ,End of Cal:,442	11:0
Operator:,DT,   ,CRM TA:,2118.1,   ,CRM TA:,2.164177,   ,Slope:,-1.713798e-002
Acid Batch:,211103,   ,CRM Salinity:,31.789,   ,Input TA:,,   ,[HCl](mM):,97.566
Volume:,18,   ,CRM Temp:,22.1
 
 
 
SampleID,Time,TA(mM),Init. pH,TA(uM),TA(uM) Corrected,Salinity,Temperature,Density,TA(umolkg-1),Volume HgCl2(uL),Volume Sample(mL),HgCl2 CF,TA(umolkg-1),TA_avg (umolkg-1),TA_std (umolkg-1),
ESL09a_02,10:49:58,2.1626,7.979,2162.6,   NaN,31.789,22.1,1.0218,NaN,50,250,1.0002,NaN,NaN,   NaN
ESL09a_02,11:04:48,2.161,7.976,2161,   NaN,31.789,22.1,1.0218,NaN,50,250,1.0002,NaN,,
RSA_307,11:22:28,2.2274,8.03,2227.4,   NaN,32.569,22.1,1.0223,NaN,250,250,1.001,NaN,NaN,   NaN
RSA_307,11:36:13,2.2284,8.014,2228.4,   NaN,32.569,22.1,1.0223,NaN,250,250,1.001,NaN,,
RSA_308,11:50:23,2.233,enter manually,2233,   NaN,32.550,22.1,1.0223,NaN,250,250,1.001,NaN,flag,flag
RSA_308,12:02:33,2.2307,8.049,2230.7,   NaN,32.550,22.1,1.0223,NaN,250,250,1.001,NaN,,
RSA_308,12:15:38,2.2299,8.019,2229.9,   NaN,32.550,22.1,1.0223,NaN,250,250,1.001,NaN,,
RSA_309,12:28:18,2.2264,enter manually,2226.4,   NaN,32.550,22.1,1.0223,NaN,250,250,1.001,NaN,flag,flag
RSA_309,12:41:33,2.2297,8.047,2229.7,   NaN,32.550,22.1,1.0223,NaN,250,250,1.001,NaN,,
RSA_309,12:56:43,2.2292,8.036,2229.2,   NaN,32.550,22.1,1.0223,NaN,250,250,1.001,NaN,,
RSA_310,13:14:23,2.2278,8.023,2227.8,   NaN,32.547,22.1,1.0223,NaN,250,250,1.001,NaN,NaN,   NaN
RSA_310,13:25:38,2.2275,8.035,2227.5,   NaN,32.547,22.1,1.0223,NaN,250,250,1.001,NaN,,
RSA_311,13:41:58,2.2285,8.03,2228.5,   NaN,32.547,22.1,1.0223,NaN,250,250,1.001,NaN,NaN,   NaN
RSA_311,13:55:03,2.2268,8.028,2226.8,   NaN,32.547,22.1,1.0223,NaN,250,250,1.001,NaN,,
RSA_312,14:08:58,2.2291,8.023,2229.1,   NaN,32.544,22.1,1.0223,NaN,250,250,1.001,NaN,NaN,   NaN
RSA_312,14:20:08,2.2271,8.03,2227.1,   NaN,32.544,22.1,1.0223,NaN,250,250,1.001,NaN,,
RSA_313,14:33:58,2.2435,7.984,2243.5,   NaN,32.596,22.1,1.0224,NaN,250,250,1.001,NaN,NaN,   NaN
RSA_313,14:47:28,2.2435,7.996,2243.5,   NaN,32.596,22.1,1.0224,NaN,250,250,1.001,NaN,,
RSA_314,15:03:43,2.236,8.046,2236,   NaN,32.465,22.1,1.0223,NaN,250,250,1.001,NaN,NaN,   NaN
RSA_314,15:15:53,2.2362,8.052,2236.2,   NaN,32.465,22.1,1.0223,NaN,250,250,1.001,NaN,,
RSA_315,15:30:18,2.2337,8.09,2233.7,   NaN,32.358,22.1,1.0222,NaN,100,250,1.0004,NaN,NaN,   NaN
RSA_315,15:42:18,2.2336,8.089,2233.6,   NaN,32.358,22.1,1.0222,NaN,100,250,1.0004,NaN,,
RSA_316,15:56:23,2.2318,8.078,2231.8,   NaN,32.358,22.1,1.0222,NaN,100,250,1.0004,NaN,NaN,   NaN
RSA_316,16:07:33,2.23,8.073,2230,   NaN,32.358,22.1,1.0222,NaN,100,250,1.0004,NaN,,
RSA_317,16:30:38,2.2618,7.944,2261.8,   NaN,32.809,22.1,1.0225,NaN,100,250,1.0004,NaN,NaN,   NaN
RSA_317,16:46:18,2.2624,7.945,2262.4,   NaN,32.809,22.1,1.0225,NaN,100,250,1.0004,NaN,,
RSA_318,17:03:53,2.2552,7.939,2255.2,   NaN,32.693,22.1,1.0224,NaN,100,250,1.0004,NaN,NaN,   NaN
RSA_318,17:17:48,2.2551,7.945,2255.1,   NaN,32.693,22.1,1.0224,NaN,100,250,1.0004,NaN,,
RSA_319,17:32:48,2.2313,8.054,2231.3,   NaN,32.396,22.1,1.0222,NaN,100,250,1.0004,NaN,NaN,   NaN
RSA_319,17:44:42,2.2309,8.065,2230.9,   NaN,32.396,22.1,1.0222,NaN,100,250,1.0004,NaN,,
RSA_320,17:59:37,2.277,7.88,2277,   NaN,32.988,22.1,1.0227,NaN,100,250,1.0004,NaN,NaN,   NaN
RSA_320,18:13:32,2.2792,7.923,2279.2,   NaN,32.988,22.1,1.0227,NaN,100,250,1.0004,NaN,,
RSA_321,18:30:57,2.228,8.062,2228,   NaN,32.395,22.1,1.0222,NaN,100,250,1.0004,NaN,flag,flag
RSA_321,18:43:37,2.2317,8.076,2231.7,   NaN,32.395,22.1,1.0222,NaN,100,250,1.0004,NaN,,
RSA_321,18:56:32,2.2294,8.055,2229.4,   NaN,32.395,22.1,1.0222,NaN,100,250,1.0004,NaN,,
ESL09a_02,19:13:07,2.1644,7.975,2164.4,   NaN,31.789,22.1,1.0218,NaN,50,250,1.0002,NaN,NaN,   NaN
ESL09a_02,19:28:12,2.1632,7.971,2163.2,   NaN,31.789,22.1,1.0218,NaN,50,250,1.0002,NaN,,
   ,,   ,,   ,,   ,,   ,,   ,,   ,,   ,,   ,,   ,,   ,,   ,,   ,,   ,,,
Calibration Date & Time	02-17-2022	11:17:00
T(C) = 	 22.1
	pH	EMF(mV)
	 4.01	 167.4
	 7	-7.4
	 10.01	-182.7
pH =	 6.876989	-1.713798e-002	 * EMF(mV)
	C(HCl)(mM)	 97.566
