TOTAL ALKALINITY
Run Date:,02-10-2022,   ,End of Cal:,442	11:2
Operator:,DT,   ,CRM TA:,2118.1,   ,CRM TA:,2.164177,   ,Slope:,-1.710377e-002
Acid Batch:,211103,   ,CRM Salinity:,31.789,   ,Input TA:,,   ,[HCl](mM):,97.78
Volume:,18,   ,CRM Temp:,22.1
 
 
 
SampleID,Time,TA(mM),Init. pH,TA(uM),TA(uM) Corrected,Salinity,Temperature,Density,TA(umolkg-1),Volume HgCl2(uL),Volume Sample(mL),HgCl2 CF,TA(umolkg-1),TA_avg (umolkg-1),TA_std (umolkg-1),
ESL09a_24,11:03:52,2.1574,7.956,2157.4,   NaN,31.789,22.1,1.0218,NaN,50,250,1.0002,NaN,NaN,   NaN
ESL09a_24,11:16:57,2.1571,7.965,2157.1,   NaN,31.789,22.1,1.0218,NaN,50,250,1.0002,NaN,,
RSA_271,11:36:22,2.254,8.015,2254,   NaN,32.655,22.1,1.0224,NaN,250,250,1.001,NaN,flag,flag
RSA_271,11:50:27,2.2501,8.002,2250.1,   NaN,32.655,22.1,1.0224,NaN,250,250,1.001,NaN,,
RSA_271,12:03:57,2.2501,8.007,2250.1,   NaN,32.655,22.1,1.0224,NaN,250,250,1.001,NaN,,
RSA_272,12:20:07,2.2485,8.024,2248.5,   NaN,32.662,22.1,1.0224,NaN,250,250,1.001,NaN,flag,flag
RSA_272,12:33:32,2.2431,7.981,2243.1,   NaN,32.662,22.1,1.0224,NaN,250,250,1.001,NaN,,
RSA_272,12:47:22,2.2436,7.993,2243.6,   NaN,32.662,22.1,1.0224,NaN,250,250,1.001,NaN,,
RSA_273,13:02:22,2.2436,8.012,2243.6,   NaN,32.617,22.1,1.0224,NaN,250,250,1.001,NaN,NaN,   NaN
RSA_273,13:20:37,2.2451,enter manually,2245.1,   NaN,32.617,22.1,1.0224,NaN,250,250,1.001,NaN,,
RSA_274,13:35:52,2.2626,7.91,2262.6,   NaN,32.9,22.1,1.0226,NaN,100,250,1.0004,NaN,flag,flag
RSA_274,13:50:12,2.2603,7.894,2260.3,   NaN,32.9,22.1,1.0226,NaN,100,250,1.0004,NaN,,
RSA_274,14:04:32,2.261,7.894,2261,   NaN,32.9,22.1,1.0226,NaN,100,250,1.0004,NaN,,
RSA_275,14:20:32,2.2729,7.819,2272.9,   NaN,32.867,22.1,1.0226,NaN,100,250,1.0004,NaN,NaN,   NaN
RSA_275,14:36:42,2.2736,7.819,2273.6,   NaN,32.867,22.1,1.0226,NaN,100,250,1.0004,NaN,,
RSA_276,14:54:22,2.2513,8.092,2251.3,   NaN,32.9,22.1,1.0226,NaN,100,250,1.0004,NaN,flag,flag
RSA_276,15:10:12,2.2466,8.03,2246.6,   NaN,32.9,22.1,1.0226,NaN,100,250,1.0004,NaN,,
RSA_276,15:24:32,2.2475,8.022,2247.5,   NaN,32.9,22.1,1.0226,NaN,100,250,1.0004,NaN,,
RSA_277,15:41:17,2.2507,8.119,2250.7,   NaN,32.451,22.1,1.0223,NaN,100,250,1.0004,NaN,NaN,   NaN
RSA_277,15:58:31,2.2486,8.104,2248.6,   NaN,32.451,22.1,1.0223,NaN,100,250,1.0004,NaN,,
RSA_278,16:15:41,2.2788,7.827,2278.8,   NaN,32.963,22.1,1.0226,NaN,100,250,1.0004,NaN,NaN,   NaN
RSA_278,16:30:31,2.2777,7.823,2277.7,   NaN,32.963,22.1,1.0226,NaN,100,250,1.0004,NaN,,
RSA_279,16:46:41,2.2648,8.12,2264.8,   NaN,32.694,22.1,1.0224,NaN,100,250,1.0004,NaN,flag,flag
RSA_279,17:06:51,2.2617,8.081,2261.7,   NaN,32.694,22.1,1.0224,NaN,100,250,1.0004,NaN,,
RSA_279,17:23:36,2.2607,8.075,2260.7,   NaN,32.694,22.1,1.0224,NaN,100,250,1.0004,NaN,,
RSA_280,17:39:11,2.2791,7.821,2279.1,   NaN,32.9,22.1,1.0226,NaN,100,250,1.0004,NaN,NaN,   NaN
RSA_280,17:53:36,2.2791,7.803,2279.1,   NaN,32.9,22.1,1.0226,NaN,100,250,1.0004,NaN,,
RSA_281,18:09:36,2.25,8.036,2250,   NaN,32.9,22.1,1.0226,NaN,100,250,1.0004,NaN,NaN,   NaN
RSA_281,18:26:16,2.25,8.002,2250,   NaN,32.9,22.1,1.0226,NaN,100,250,1.0004,NaN,,
RSA_282,18:41:31,2.2599,7.986,2259.9,   NaN,32.763,22.1,1.0225,NaN,100,250,1.0004,NaN,flag,flag
RSA_282,18:56:06,2.2572,7.969,2257.2,   NaN,32.763,22.1,1.0225,NaN,100,250,1.0004,NaN,,
RSA_282,19:10:41,2.2601,7.996,2260.1,   NaN,32.763,22.1,1.0225,NaN,100,250,1.0004,NaN,,
RSA_282,19:25:16,2.2592,7.999,2259.2,   NaN,32.763,22.1,1.0225,NaN,100,250,1.0004,NaN,,
RSA_283,19:41:56,2.2461,8.058,2246.1,   NaN,32.594,22.1,1.0224,NaN,100,250,1.0004,NaN,NaN,   NaN
RSA_283,19:58:21,2.2452,8.037,2245.2,   NaN,32.594,22.1,1.0224,NaN,100,250,1.0004,NaN,,
RSA_284,20:14:21,2.2583,8.046,2258.3,   NaN,32.696,22.1,1.0224,NaN,100,250,1.0004,NaN,flag,flag
RSA_284,20:29:31,2.2542,7.993,2254.2,   NaN,32.696,22.1,1.0224,NaN,100,250,1.0004,NaN,,
RSA_284,20:42:51,2.2553,8.002,2255.3,   NaN,32.696,22.1,1.0224,NaN,100,250,1.0004,NaN,,
ESL9a_24,20:58:21,2.1612,7.943,2161.2,   NaN,31.789,22.1,1.0218,NaN,50,250,1.0002,NaN,flag,flag
ESL9a_24,21:11:46,2.1665,7.978,2166.5,   NaN,31.789,22.1,1.0218,NaN,50,250,1.0002,NaN,,
ESL9a_24,21:27:16,2.1665,7.981,2166.5,   NaN,31.789,22.1,1.0218,NaN,50,250,1.0002,NaN,,
   ,,   ,,   ,,   ,,   ,,   ,,   ,,   ,,   ,,   ,,   ,,   ,,   ,,   ,,,
Calibration Date & Time	02-10-2022	11:26:55
T(C) = 	 22.1
	pH	EMF(mV)
	 4.01	 168.6
	 7	-6.3
	 10.01	-182.2
pH =	 6.893212	-1.710377e-002	 * EMF(mV)
	C(HCl)(mM)	 97.78
