TOTAL ALKALINITY
Run Date:,02-24-2022,   ,End of Cal:,442	10:5
Operator:,DT,   ,CRM TA:,2118.1,   ,CRM TA:,2.164177,   ,Slope:,-1.71575e-002
Acid Batch:,211103,   ,CRM Salinity:,31.789,   ,Input TA:,,   ,[HCl](mM):,97.467
Volume:,18,   ,CRM Temp:,22.1
 
 
 
SampleID,Time,TA(mM),Init. pH,TA(uM),TA(uM) Corrected,Salinity,Temperature,Density,TA(umolkg-1),Volume HgCl2(uL),Volume Sample(mL),HgCl2 CF,TA(umolkg-1),TA_avg (umolkg-1),TA_std (umolkg-1),
ESL09a_21,10:32:58,2.1686,7.985,2168.6,   NaN,31.789,22.1,1.0218,NaN,50,250,1.0002,NaN,NaN,   NaN
ESL09a_21,10:47:33,2.1682,7.978,2168.2,   NaN,31.789,22.1,1.0218,NaN,50,250,1.0002,NaN,,
RSA_370,11:04:58,2.2463,8.103,2246.3,   NaN,32.535,22.1,1.0223,NaN,250,250,1.001,NaN,NaN,   NaN
RSA_370,11:19:53,2.247,8.083,2247,   NaN,32.535,22.1,1.0223,NaN,250,250,1.001,NaN,,
RSA_371,11:34:38,2.3338,8.262,2333.8,   NaN,33.567,22.1,1.0231,NaN,250,250,1.001,NaN,flag,flag
RSA_371,11:50:33,2.3037,7.914,2303.7,   NaN,33.567,22.1,1.0231,NaN,250,250,1.001,NaN,,
RSA_371,12:05:48,2.3013,7.915,2301.3,   NaN,33.567,22.1,1.0231,NaN,250,250,1.001,NaN,,
RSA_372,12:20:23,2.2588,7.922,2258.8,   NaN,32.735,22.1,1.0225,NaN,250,250,1.001,NaN,flag,flag
RSA_372,12:33:18,2.2548,7.891,2254.8,   NaN,32.735,22.1,1.0225,NaN,250,250,1.001,NaN,,
RSA_372,12:47:38,2.2563,7.911,2256.3,   NaN,32.735,22.1,1.0225,NaN,250,250,1.001,NaN,,
RSA_373,13:01:38,2.2411,8.095,2241.1,   NaN,32.489,22.1,1.0223,NaN,250,250,1.001,NaN,flag,flag
RSA_373,13:14:33,2.2317,8.046,2231.7,   NaN,32.489,22.1,1.0223,NaN,250,250,1.001,NaN,,
RSA_373,13:26:38,2.2398,8.09,2239.8,   NaN,32.489,22.1,1.0223,NaN,250,250,1.001,NaN,,
RSA_373,13:41:28,2.2405,8.09,2240.5,   NaN,32.489,22.1,1.0223,NaN,250,250,1.001,NaN,,
RSA_374,13:57:48,2.2261,8.042,2226.1,   NaN,32.559,22.1,1.0223,NaN,250,250,1.001,NaN,NaN,   NaN
RSA_374,14:11:53,2.2259,8.031,2225.9,   NaN,32.559,22.1,1.0223,NaN,250,250,1.001,NaN,,
RSA_375,14:27:23,2.2557,8.123,2255.7,   NaN,32.559,22.1,1.0223,NaN,250,250,1.001,NaN,NaN,   NaN
RSA_375,14:42:18,2.2545,8.108,2254.5,   NaN,32.559,22.1,1.0223,NaN,250,250,1.001,NaN,,
RSA_376,14:57:13,2.2633,7.888,2263.3,   NaN,32.831,22.1,1.0225,NaN,250,250,1.001,NaN,NaN,   NaN
RSA_376,15:10:38,2.2641,7.895,2264.1,   NaN,32.831,22.1,1.0225,NaN,250,250,1.001,NaN,,
RSA_377,15:25:08,2.265,7.916,2265,   NaN,32.831,22.1,1.0225,NaN,250,250,1.001,NaN,flag,flag
RSA_377,15:39:58,2.27,7.91,2270,   NaN,32.831,22.1,1.0225,NaN,250,250,1.001,NaN,,
RSA_377,15:54:18,2.2632,7.901,2263.2,   NaN,32.831,22.1,1.0225,NaN,250,250,1.001,NaN,,
RSA_377,17:30:13,2.2658,7.927,2265.8,   NaN,32.831,22.1,1.0225,NaN,250,250,1.001,NaN,,
RSA_377,17:43:48,2.2627,7.908,2262.7,   NaN,32.831,22.1,1.0225,NaN,250,250,1.001,NaN,,
RSA_378,18:00:08,2.2527,8.091,2252.7,   NaN,32.496,22.1,1.0223,NaN,250,250,1.001,NaN,NaN,   NaN
RSA_378,18:12:37,2.251,8.081,2251,   NaN,32.496,22.1,1.0223,NaN,250,250,1.001,NaN,,
RSA_379,18:28:42,2.2722,7.915,2272.2,   NaN,32.901,22.1,1.0226,NaN,100,250,1.0004,NaN,NaN,   NaN
RSA_379,18:42:07,2.2713,7.912,2271.3,   NaN,32.901,22.1,1.0226,NaN,100,250,1.0004,NaN,,
RSA_380,18:57:12,2.2553,8.119,2255.3,   NaN,32.488,22.1,1.0223,NaN,100,250,1.0004,NaN,NaN,   NaN
RSA_380,19:11:12,2.2553,8.118,2255.3,   NaN,32.488,22.1,1.0223,NaN,100,250,1.0004,NaN,,
RSA_381,19:26:32,2.2885,7.901,2288.5,   NaN,33.219,22.1,1.0228,NaN,100,250,1.0004,NaN,NaN,   NaN
RSA_381,19:39:52,2.2908,7.914,2290.8,   NaN,33.219,22.1,1.0228,NaN,100,250,1.0004,NaN,,
ESL09a_21,19:54:57,2.1653,7.992,2165.3,   NaN,31.789,22.1,1.0218,NaN,50,250,1.0002,NaN,NaN,   NaN
ESL09a_21,20:09:12,2.1632,7.998,2163.2,   NaN,31.789,22.1,1.0218,NaN,50,250,1.0002,NaN,,
   ,,   ,,   ,,   ,,   ,,   ,,   ,,   ,,   ,,   ,,   ,,   ,,   ,,   ,,,
Calibration Date & Time	02-24-2022	10:59:22
T(C) = 	 22.1
	pH	EMF(mV)
	 4.01	 167.5
	 7	-6.4
	 10.01	-182.2
pH =	 6.885993	-1.71575e-002	 * EMF(mV)
	C(HCl)(mM)	 97.467
