TOTAL ALKALINITY
Run Date:,02-25-2022,   ,End of Cal:,442	11:4
Operator:,DT,   ,CRM TA:,2118.1,   ,CRM TA:,2.164177,   ,Slope:,-1.71233e-002
Acid Batch:,211103,   ,CRM Salinity:,31.789,   ,Input TA:,,   ,[HCl](mM):,97.663
Volume:,18,   ,CRM Temp:,22.1
 
 
 
SampleID,Time,TA(mM),Init. pH,TA(uM),TA(uM) Corrected,Salinity,Temperature,Density,TA(umolkg-1),Volume HgCl2(uL),Volume Sample(mL),HgCl2 CF,TA(umolkg-1),TA_avg (umolkg-1),TA_std (umolkg-1),
ESL09a_19,11:26:38,2.1608,7.97,2160.8,   NaN,31.789,22.1,1.0218,NaN,50,250,1.0002,NaN,NaN,   NaN
ESL09a_19,11:39:38,2.1588,7.953,2158.8,   NaN,31.789,22.1,1.0218,NaN,50,250,1.0002,NaN,,
RSA_382,11:55:38,2.2735,8.116,2273.5,   NaN,32.691,22.1,1.0224,NaN,100,250,1.0004,NaN,flag,flag
RSA_382,12:09:23,2.2641,8.125,2264.1,   NaN,32.691,22.1,1.0224,NaN,100,250,1.0004,NaN,,
RSA_382,12:22:13,2.2634,8.123,2263.4,   NaN,32.691,22.1,1.0224,NaN,100,250,1.0004,NaN,,
RSA_383,12:37:03,2.3925,8.005,2392.5,   NaN,35.229,22.1,1.0244,NaN,100,250,1.0004,NaN,NaN,   NaN
RSA_383,12:58:13,2.3931,enter manually,2393.1,   NaN,35.229,22.1,1.0244,NaN,100,250,1.0004,NaN,,
RSA_384,13:14:43,2.3941,enter manually,2394.1,   NaN,35.229,22.1,1.0244,NaN,100,250,1.0004,NaN,NaN,   NaN
RSA_384,13:29:08,2.3919,7.996,2391.9,   NaN,35.229,22.1,1.0244,NaN,100,250,1.0004,NaN,,
RSA_385,13:46:13,2.2503,8.119,2250.3,   NaN,32.472,22.1,1.0223,NaN,100,250,1.0004,NaN,NaN,   NaN
RSA_385,14:01:28,2.2496,8.104,2249.6,   NaN,32.472,22.1,1.0223,NaN,100,250,1.0004,NaN,,
RSA_386,14:16:18,2.3301,7.966,2330.1,   NaN,33.913,22.1,1.0234,NaN,100,250,1.0004,NaN,NaN,   NaN
RSA_386,14:29:33,2.3287,7.97,2328.7,   NaN,33.913,22.1,1.0234,NaN,100,250,1.0004,NaN,,
RSA_387,14:45:13,2.2456,8.106,2245.6,   NaN,32.489,22.1,1.0223,NaN,100,250,1.0004,NaN,NaN,   NaN
RSA_387,15:00:18,2.2449,8.1,2244.9,   NaN,32.489,22.1,1.0223,NaN,100,250,1.0004,NaN,,
RSA_388,15:15:43,2.2693,7.94,2269.3,   NaN,32.821,22.1,1.0225,NaN,100,250,1.0004,NaN,NaN,   NaN
RSA_388,15:31:48,2.2705,7.938,2270.5,   NaN,32.821,22.1,1.0225,NaN,100,250,1.0004,NaN,,
RSA_389,15:46:03,2.2585,8.077,2258.5,   NaN,32.568,22.1,1.0223,NaN,100,250,1.0004,NaN,NaN,   NaN
RSA_389,15:58:23,2.2566,8.086,2256.6,   NaN,32.568,22.1,1.0223,NaN,100,250,1.0004,NaN,,
RSA_390,16:14:38,2.2583,7.934,2258.3,   NaN,32.779,22.1,1.0225,NaN,100,250,1.0004,NaN,NaN,   NaN
RSA_390,16:28:33,2.259,enter manually,2259,   NaN,32.779,22.1,1.0225,NaN,100,250,1.0004,NaN,,
RSA_391,16:45:47,2.2641,7.961,2264.1,   NaN,32.779,22.1,1.0225,NaN,100,250,1.0004,NaN,NaN,   NaN
RSA_391,16:59:22,2.266,7.952,2266,   NaN,32.779,22.1,1.0225,NaN,100,250,1.0004,NaN,,
RSA_392,17:14:17,2.2624,8.089,2262.4,   NaN,32.559,22.1,1.0223,NaN,100,250,1.0004,NaN,flag,flag
RSA_392,17:28:27,2.2532,8.082,2253.2,   NaN,32.559,22.1,1.0223,NaN,100,250,1.0004,NaN,,
RSA_392,17:42:32,2.2502,8.073,2250.2,   NaN,32.559,22.1,1.0223,NaN,100,250,1.0004,NaN,,
RSA_392,17:55:12,2.2539,8.095,2253.9,   NaN,32.559,22.1,1.0223,NaN,100,250,1.0004,NaN,,
RSA_392,18:10:42,2.2519,8.09,2251.9,   NaN,32.559,22.1,1.0223,NaN,100,250,1.0004,NaN,,
ESL09a_19,18:26:22,2.167,7.991,2167,   NaN,31.789,22.1,1.0218,NaN,50,250,1.0002,NaN,NaN,   NaN
ESL09a_19,18:40:57,2.1662,7.98,2166.2,   NaN,31.789,22.1,1.0218,NaN,50,250,1.0002,NaN,,
   ,,   ,,   ,,   ,,   ,,   ,,   ,,   ,,   ,,   ,,   ,,   ,,   ,,   ,,,
Calibration Date & Time	02-25-2022	11:50:07
T(C) = 	 22.1
	pH	EMF(mV)
	 4.01	 167.8
	 7	-7.2
	 10.01	-182.6
pH =	 6.881096	-1.71233e-002	 * EMF(mV)
	C(HCl)(mM)	 97.663
