TOTAL ALKALINITY
Run Date:,02-22-2022,   ,End of Cal:,442	10:5
Operator:,DT,   ,CRM TA:,2118.1,   ,CRM TA:,2.164177,   ,Slope:,1.712805e-002
Acid Batch:,211103,   ,CRM Salinity:,31.789,   ,Input TA:,,   ,[HCl](mM):,97.743
Volume:,18,   ,CRM Temp:,22.1
 
 
 
SampleID,Time,TA(mM),Init. pH,TA(uM),TA(uM) Corrected,Salinity,Temperature,Density,TA(umolkg-1),Volume HgCl2(uL),Volume Sample(mL),HgCl2 CF,TA(umolkg-1),TA_avg (umolkg-1),TA_std (umolkg-1),
ESL09a_17,10:33:29,2.1643,7.971,2164.3,   NaN,31.789,22.1,1.0218,NaN,50,250,1.0002,NaN,NaN,   NaN
ESL09a_17,10:47:24,2.1638,7.97,2163.8,   NaN,31.789,22.1,1.0218,NaN,50,250,1.0002,NaN,,
RSA_346,11:04:44,2.2537,7.982,2253.7,   NaN,32.605,22.1,1.0224,NaN,100,250,1.0004,NaN,NaN,   NaN
RSA_346,11:18:39,2.254,7.977,2254,   NaN,32.605,22.1,1.0224,NaN,100,250,1.0004,NaN,,
RSA_347,11:33:19,1.8517,8.137,1851.7,   NaN,32.459,22.1,1.0223,NaN,100,250,1.0004,NaN,flag,flag
RSA_347,11:45:34,2.2487,8.148,2248.7,   NaN,32.459,22.1,1.0223,NaN,100,250,1.0004,NaN,,
RSA_347,11:58:54,2.2463,8.139,2246.3,   NaN,32.459,22.1,1.0223,NaN,100,250,1.0004,NaN,,
RSA_348,12:14:19,2.2667,7.954,2266.7,   NaN,32.797,22.1,1.0225,NaN,100,250,1.0004,NaN,NaN,   NaN
RSA_348,12:42:04,2.2676,7.951,2267.6,   NaN,32.797,22.1,1.0225,NaN,100,250,1.0004,NaN,,
RSA_349,12:58:54,2.2489,8.078,2248.9,   NaN,32.536,22.1,1.0223,NaN,100,250,1.0004,NaN,flag,flag
RSA_349,13:11:48,2.2456,8.071,2245.6,   NaN,32.536,22.1,1.0223,NaN,100,250,1.0004,NaN,,
RSA_349,13:26:13,2.2479,8.092,2247.9,   NaN,32.536,22.1,1.0223,NaN,100,250,1.0004,NaN,,
RSA_350,13:41:48,2.2771,7.921,2277.1,   NaN,32.931,22.1,1.0226,NaN,100,250,1.0004,NaN,NaN,   NaN
RSA_350,13:56:08,2.2748,7.906,2274.8,   NaN,32.931,22.1,1.0226,NaN,100,250,1.0004,NaN,,
RSA_351,14:11:48,1.9633,8.076,1963.3,   NaN,32.520,22.1,1.0223,NaN,100,250,1.0004,NaN,flag,flag
RSA_351,14:25:38,2.2457,8.079,2245.7,   NaN,32.520,22.1,1.0223,NaN,100,250,1.0004,NaN,,
RSA_351,14:40:28,2.2472,8.082,2247.2,   NaN,32.520,22.1,1.0223,NaN,100,250,1.0004,NaN,,
RSA_352,14:56:53,2.2869,7.904,2286.9,   NaN,33.171,22.1,1.0228,NaN,100,250,1.0004,NaN,NaN,   NaN
RSA_352,15:10:58,2.2871,7.915,2287.1,   NaN,33.171,22.1,1.0228,NaN,100,250,1.0004,NaN,,
RSA_353,15:27:28,2.2404,8.105,2240.4,   NaN,32.372,22.1,1.0222,NaN,100,250,1.0004,NaN,NaN,   NaN
RSA_353,15:41:03,2.2407,8.103,2240.7,   NaN,32.372,22.1,1.0222,NaN,100,250,1.0004,NaN,,
RSA_354,15:56:53,2.2401,8.112,2240.1,   NaN,32.372,22.1,1.0222,NaN,100,250,1.0004,NaN,NaN,   NaN
RSA_354,16:12:43,2.2403,8.118,2240.3,   NaN,32.372,22.1,1.0222,NaN,100,250,1.0004,NaN,,
RSA_355,16:29:13,2.4134,8.006,2413.4,   NaN,35.601,22.1,1.0246,NaN,100,250,1.0004,NaN,NaN,   NaN
RSA_355,16:42:58,2.4134,8.012,2413.4,   NaN,35.601,22.1,1.0246,NaN,100,250,1.0004,NaN,,
RSA_356,16:59:03,2.4144,7.999,2414.4,   NaN,35.601,22.1,1.0246,NaN,100,250,1.0004,NaN,NaN,   NaN
RSA_356,17:14:33,2.4163,8.026,2416.3,   NaN,35.601,22.1,1.0246,NaN,100,250,1.0004,NaN,,
RSA_357,17:30:48,2.2643,8.144,2264.3,   NaN,32.556,22.1,1.0223,NaN,100,250,1.0004,NaN,flag,flag
RSA_357,17:46:03,2.2606,8.126,2260.6,   NaN,32.556,22.1,1.0223,NaN,100,250,1.0004,NaN,,
RSA_357,18:00:08,2.2597,8.124,2259.7,   NaN,32.556,22.1,1.0223,NaN,100,250,1.0004,NaN,,
ESL09a_17,18:14:58,2.1683,7.999,2168.3,   NaN,31.789,22.1,1.0218,NaN,50,250,1.0002,NaN,NaN,   NaN
ESL09a_17,18:28:08,2.167,enter manually,2167,   NaN,31.789,22.1,1.0218,NaN,50,250,1.0002,NaN,,
   ,,   ,,   ,,   ,,   ,,   ,,   ,,   ,,   ,,   ,,   ,,   ,,   ,,   ,,,
Calibration Date & Time	02-22-2022	10:59:14
T(C) = 	 22.1
	pH	EMF(mV)
	 4.01	 168.1
	 7	-5.9
	 10.01	-182.2
pH =	 6.89248	-1.712805e-002	 * EMF(mV)
	C(HCl)(mM)	 97.743
