TOTAL ALKALINITY
Run Date:,02-15-2022,   ,End of Cal:,442	11:5
Operator:,DT,   ,CRM TA:,2118.1,   ,CRM TA:,2.164177,   ,Slope:,-1.712329e-002
Acid Batch:,211103,   ,CRM Salinity:,31.789,   ,Input TA:,,   ,[HCl](mM):,97.599
Volume:,18,   ,CRM Temp:,22.1
 
 
 
SampleID,Time,TA(mM),Init. pH,TA(uM),TA(uM) Corrected,Salinity,Temperature,Density,TA(umolkg-1),Volume HgCl2(uL),Volume Sample(mL),HgCl2 CF,TA(umolkg-1),TA_avg (umolkg-1),TA_std (umolkg-1),
ESL09a_16,11:20:25,2.1641,7.975,2164.1,   NaN,31.789,22.1,1.0218,NaN,50,250,1.0002,NaN,flag,flag
ESL09a_16,11:34:54,2.1679,7.969,2167.9,   NaN,31.789,22.1,1.0218,NaN,50,250,1.0002,NaN,,
ESL09a_16,11:47:09,2.1675,7.987,2167.5,   NaN,31.789,22.1,1.0218,NaN,50,250,1.0002,NaN,,
RSA_295,12:07:54,2.2729,7.869,2272.9,   NaN,32.798,22.1,1.0225,NaN,100,250,1.0004,NaN,NaN,   NaN
RSA_295,12:21:49,2.2721,7.853,2272.1,   NaN,32.798,22.1,1.0225,NaN,100,250,1.0004,NaN,,
RSA_296,12:37:49,2.2465,8.036,2246.5,   NaN,33.018,22.1,1.0227,NaN,100,250,1.0004,NaN,flag,flag
RSA_296,12:50:49,2.2435,8.041,2243.5,   NaN,33.018,22.1,1.0227,NaN,100,250,1.0004,NaN,,
RSA_296,13:03:39,2.2422,8.023,2242.2,   NaN,33.018,22.1,1.0227,NaN,100,250,1.0004,NaN,,
RSA_297,13:22:14,2.2608,7.962,2260.8,   NaN,32.626,22.1,1.0224,NaN,100,250,1.0004,NaN,flag,flag
RSA_297,13:36:19,2.2572,7.92,2257.2,   NaN,32.626,22.1,1.0224,NaN,100,250,1.0004,NaN,,
RSA_297,13:50:44,2.2581,7.923,2258.1,   NaN,32.626,22.1,1.0224,NaN,100,250,1.0004,NaN,,
RSA_298,14:05:39,2.257,8.056,2257,   NaN,32.709,22.1,1.0225,NaN,100,250,1.0004,NaN,flag,flag
RSA_298,14:19:39,2.2535,8.019,2253.5,   NaN,32.709,22.1,1.0225,NaN,100,250,1.0004,NaN,,
RSA_298,14:33:19,2.2535,8.015,2253.5,   NaN,32.709,22.1,1.0225,NaN,100,250,1.0004,NaN,,
RSA_299,14:47:09,2.2499,7.992,2249.9,   NaN,32.709,22.1,1.0225,NaN,100,250,1.0004,NaN,flag,flag
RSA_299,15:28:59,2.2557,8.013,2255.7,   NaN,32.709,22.1,1.0225,NaN,100,250,1.0004,NaN,,
RSA_299,15:41:29,2.2537,8.031,2253.7,   NaN,32.709,22.1,1.0225,NaN,100,250,1.0004,NaN,,
RSA_300,15:58:04,2.2543,8.036,2254.3,   NaN,32.708,22.1,1.0225,NaN,100,250,1.0004,NaN,flag,flag
RSA_300,16:11:59,2.2509,7.983,2250.9,   NaN,32.708,22.1,1.0225,NaN,100,250,1.0004,NaN,,
RSA_300,16:25:24,2.2508,7.987,2250.8,   NaN,32.708,22.1,1.0225,NaN,100,250,1.0004,NaN,,
RSA_301,16:40:29,2.2513,8.082,2251.3,   NaN,32.658,22.1,1.0224,NaN,100,250,1.0004,NaN,flag,flag
RSA_301,16:55:14,2.2472,8.023,2247.2,   NaN,32.658,22.1,1.0224,NaN,100,250,1.0004,NaN,,
RSA_301,17:07:44,2.2472,enter manually,2247.2,   NaN,32.658,22.1,1.0224,NaN,100,250,1.0004,NaN,,
RSA_302,17:22:19,2.2388,8.071,2238.8,   NaN,32.597,22.1,1.0224,NaN,100,250,1.0004,NaN,flag,flag
RSA_302,17:38:09,2.2328,7.995,2232.8,   NaN,32.597,22.1,1.0224,NaN,100,250,1.0004,NaN,,
RSA_302,17:53:19,2.2344,8.005,2234.4,   NaN,32.597,22.1,1.0224,NaN,100,250,1.0004,NaN,,
RSA_303,18:07:54,2.2426,8.057,2242.6,   NaN,32.604,22.1,1.0224,NaN,100,250,1.0004,NaN,flag,flag
RSA_303,18:22:09,2.2381,8.031,2238.1,   NaN,32.604,22.1,1.0224,NaN,100,250,1.0004,NaN,,
RSA_303,18:36:54,2.2385,8.032,2238.5,   NaN,32.604,22.1,1.0224,NaN,100,250,1.0004,NaN,,
RSA_304,18:52:39,2.2377,8.051,2237.7,   NaN,32.583,22.1,1.0224,NaN,250,250,1.001,NaN,flag,flag
RSA_304,19:07:19,2.2334,8.01,2233.4,   NaN,32.583,22.1,1.0224,NaN,250,250,1.001,NaN,,
RSA_304,19:20:44,2.234,8.024,2234,   NaN,32.583,22.1,1.0224,NaN,250,250,1.001,NaN,,
RSA_305,19:37:44,2.2326,8.015,2232.6,   NaN,32.570,22.1,1.0223,NaN,250,250,1.001,NaN,NaN,   NaN
RSA_305,19:51:49,2.2321,8.025,2232.1,   NaN,32.570,22.1,1.0223,NaN,250,250,1.001,NaN,,
RSA_306,20:07:39,2.2376,8.032,2237.6,   NaN,32.570,22.1,1.0223,NaN,250,250,1.001,NaN,flag,flag
RSA_306,20:21:59,2.2324,8.008,2232.4,   NaN,32.570,22.1,1.0223,NaN,250,250,1.001,NaN,,
RSA_306,20:35:29,2.2373,8.007,2237.3,   NaN,32.570,22.1,1.0223,NaN,250,250,1.001,NaN,,
RSA_306,20:48:29,2.2345,8.004,2234.5,   NaN,32.570,22.1,1.0223,NaN,250,250,1.001,NaN,,
RSA_306,21:03:14,2.2292,7.985,2229.2,   NaN,32.570,22.1,1.0223,NaN,250,250,1.001,NaN,,
RSA_306,21:18:33,2.2334,8.007,2233.4,   NaN,32.570,22.1,1.0223,NaN,250,250,1.001,NaN,,
ESL09a_16,21:37:03,2.1685,8.02,2168.5,   NaN,31.789,22.1,1.0218,NaN,50,250,1.0002,NaN,flag,flag
ESL09a_16,21:51:13,2.1645,7.974,2164.5,   NaN,31.789,22.1,1.0218,NaN,50,250,1.0002,NaN,,
ESL09a_16,22:04:08,2.1642,7.995,2164.2,   NaN,31.789,22.1,1.0218,NaN,50,250,1.0002,NaN,,
   ,,   ,,   ,,   ,,   ,,   ,,   ,,   ,,   ,,   ,,   ,,   ,,   ,,   ,,,
Calibration Date & Time	02-15-2022	12:02:15
T(C) = 	 22.1
	pH	EMF(mV)
	 4.01	 168.1
	 7	-6.6
	 10.01	-182.3
pH =	 6.887945	-1.712329e-002	 * EMF(mV)
	C(HCl)(mM)	 97.599
