TOTAL ALKALINITY
Run Date:,03-07-2022,   ,End of Cal:,11:24:48
Operator:,DT,   ,CRM TA:,2118.1,   ,CRM TA:,2.164177,   ,Slope:,-1.715756e-002
Acid Batch:,211103,   ,CRM Salinity:,31.789,   ,Input TA:,,   ,[HCl](mM):,97.721
Volume:,18,   ,CRM Temp:,22.1
 
 
 
SampleID,Time,TA(mM),Init. pH,TA(uM),TA(uM) Corrected,Salinity,Temperature,Density,TA(umolkg-1),Volume HgCl2(uL),Volume Sample(mL),HgCl2 CF,TA(umolkg-1),TA_avg (umolkg-1),TA_std (umolkg-1),
ESL09a_25,10:44:48,2.1593,7.96,2159.3,   NaN,31.789,22.1,1.0218,NaN,50,250,1.0002,NaN,flag,flag
ESL09a_25,10:58:23,2.1569,7.954,2156.9,   NaN,31.789,22.1,1.0218,NaN,50,250,1.0002,NaN,,
ESL09a_25,11:11:03,2.158,7.95,2158,   NaN,31.789,22.1,1.0218,NaN,50,250,1.0002,NaN,,
ESL09a_25,11:24:48,2.1596,7.959,2159.6,   NaN,31.789,22.1,1.0218,NaN,50,250,1.0002,NaN,,
RSA_461,11:41:03,2.3055,8.035,2305.5,   NaN,32.814,22.1,1.0225,NaN,100,250,1.0004,NaN,NaN,   NaN
RSA_461,11:52:48,2.3032,8.028,2303.2,   NaN,32.814,22.1,1.0225,NaN,100,250,1.0004,NaN,,
RSA_462,12:07:13,2.2957,8.081,2295.7,   NaN,32.814,22.1,1.0225,NaN,100,250,1.0004,NaN,flag,flag
RSA_462,12:20:48,2.293,8.073,2293,   NaN,32.814,22.1,1.0225,NaN,100,250,1.0004,NaN,,
RSA_462,12:36:03,2.2935,8.074,2293.5,   NaN,32.814,22.1,1.0225,NaN,100,250,1.0004,NaN,,
RSA_463,12:53:53,2.2872,8.044,2287.2,   NaN,32.835,22.1,1.0225,NaN,100,250,1.0004,NaN,NaN,   NaN
RSA_463,13:07:18,2.287,8.032,2287,   NaN,32.835,22.1,1.0225,NaN,100,250,1.0004,NaN,,
RSA_464,13:22:08,2.2737,7.996,2273.7,   NaN,32.992,22.1,1.0227,NaN,100,250,1.0004,NaN,flag,flag
RSA_464,13:34:53,3.0884,7.876,3088.4,   NaN,32.992,22.1,1.0227,NaN,100,250,1.0004,NaN,,
RSA_464,13:46:08,2.3379,7.963,2337.9,   NaN,32.992,22.1,1.0227,NaN,100,250,1.0004,NaN,,
RSA_464,13:59:58,2.272,7.976,2272,   NaN,32.992,22.1,1.0227,NaN,100,250,1.0004,NaN,,
RSA_465,14:15:23,2.2595,8.104,2259.5,   NaN,32.615,22.1,1.0224,NaN,100,250,1.0004,NaN,NaN,   NaN
RSA_465,14:28:03,2.2604,8.114,2260.4,   NaN,32.615,22.1,1.0224,NaN,100,250,1.0004,NaN,,
RSA_466,14:42:32,2.2734,7.953,2273.4,   NaN,33.077,22.1,1.0227,NaN,100,250,1.0004,NaN,flag,flag
RSA_466,14:55:43,2.276,7.956,2276,   NaN,33.077,22.1,1.0227,NaN,100,250,1.0004,NaN,,
RSA_466,15:08:42,2.2747,7.958,2274.7,   NaN,33.077,22.1,1.0227,NaN,100,250,1.0004,NaN,,
RSA_467,15:23:57,2.263,8.11,2263,   NaN,32.651,22.1,1.0224,NaN,100,250,1.0004,NaN,NaN,   NaN
RSA_467,15:37:42,2.262,8.111,2262,   NaN,32.651,22.1,1.0224,NaN,100,250,1.0004,NaN,,
RSA_468,15:53:27,2.2998,8.022,2299.8,   NaN,33.327,22.1,1.0229,NaN,100,250,1.0004,NaN,NaN,   NaN
RSA_468,16:07:17,2.2991,8.011,2299.1,   NaN,33.327,22.1,1.0229,NaN,100,250,1.0004,NaN,,
RSA_469,16:22:37,2.3052,8.14,2305.2,   NaN,33.447,22.1,1.023,NaN,100,250,1.0004,NaN,NaN,   NaN
RSA_469,16:35:52,2.3053,8.144,2305.3,   NaN,33.447,22.1,1.023,NaN,100,250,1.0004,NaN,,
RSA_470,16:51:52,2.2929,7.973,2292.9,   NaN,33.292,22.1,1.0229,NaN,100,250,1.0004,NaN,NaN,   NaN
RSA_470,17:05:22,2.2944,7.974,2294.4,   NaN,33.292,22.1,1.0229,NaN,100,250,1.0004,NaN,,
RSA_471,17:24:07,2.3199,8.14,2319.9,   NaN,33.510,22.1,1.0231,NaN,100,250,1.0004,NaN,flag,flag
RSA_471,17:37:47,2.3146,8.16,2314.6,   NaN,33.510,22.1,1.0231,NaN,100,250,1.0004,NaN,,
RSA_471,17:53:02,2.3179,8.149,2317.9,   NaN,33.510,22.1,1.0231,NaN,100,250,1.0004,NaN,,
RSA_471,18:15:27,2.318,8.152,2318,   NaN,33.510,22.1,1.0231,NaN,100,250,1.0004,NaN,,
RSA_472,18:32:12,2.2826,7.899,2282.6,   NaN,33.019,22.1,1.0227,NaN,100,250,1.0004,NaN,NaN,   NaN
RSA_472,18:46:12,2.2834,7.906,2283.4,   NaN,33.019,22.1,1.0227,NaN,100,250,1.0004,NaN,,
RSA_473,19:02:17,2.3024,8.131,2302.4,   NaN,33.227,22.1,1.0228,NaN,100,250,1.0004,NaN,NaN,   NaN
RSA_473,19:16:07,2.3044,8.146,2304.4,   NaN,33.227,22.1,1.0228,NaN,100,250,1.0004,NaN,,
ESL09a_25,19:32:37,2.1664,7.97,2166.4,   NaN,31.789,22.1,1.0218,NaN,50,250,1.0002,NaN,NaN,   NaN
ESL09a_25,19:48:07,2.1654,7.974,2165.4,   NaN,31.789,22.1,1.0218,NaN,50,250,1.0002,NaN,,
   ,,   ,,   ,,   ,,   ,,   ,,   ,,   ,,   ,,   ,,   ,,   ,,   ,,   ,,,
Calibration Date & Time	03-07-2022	11:35:33
T(C) = 	 22.1
	pH	EMF(mV)
	 4.01	 167.7
	 7	-7.2
	 10.01	-182
pH =	 6.883704	-1.715756e-002	 * EMF(mV)
	C(HCl)(mM)	 97.721
