TOTAL ALKALINITY
Run Date:,03-02-2022,   ,End of Cal:,11:14:42
Operator:,DT,   ,CRM TA:,2118.1,   ,CRM TA:,2.164177,   ,Slope:,-1.716734e-002
Acid Batch:,211103,   ,CRM Salinity:,31.789,   ,Input TA:,,   ,[HCl](mM):,97.559
Volume:,18,   ,CRM Temp:,22.1
 
 
 
SampleID,Time,TA(mM),Init. pH,TA(uM),TA(uM) Corrected,Salinity,Temperature,Density,TA(umolkg-1),Volume HgCl2(uL),Volume Sample(mL),HgCl2 CF,TA(umolkg-1),TA_avg (umolkg-1),TA_std (umolkg-1),
ESL09a_08,10:59:22,2.1634,7.999,2163.4,   NaN,31.789,22.1,1.0218,NaN,50,250,1.0002,NaN,NaN,   NaN
ESL09a_08,11:14:42,2.163,7.966,2163,   NaN,31.789,22.1,1.0218,NaN,50,250,1.0002,NaN,,
RSA_419,11:31:27,2.2608,7.912,2260.8,   NaN,32.776,22.1,1.0225,NaN,100,250,1.0004,NaN,NaN,   NaN
RSA_419,11:45:52,2.262,7.921,2262,   NaN,32.776,22.1,1.0225,NaN,100,250,1.0004,NaN,,
RSA_420,12:04:17,2.2636,7.926,2263.6,   NaN,32.776,22.1,1.0225,NaN,100,250,1.0004,NaN,NaN,   NaN
RSA_420,12:17:22,2.264,7.93,2264,   NaN,32.776,22.1,1.0225,NaN,100,250,1.0004,NaN,,
RSA_421,12:33:02,2.2456,8.104,2245.6,   NaN,32.548,22.1,1.0223,NaN,100,250,1.0004,NaN,NaN,   NaN
RSA_421,12:46:42,2.2433,8.104,2243.3,   NaN,32.548,22.1,1.0223,NaN,100,250,1.0004,NaN,,
RSA_422,13:03:47,2.2657,7.992,2265.7,   NaN,32.712,22.1,1.0225,NaN,100,250,1.0004,NaN,NaN,   NaN
RSA_422,13:17:22,2.264,7.987,2264,   NaN,32.712,22.1,1.0225,NaN,100,250,1.0004,NaN,,
RSA_423,13:33:32,2.2408,8.012,2240.8,   NaN,32.573,22.1,1.0223,NaN,100,250,1.0004,NaN,flag,flag
RSA_423,13:48:12,2.2363,8.009,2236.3,   NaN,32.573,22.1,1.0223,NaN,100,250,1.0004,NaN,,
RSA_423,14:03:07,2.2327,7.982,2232.7,   NaN,32.573,22.1,1.0223,NaN,100,250,1.0004,NaN,,
RSA_423,14:14:47,2.2396,8.017,2239.6,   NaN,32.573,22.1,1.0223,NaN,100,250,1.0004,NaN,,
RSA_423,14:28:01,2.2342,7.99,2234.2,   NaN,32.573,22.1,1.0223,NaN,100,250,1.0004,NaN,,
RSA_424,14:40:56,2.2711,7.91,2271.1,   NaN,32.941,22.1,1.0226,NaN,250,250,1.001,NaN,NaN,   NaN
RSA_424,14:53:41,2.2711,7.913,2271.1,   NaN,32.941,22.1,1.0226,NaN,250,250,1.001,NaN,,
RSA_425,15:08:01,2.2509,8.112,2250.9,   NaN,32.528,22.1,1.0223,NaN,250,250,1.001,NaN,NaN,   NaN
RSA_425,15:21:56,2.2503,8.115,2250.3,   NaN,32.528,22.1,1.0223,NaN,250,250,1.001,NaN,,
RSA_426,15:39:36,2.3103,7.917,2310.3,   NaN,33.951,22.1,1.0234,NaN,250,250,1.001,NaN,NaN,   NaN
RSA_426,15:53:41,2.3103,enter manually,2310.3,   NaN,33.951,22.1,1.0234,NaN,250,250,1.001,NaN,,
RSA_427,16:08:51,2.2677,8.121,2267.7,   NaN,32.776,22.1,1.0225,NaN,250,250,1.001,NaN,NaN,   NaN
RSA_427,16:21:51,2.2658,8.108,2265.8,   NaN,32.776,22.1,1.0225,NaN,250,250,1.001,NaN,,
RSA_428,16:37:16,2.3316,7.931,2331.6,   NaN,34.080,22.1,1.0235,NaN,250,250,1.001,NaN,NaN,   NaN
RSA_428,16:53:11,2.3318,7.934,2331.8,   NaN,34.080,22.1,1.0235,NaN,250,250,1.001,NaN,,
RSA_429,17:07:16,2.2632,8.099,2263.2,   NaN,32.770,22.1,1.0225,NaN,250,250,1.001,NaN,NaN,   NaN
RSA_429,17:19:41,2.2618,8.1		2,2261.8,   NaN,32.770,22.1,1.0225,NaN,250,250,1.001,NaN,,
RSA_430,17:36:11,2.3386,7.897,2338.6,   NaN,34.272,22.1,1.0236,NaN,100,250,1.0004,NaN,flag,flag
RSA_430,17:47:41,2.3427,7.928,2342.7,   NaN,34.272,22.1,1.0236,NaN,100,250,1.0004,NaN,,
RSA_430,17:59:46,2.3417,7.931,2341.7,   NaN,34.272,22.1,1.0236,NaN,100,250,1.0004,NaN,,
ESL09a_08,18:15:21,2.164,7.974,2164,   NaN,31.789,22.1,1.0218,NaN,50,250,1.0002,NaN,NaN,   NaN
ESL09a_08,18:27:51,2.1642,7.99,2164.2,   NaN,31.789,22.1,1.0218,NaN,50,250,1.0002,NaN,,
   ,,   ,,   ,,   ,,   ,,   ,,   ,,   ,,   ,,   ,,   ,,   ,,   ,,   ,,,
Calibration Date & Time	03-02-2022	11:26:07
T(C) = 	 22.1
	pH	EMF(mV)
	 4.01	 167.3
	 7	-7.7
	 10.01	-182.2
pH =	 6.877339	-1.716734e-002	 * EMF(mV)
	C(HCl)(mM)	 97.559
