TOTAL ALKALINITY
Run Date:,03-01-2022,   ,End of Cal:,442	10:5
Operator:,DT,   ,CRM TA:,2118.1,   ,CRM TA:,2.164177,   ,Slope:,-1.716736e-002
Acid Batch:,211103,   ,CRM Salinity:,31.789,   ,Input TA:,,   ,[HCl](mM):,97.517
Volume:,18,   ,CRM Temp:,22.1
 
 
 
SampleID,Time,TA(mM),Init. pH,TA(uM),TA(uM) Corrected,Salinity,Temperature,Density,TA(umolkg-1),Volume HgCl2(uL),Volume Sample(mL),HgCl2 CF,TA(umolkg-1),TA_avg (umolkg-1),TA_std (umolkg-1),
ESL09a_23,10:37:29,2.1663,7.967,2166.3,   NaN,31.789,22.1,1.0218,NaN,50,250,1.0002,NaN,NaN,   NaN
ESL09a_23,10:51:19,2.166,7.97,2166,   NaN,31.789,22.1,1.0218,NaN,50,250,1.0002,NaN,,
RSA_406,11:07:09,2.2526,8.101,2252.6,   NaN,32.543,22.1,1.0223,NaN,100,250,1.0004,NaN,flag,flag
RSA_406,11:21:19,2.2499,8.105,2249.9,   NaN,32.543,22.1,1.0223,NaN,100,250,1.0004,NaN,,
RSA_406,11:37:19,2.2522,8.104,2252.2,   NaN,32.543,22.1,1.0223,NaN,100,250,1.0004,NaN,,
RSA_406,11:51:59,2.2523,8.1,2252.3,   NaN,32.543,22.1,1.0223,NaN,100,250,1.0004,NaN,,
RSA_407,12:07:39,2.2696,7.923,2269.6,   NaN,32.891,22.1,1.0226,NaN,100,250,1.0004,NaN,NaN,   NaN
RSA_407,12:21:49,2.2694,7.918,2269.4,   NaN,32.891,22.1,1.0226,NaN,100,250,1.0004,NaN,,
RSA_408,12:36:39,2.2624,7.989,2262.4,   NaN,32.708,22.1,1.0225,NaN,100,250,1.0004,NaN,NaN,   NaN
RSA_408,12:56:24,2.2641,7.993,2264.1,   NaN,32.708,22.1,1.0225,NaN,100,250,1.0004,NaN,,
RSA_409,13:16:14,2.2698,8.099,2269.8,   NaN,32.575,22.1,1.0224,NaN,100,250,1.0004,NaN,flag,flag
RSA_409,13:31:39,2.2542,8.099,2254.2,   NaN,32.575,22.1,1.0224,NaN,100,250,1.0004,NaN,,
RSA_409,13:44:59,2.2545,8.102,2254.5,   NaN,32.575,22.1,1.0224,NaN,100,250,1.0004,NaN,,
RSA_410,14:01:58,2.2543,7.984,2254.3,   NaN,32.636,22.1,1.0224,NaN,100,250,1.0004,NaN,NaN,   NaN
RSA_410,14:15:28,2.2524,7.986,2252.4,   NaN,32.636,22.1,1.0224,NaN,100,250,1.0004,NaN,,
RSA_411,14:30:13,2.2528,8.056,2252.8,   NaN,32.595,22.1,1.0224,NaN,100,250,1.0004,NaN,NaN,   NaN
RSA_411,14:44:08,2.2505,8.041,2250.5,   NaN,32.595,22.1,1.0224,NaN,100,250,1.0004,NaN,,
RSA_412,14:59:08,2.2648,7.932,2264.8,   NaN,32.773,22.1,1.0225,NaN,100,250,1.0004,NaN,NaN,   NaN
RSA_412,15:13:38,2.2648,7.914,2264.8,   NaN,32.773,22.1,1.0225,NaN,100,250,1.0004,NaN,,
RSA_413,15:28:33,2.2515,8.097,2251.5,   NaN,32.555,22.1,1.0223,NaN,100,250,1.0004,NaN,flag,flag
RSA_413,15:43:43,2.2599,8.131,2259.9,   NaN,32.555,22.1,1.0223,NaN,100,250,1.0004,NaN,,
RSA_413,15:57:28,2.2546,8.114,2254.6,   NaN,32.555,22.1,1.0223,NaN,100,250,1.0004,NaN,,
RSA_413,16:11:23,2.2718,8.115,2271.8,   NaN,32.555,22.1,1.0223,NaN,100,250,1.0004,NaN,,
RSA_413,16:28:08,2.2579,8.128,2257.9,   NaN,32.555,22.1,1.0223,NaN,100,250,1.0004,NaN,,
RSA_414,16:42:38,2.2505,8.111,2250.5,   NaN,32.555,22.1,1.0223,NaN,100,250,1.0004,NaN,flag,flag
RSA_414,17:34:03,2.2561,8.135,2256.1,   NaN,32.555,22.1,1.0223,NaN,100,250,1.0004,NaN,,
RSA_414,17:47:18,2.2547,8.115,2254.7,   NaN,32.555,22.1,1.0223,NaN,100,250,1.0004,NaN,,
RSA_415,18:02:23,2.2695,7.908,2269.5,   NaN,32.875,22.1,1.0226,NaN,100,250,1.0004,NaN,flag,flag
RSA_415,18:15:18,2.267,7.908,2267,   NaN,32.875,22.1,1.0226,NaN,100,250,1.0004,NaN,,
RSA_415,18:28:53,2.2699,7.924,2269.9,   NaN,32.875,22.1,1.0226,NaN,100,250,1.0004,NaN,,
RSA_415,18:43:13,2.2831,7.932,2283.1,   NaN,32.875,22.1,1.0226,NaN,100,250,1.0004,NaN,,
RSA_415,18:58:03,2.2722,7.924,2272.2,   NaN,32.875,22.1,1.0226,NaN,100,250,1.0004,NaN,,
RSA_416,19:14:08,2.27,8.12,2270,   NaN,32.888,22.1,1.0226,NaN,100,250,1.0004,NaN,NaN,   NaN
RSA_416,19:26:43,2.2697,8.128,2269.7,   NaN,32.888,22.1,1.0226,NaN,100,250,1.0004,NaN,,
RSA_417,19:43:28,2.3022,7.908,2302.2,   NaN,33.572,22.1,1.0231,NaN,100,250,1.0004,NaN,flag,flag
RSA_417,19:57:03,2.3071,7.925,2307.1,   NaN,33.572,22.1,1.0231,NaN,100,250,1.0004,NaN,,
RSA_417,20:09:58,2.3064,7.921,2306.4,   NaN,33.572,22.1,1.0231,NaN,100,250,1.0004,NaN,,
RSA_418,20:25:13,2.3247,8.166,2324.7,   NaN,33.680,22.1,1.0232,NaN,100,250,1.0004,NaN,flag,flag
RSA_418,20:38:13,2.3192,8.162,2319.2,   NaN,33.680,22.1,1.0232,NaN,100,250,1.0004,NaN,,
RSA_418,20:51:43,2.3212,8.178,2321.2,   NaN,33.680,22.1,1.0232,NaN,100,250,1.0004,NaN,,
ESL09a_23,21:06:28,2.1658,7.974,2165.8,   NaN,31.789,22.1,1.0218,NaN,50,250,1.0002,NaN,NaN,   NaN
ESL09a_23,21:21:13,2.1645,7.979,2164.5,   NaN,31.789,22.1,1.0218,NaN,50,250,1.0002,NaN,,
   ,,   ,,   ,,   ,,   ,,   ,,   ,,   ,,   ,,   ,,   ,,   ,,   ,,   ,,,
Calibration Date & Time	03-01-2022	11:01:48
T(C) = 	 22.1
	pH	EMF(mV)
	 4.01	 167.9
	 7	-7
	 10.01	-181.6
pH =	 6.888212	-1.716736e-002	 * EMF(mV)
	C(HCl)(mM)	 97.517
