
################################################################################
# Gelman-Rubin Diagnostic
################################################################################

Generally the Gelman diagnostic should be < 1.05


Out of 813 variables: 0 > 1.01

                      
0 > 1.05

                      
0 > 1.1


The worst variables are:

             Point est. Upper C.I.
p.fac1[57,4]   1.005487   1.007098
p.fac1[41,4]   1.003180   1.003917
p.fac1[47,4]   1.001742   1.003371
p.fac1[53,3]   1.001634   1.002341
p.fac1[53,4]   1.001464   1.001545
p.fac1[30,4]   1.001440   1.002249
p.fac1[39,2]   1.001368   1.002824
p.fac1[65,4]   1.001275   1.002905
p.fac1[59,4]   1.001180   1.001675
p.fac1[17,4]   1.001040   1.002164


And here are the Gelman diagnostics for all variables:

                Point est. Upper C.I.
deviance         1.0000267  1.0002958
ilr.fac1[1,1]          NaN        NaN
ilr.fac1[1,2]          NaN        NaN
ilr.fac1[1,3]          NaN        NaN
ilr.fac1[10,1]   1.0001120  1.0004712
ilr.fac1[10,2]   0.9999489  0.9999840
ilr.fac1[10,3]   1.0002158  1.0008124
ilr.fac1[100,1]  0.9999959  1.0000297
ilr.fac1[100,2]  1.0001275  1.0006230
ilr.fac1[100,3]  1.0000644  1.0001636
ilr.fac1[101,1]  1.0000822  1.0004255
ilr.fac1[101,2]  1.0001785  1.0002195
ilr.fac1[101,3]  1.0000570  1.0003558
ilr.fac1[11,1]   0.9999509  1.0000258
ilr.fac1[11,2]   1.0000765  1.0002507
ilr.fac1[11,3]   1.0002016  1.0009953
ilr.fac1[12,1]   1.0000760  1.0001280
ilr.fac1[12,2]   1.0000186  1.0002775
ilr.fac1[12,3]   1.0002471  1.0008097
ilr.fac1[13,1]   1.0002446  1.0011173
ilr.fac1[13,2]   1.0005108  1.0016986
ilr.fac1[13,3]   1.0002419  1.0009916
ilr.fac1[14,1]   1.0000959  1.0005187
ilr.fac1[14,2]   1.0001120  1.0002165
ilr.fac1[14,3]   1.0000565  1.0002437
ilr.fac1[15,1]   1.0004389  1.0014144
ilr.fac1[15,2]   1.0004856  1.0020325
ilr.fac1[15,3]   1.0000261  1.0003599
ilr.fac1[16,1]   1.0007570  1.0019127
ilr.fac1[16,2]   1.0002839  1.0004755
ilr.fac1[16,3]   1.0005430  1.0018433
ilr.fac1[17,1]   1.0000795  1.0004368
ilr.fac1[17,2]   1.0001041  1.0002849
ilr.fac1[17,3]   1.0001981  1.0004960
ilr.fac1[18,1]   1.0002797  1.0012763
ilr.fac1[18,2]   1.0003869  1.0010382
ilr.fac1[18,3]   1.0001319  1.0005560
ilr.fac1[19,1]   1.0003140  1.0009876
ilr.fac1[19,2]   1.0002978  1.0012048
ilr.fac1[19,3]   1.0003692  1.0004230
ilr.fac1[2,1]    1.0002030  1.0008471
ilr.fac1[2,2]    1.0000066  1.0000528
ilr.fac1[2,3]    1.0000306  1.0003486
ilr.fac1[20,1]   0.9999610  1.0000797
ilr.fac1[20,2]   0.9999793  1.0001595
ilr.fac1[20,3]   0.9999977  1.0001743
ilr.fac1[21,1]   1.0000639  1.0004025
ilr.fac1[21,2]   1.0001199  1.0005624
ilr.fac1[21,3]   0.9999589  1.0001128
ilr.fac1[22,1]   1.0000082  1.0002752
ilr.fac1[22,2]   1.0006458  1.0021501
ilr.fac1[22,3]   1.0001375  1.0007418
ilr.fac1[23,1]   1.0000517  1.0002909
ilr.fac1[23,2]   1.0001404  1.0003290
ilr.fac1[23,3]   0.9999181  0.9999658
ilr.fac1[24,1]   1.0002110  1.0006732
ilr.fac1[24,2]   1.0001223  1.0006187
ilr.fac1[24,3]   1.0001012  1.0001724
ilr.fac1[25,1]   1.0001364  1.0006815
ilr.fac1[25,2]   0.9999577  0.9999806
ilr.fac1[25,3]   1.0001137  1.0006736
ilr.fac1[26,1]   1.0000418  1.0003578
ilr.fac1[26,2]   1.0001247  1.0005601
ilr.fac1[26,3]   1.0000030  1.0000112
ilr.fac1[27,1]   0.9999341  1.0000229
ilr.fac1[27,2]   1.0000366  1.0000426
ilr.fac1[27,3]   0.9999193  0.9999340
ilr.fac1[28,1]   0.9999972  1.0000037
ilr.fac1[28,2]   0.9999318  0.9999602
ilr.fac1[28,3]   0.9999189  0.9999353
ilr.fac1[29,1]   0.9999247  0.9999662
ilr.fac1[29,2]   1.0000640  1.0003914
ilr.fac1[29,3]   0.9999076  0.9999092
ilr.fac1[3,1]    0.9999147  0.9999490
ilr.fac1[3,2]    1.0000460  1.0003537
ilr.fac1[3,3]    1.0000108  1.0001869
ilr.fac1[30,1]   1.0002044  1.0006652
ilr.fac1[30,2]   1.0000283  1.0002810
ilr.fac1[30,3]   1.0001864  1.0005744
ilr.fac1[31,1]   1.0001861  1.0008302
ilr.fac1[31,2]   1.0003239  1.0005622
ilr.fac1[31,3]   1.0001649  1.0004842
ilr.fac1[32,1]   0.9999659  1.0001190
ilr.fac1[32,2]   1.0002646  1.0010081
ilr.fac1[32,3]   0.9999691  1.0000077
ilr.fac1[33,1]   0.9999629  1.0001043
ilr.fac1[33,2]   1.0002094  1.0005529
ilr.fac1[33,3]   1.0000124  1.0000439
ilr.fac1[34,1]   1.0001026  1.0006378
ilr.fac1[34,2]   1.0000290  1.0003476
ilr.fac1[34,3]   1.0002572  1.0010715
ilr.fac1[35,1]   1.0000205  1.0002048
ilr.fac1[35,2]   1.0003339  1.0008765
ilr.fac1[35,3]   0.9999466  1.0000410
ilr.fac1[36,1]   0.9999262  0.9999607
ilr.fac1[36,2]   1.0000162  1.0002086
ilr.fac1[36,3]   0.9999744  0.9999984
ilr.fac1[37,1]   1.0001052  1.0003875
ilr.fac1[37,2]   1.0003895  1.0014476
ilr.fac1[37,3]   1.0000087  1.0001691
ilr.fac1[38,1]   1.0000589  1.0004497
ilr.fac1[38,2]   1.0000217  1.0002897
ilr.fac1[38,3]   1.0001373  1.0005398
ilr.fac1[39,1]   0.9999832  1.0001067
ilr.fac1[39,2]   1.0007731  1.0023724
ilr.fac1[39,3]   0.9999676  1.0000206
ilr.fac1[4,1]    1.0001622  1.0003191
ilr.fac1[4,2]    0.9999651  0.9999964
ilr.fac1[4,3]    1.0000594  1.0004535
ilr.fac1[40,1]   1.0000446  1.0000915
ilr.fac1[40,2]   1.0001651  1.0007519
ilr.fac1[40,3]   1.0001643  1.0007997
ilr.fac1[41,1]   0.9999527  1.0000350
ilr.fac1[41,2]   1.0000789  1.0005506
ilr.fac1[41,3]   1.0000661  1.0004759
ilr.fac1[42,1]   1.0000445  1.0003426
ilr.fac1[42,2]   0.9999360  0.9999937
ilr.fac1[42,3]   0.9999708  1.0000187
ilr.fac1[43,1]   1.0000024  1.0000327
ilr.fac1[43,2]   1.0001352  1.0006686
ilr.fac1[43,3]   1.0002015  1.0003066
ilr.fac1[44,1]   1.0000730  1.0001266
ilr.fac1[44,2]   0.9999570  1.0000314
ilr.fac1[44,3]   1.0001338  1.0007492
ilr.fac1[45,1]   1.0001358  1.0003970
ilr.fac1[45,2]   1.0001155  1.0006031
ilr.fac1[45,3]   1.0000602  1.0001876
ilr.fac1[46,1]   1.0002645  1.0007260
ilr.fac1[46,2]   1.0001367  1.0005764
ilr.fac1[46,3]   1.0000725  1.0002280
ilr.fac1[47,1]   0.9999728  1.0000257
ilr.fac1[47,2]   1.0001633  1.0007363
ilr.fac1[47,3]   1.0002180  1.0007174
ilr.fac1[48,1]   1.0000872  1.0005783
ilr.fac1[48,2]   1.0000299  1.0002120
ilr.fac1[48,3]   1.0000739  1.0001239
ilr.fac1[49,1]   1.0001806  1.0003701
ilr.fac1[49,2]   1.0000109  1.0002566
ilr.fac1[49,3]   1.0002394  1.0004925
ilr.fac1[5,1]    1.0002050  1.0008405
ilr.fac1[5,2]    1.0001809  1.0005008
ilr.fac1[5,3]    1.0004065  1.0016345
ilr.fac1[50,1]   1.0000779  1.0001982
ilr.fac1[50,2]   1.0000470  1.0003534
ilr.fac1[50,3]   1.0001030  1.0005461
ilr.fac1[51,1]   1.0003527  1.0015408
ilr.fac1[51,2]   0.9999319  0.9999603
ilr.fac1[51,3]   1.0004600  1.0012665
ilr.fac1[52,1]   1.0001742  1.0007270
ilr.fac1[52,2]   0.9999475  0.9999964
ilr.fac1[52,3]   1.0001507  1.0001836
ilr.fac1[53,1]   1.0001109  1.0005607
ilr.fac1[53,2]   1.0003827  1.0011786
ilr.fac1[53,3]   0.9999901  1.0001890
ilr.fac1[54,1]   1.0002567  1.0011726
ilr.fac1[54,2]   0.9999293  0.9999470
ilr.fac1[54,3]   0.9999391  0.9999734
ilr.fac1[55,1]   0.9999773  1.0001230
ilr.fac1[55,2]   0.9999898  1.0001590
ilr.fac1[55,3]   0.9999549  1.0000813
ilr.fac1[56,1]   1.0002150  1.0009839
ilr.fac1[56,2]   1.0000010  1.0000640
ilr.fac1[56,3]   0.9999518  1.0000832
ilr.fac1[57,1]   0.9999743  1.0001026
ilr.fac1[57,2]   1.0000960  1.0004848
ilr.fac1[57,3]   1.0003228  1.0014236
ilr.fac1[58,1]   1.0004412  1.0009073
ilr.fac1[58,2]   0.9999452  0.9999471
ilr.fac1[58,3]   1.0001456  1.0006098
ilr.fac1[59,1]   1.0000133  1.0002679
ilr.fac1[59,2]   1.0000637  1.0002015
ilr.fac1[59,3]   1.0000104  1.0002344
ilr.fac1[6,1]    1.0003937  1.0010509
ilr.fac1[6,2]    1.0000864  1.0004015
ilr.fac1[6,3]    1.0008254  1.0028141
ilr.fac1[60,1]   0.9999320  0.9999775
ilr.fac1[60,2]   1.0000757  1.0003144
ilr.fac1[60,3]   0.9999594  1.0000087
ilr.fac1[61,1]   1.0000095  1.0001755
ilr.fac1[61,2]   1.0002269  1.0006052
ilr.fac1[61,3]   1.0000119  1.0002604
ilr.fac1[62,1]   1.0000071  1.0001272
ilr.fac1[62,2]   1.0000581  1.0003113
ilr.fac1[62,3]   1.0000489  1.0002519
ilr.fac1[63,1]   1.0000623  1.0004513
ilr.fac1[63,2]   1.0000468  1.0004333
ilr.fac1[63,3]   0.9999466  1.0000515
ilr.fac1[64,1]   0.9999380  0.9999913
ilr.fac1[64,2]   1.0000954  1.0002429
ilr.fac1[64,3]   1.0000707  1.0003643
ilr.fac1[65,1]   1.0000062  1.0002349
ilr.fac1[65,2]   1.0002764  1.0009993
ilr.fac1[65,3]   1.0002461  1.0009806
ilr.fac1[66,1]   1.0003132  1.0013713
ilr.fac1[66,2]   0.9999840  1.0001821
ilr.fac1[66,3]   1.0001883  1.0006654
ilr.fac1[67,1]   1.0003430  1.0013763
ilr.fac1[67,2]   1.0002348  1.0009781
ilr.fac1[67,3]   1.0001300  1.0004832
ilr.fac1[68,1]   1.0002040  1.0008814
ilr.fac1[68,2]   1.0000062  1.0001695
ilr.fac1[68,3]   1.0001166  1.0005148
ilr.fac1[69,1]   1.0004187  1.0007236
ilr.fac1[69,2]   0.9999601  1.0000141
ilr.fac1[69,3]   1.0000000  1.0001785
ilr.fac1[7,1]    0.9999575  1.0000849
ilr.fac1[7,2]    1.0001320  1.0007339
ilr.fac1[7,3]    1.0000397  1.0002820
ilr.fac1[70,1]   1.0001248  1.0002229
ilr.fac1[70,2]   0.9999424  0.9999503
ilr.fac1[70,3]   1.0000533  1.0001875
ilr.fac1[71,1]   1.0009375  1.0032807
ilr.fac1[71,2]   1.0000778  1.0003041
ilr.fac1[71,3]   1.0004442  1.0015120
ilr.fac1[72,1]   1.0000868  1.0004740
ilr.fac1[72,2]   1.0002287  1.0006776
ilr.fac1[72,3]   1.0000552  1.0002412
ilr.fac1[73,1]   1.0000474  1.0002862
ilr.fac1[73,2]   0.9999701  1.0000145
ilr.fac1[73,3]   1.0000256  1.0001261
ilr.fac1[74,1]   1.0001625  1.0005897
ilr.fac1[74,2]   1.0001354  1.0002552
ilr.fac1[74,3]   0.9999866  1.0001301
ilr.fac1[75,1]   1.0001698  1.0003446
ilr.fac1[75,2]   1.0002898  1.0010067
ilr.fac1[75,3]   1.0000331  1.0001812
ilr.fac1[76,1]   1.0002030  1.0009172
ilr.fac1[76,2]   0.9999338  1.0000063
ilr.fac1[76,3]   1.0000285  1.0003341
ilr.fac1[77,1]   1.0000099  1.0001312
ilr.fac1[77,2]   1.0004537  1.0018235
ilr.fac1[77,3]   1.0004069  1.0014289
ilr.fac1[78,1]   0.9999341  0.9999846
ilr.fac1[78,2]   0.9999367  0.9999487
ilr.fac1[78,3]   0.9999266  0.9999600
ilr.fac1[79,1]   1.0005051  1.0019785
ilr.fac1[79,2]   1.0002275  1.0009040
ilr.fac1[79,3]   1.0002302  1.0003970
ilr.fac1[8,1]    0.9999066  0.9999157
ilr.fac1[8,2]    1.0001705  1.0008230
ilr.fac1[8,3]    1.0000316  1.0002820
ilr.fac1[80,1]   1.0001393  1.0005172
ilr.fac1[80,2]   1.0004115  1.0015431
ilr.fac1[80,3]   1.0001204  1.0005943
ilr.fac1[81,1]   1.0008525  1.0033980
ilr.fac1[81,2]   1.0005033  1.0017300
ilr.fac1[81,3]   1.0002228  1.0009679
ilr.fac1[82,1]   0.9999685  1.0001078
ilr.fac1[82,2]   0.9999723  1.0000919
ilr.fac1[82,3]   0.9999777  1.0001270
ilr.fac1[83,1]   1.0002817  1.0012702
ilr.fac1[83,2]   0.9999627  1.0000493
ilr.fac1[83,3]   1.0000648  1.0005047
ilr.fac1[84,1]   1.0002831  1.0003106
ilr.fac1[84,2]   1.0005646  1.0013242
ilr.fac1[84,3]   0.9999625  1.0000061
ilr.fac1[85,1]   1.0000968  1.0002080
ilr.fac1[85,2]   1.0000056  1.0001157
ilr.fac1[85,3]   1.0000021  1.0002117
ilr.fac1[86,1]   1.0006761  1.0023007
ilr.fac1[86,2]   1.0001178  1.0006140
ilr.fac1[86,3]   1.0002394  1.0009916
ilr.fac1[87,1]   1.0002744  1.0008484
ilr.fac1[87,2]   1.0004327  1.0015304
ilr.fac1[87,3]   1.0001213  1.0001673
ilr.fac1[88,1]   1.0001486  1.0004640
ilr.fac1[88,2]   1.0000348  1.0003917
ilr.fac1[88,3]   1.0000415  1.0003727
ilr.fac1[89,1]   1.0007779  1.0016918
ilr.fac1[89,2]   0.9999724  1.0001374
ilr.fac1[89,3]   1.0000666  1.0004016
ilr.fac1[9,1]    1.0000668  1.0000932
ilr.fac1[9,2]    1.0000226  1.0001253
ilr.fac1[9,3]    1.0000010  1.0000081
ilr.fac1[90,1]   0.9999957  1.0000096
ilr.fac1[90,2]   1.0001566  1.0007610
ilr.fac1[90,3]   1.0004759  1.0007066
ilr.fac1[91,1]   1.0000660  1.0003414
ilr.fac1[91,2]   0.9999635  0.9999997
ilr.fac1[91,3]   1.0000629  1.0003680
ilr.fac1[92,1]   0.9999846  1.0001962
ilr.fac1[92,2]   1.0002558  1.0003909
ilr.fac1[92,3]   0.9999236  0.9999633
ilr.fac1[93,1]   1.0000604  1.0003181
ilr.fac1[93,2]   1.0003067  1.0009505
ilr.fac1[93,3]   1.0001666  1.0003518
ilr.fac1[94,1]   1.0002897  1.0011060
ilr.fac1[94,2]   1.0000025  1.0000469
ilr.fac1[94,3]   1.0002960  1.0009847
ilr.fac1[95,1]   1.0001464  1.0005403
ilr.fac1[95,2]   1.0000986  1.0003060
ilr.fac1[95,3]   1.0002931  1.0013370
ilr.fac1[96,1]   1.0000332  1.0003805
ilr.fac1[96,2]   1.0000721  1.0000984
ilr.fac1[96,3]   0.9999510  1.0000199
ilr.fac1[97,1]   0.9999665  0.9999890
ilr.fac1[97,2]   0.9999845  1.0001070
ilr.fac1[97,3]   0.9999303  0.9999722
ilr.fac1[98,1]   1.0003349  1.0011650
ilr.fac1[98,2]   1.0000902  1.0005520
ilr.fac1[98,3]   1.0000604  1.0001955
ilr.fac1[99,1]   0.9999476  0.9999906
ilr.fac1[99,2]   1.0001691  1.0006519
ilr.fac1[99,3]   0.9999903  1.0001633
loglik[1]        1.0003326  1.0014765
loglik[10]       0.9999969  1.0002025
loglik[100]      1.0001533  1.0004649
loglik[101]      1.0000825  1.0003913
loglik[11]       1.0003875  1.0004914
loglik[12]       1.0001381  1.0003142
loglik[13]       1.0005453  1.0017988
loglik[14]       1.0001783  1.0007003
loglik[15]       1.0002172  1.0007668
loglik[16]       1.0004196  1.0011569
loglik[17]       0.9999667  1.0001103
loglik[18]       0.9999794  1.0001155
loglik[19]       1.0001094  1.0005503
loglik[2]        0.9999240  0.9999430
loglik[20]       1.0002650  1.0012194
loglik[21]       1.0000174  1.0000187
loglik[22]       1.0004317  1.0010650
loglik[23]       0.9999673  1.0000226
loglik[24]       1.0000830  1.0005298
loglik[25]       1.0001223  1.0005750
loglik[26]       1.0002669  1.0008028
loglik[27]       1.0000481  1.0002404
loglik[28]       0.9999667  1.0000587
loglik[29]       0.9999909  1.0001398
loglik[3]        1.0002717  1.0008069
loglik[30]       1.0001452  1.0006355
loglik[31]       1.0003318  1.0007316
loglik[32]       1.0001960  1.0006389
loglik[33]       0.9999713  1.0001408
loglik[34]       1.0000781  1.0003276
loglik[35]       0.9999895  1.0000076
loglik[36]       1.0002622  1.0004379
loglik[37]       1.0001563  1.0006775
loglik[38]       0.9999969  1.0000089
loglik[39]       1.0007055  1.0023521
loglik[4]        0.9999266  0.9999596
loglik[40]       1.0004302  1.0013047
loglik[41]       1.0003598  1.0012292
loglik[42]       1.0000294  1.0001244
loglik[43]       1.0000733  1.0001928
loglik[44]       1.0003125  1.0003284
loglik[45]       1.0003226  1.0012095
loglik[46]       1.0000939  1.0001435
loglik[47]       1.0005062  1.0017607
loglik[48]       1.0002834  1.0006496
loglik[49]       1.0000895  1.0004067
loglik[5]        1.0001664  1.0004353
loglik[50]       1.0000110  1.0001170
loglik[51]       1.0001692  1.0002405
loglik[52]       0.9999526  1.0000639
loglik[53]       1.0001765  1.0004429
loglik[54]       1.0000097  1.0001760
loglik[55]       1.0000508  1.0002726
loglik[56]       0.9999598  1.0001054
loglik[57]       1.0007700  1.0017919
loglik[58]       0.9999548  0.9999618
loglik[59]       1.0000022  1.0001469
loglik[6]        1.0003299  1.0010114
loglik[60]       1.0003907  1.0012568
loglik[61]       1.0001508  1.0006256
loglik[62]       1.0001471  1.0001976
loglik[63]       1.0000299  1.0001641
loglik[64]       0.9999817  1.0001565
loglik[65]       1.0001580  1.0007765
loglik[66]       1.0002458  1.0006760
loglik[67]       0.9999783  1.0000221
loglik[68]       1.0002578  1.0003836
loglik[69]       1.0000567  1.0001581
loglik[7]        0.9999976  1.0001404
loglik[70]       0.9999705  0.9999736
loglik[71]       1.0000791  1.0003568
loglik[72]       1.0002761  1.0012093
loglik[73]       0.9999726  1.0000956
loglik[74]       1.0002073  1.0002316
loglik[75]       1.0000313  1.0001312
loglik[76]       1.0000861  1.0002767
loglik[77]       0.9999425  0.9999783
loglik[78]       1.0001389  1.0003639
loglik[79]       1.0001898  1.0002449
loglik[8]        1.0001176  1.0005344
loglik[80]       1.0000454  1.0004047
loglik[81]       1.0006856  1.0026405
loglik[82]       0.9999311  0.9999779
loglik[83]       1.0000178  1.0000989
loglik[84]       1.0002733  1.0003840
loglik[85]       1.0000788  1.0003250
loglik[86]       0.9999555  1.0000869
loglik[87]       1.0001835  1.0002072
loglik[88]       0.9999476  0.9999930
loglik[89]       1.0001586  1.0006412
loglik[9]        1.0000768  1.0001766
loglik[90]       1.0000062  1.0000169
loglik[91]       1.0002045  1.0003626
loglik[92]       1.0001163  1.0005227
loglik[93]       1.0001931  1.0003186
loglik[94]       1.0001398  1.0007347
loglik[95]       1.0005172  1.0007566
loglik[96]       1.0002974  1.0004414
loglik[97]       1.0000211  1.0001744
loglik[98]       1.0003110  1.0007766
loglik[99]       1.0001008  1.0002187
p.fac1[1,1]      1.0000818  1.0005512
p.fac1[1,2]      1.0002107  1.0006338
p.fac1[1,3]      1.0001596  1.0007563
p.fac1[1,4]      1.0003197  1.0010905
p.fac1[10,1]     1.0002221  1.0009183
p.fac1[10,2]     1.0001766  1.0008743
p.fac1[10,3]     1.0000238  1.0003080
p.fac1[10,4]     1.0002353  1.0008274
p.fac1[100,1]    0.9999368  0.9999516
p.fac1[100,2]    0.9999307  0.9999471
p.fac1[100,3]    1.0000524  1.0003930
p.fac1[100,4]    1.0000888  1.0002390
p.fac1[101,1]    1.0004154  1.0009427
p.fac1[101,2]    1.0001400  1.0006373
p.fac1[101,3]    1.0007074  1.0007496
p.fac1[101,4]    1.0000090  1.0002565
p.fac1[11,1]     0.9999531  1.0000500
p.fac1[11,2]     1.0001148  1.0006719
p.fac1[11,3]     1.0000235  1.0000461
p.fac1[11,4]     1.0004309  1.0015415
p.fac1[12,1]     0.9999706  1.0001560
p.fac1[12,2]     0.9999524  0.9999814
p.fac1[12,3]     1.0000034  1.0001853
p.fac1[12,4]     0.9999764  1.0000257
p.fac1[13,1]     1.0002869  1.0011876
p.fac1[13,2]     1.0003925  1.0009749
p.fac1[13,3]     1.0004720  1.0017411
p.fac1[13,4]     1.0003031  1.0012671
p.fac1[14,1]     1.0002349  1.0008519
p.fac1[14,2]     1.0000638  1.0004096
p.fac1[14,3]     1.0001264  1.0005111
p.fac1[14,4]     1.0003602  1.0008970
p.fac1[15,1]     1.0005836  1.0018255
p.fac1[15,2]     0.9999905  1.0001170
p.fac1[15,3]     1.0003634  1.0013858
p.fac1[15,4]     1.0003022  1.0010213
p.fac1[16,1]     1.0004551  1.0013354
p.fac1[16,2]     1.0004822  1.0015620
p.fac1[16,3]     1.0000342  1.0002013
p.fac1[16,4]     1.0009469  1.0025428
p.fac1[17,1]     1.0000019  1.0002383
p.fac1[17,2]     0.9999110  0.9999165
p.fac1[17,3]     1.0000642  1.0004140
p.fac1[17,4]     1.0010402  1.0021641
p.fac1[18,1]     1.0004287  1.0018239
p.fac1[18,2]     1.0004269  1.0016885
p.fac1[18,3]     1.0001109  1.0004927
p.fac1[18,4]     1.0001577  1.0007677
p.fac1[19,1]     1.0006054  1.0021424
p.fac1[19,2]     1.0000669  1.0002989
p.fac1[19,3]     1.0004220  1.0016500
p.fac1[19,4]     1.0002103  1.0003343
p.fac1[2,1]      0.9999390  1.0000171
p.fac1[2,2]      1.0003598  1.0010509
p.fac1[2,3]      0.9999342  0.9999943
p.fac1[2,4]      0.9999182  0.9999277
p.fac1[20,1]     0.9999659  1.0000803
p.fac1[20,2]     1.0000717  1.0001091
p.fac1[20,3]     1.0001066  1.0004971
p.fac1[20,4]     0.9999551  0.9999813
p.fac1[21,1]     1.0001307  1.0004404
p.fac1[21,2]     0.9999781  0.9999784
p.fac1[21,3]     1.0000918  1.0003654
p.fac1[21,4]     0.9999288  0.9999754
p.fac1[22,1]     1.0000180  1.0000938
p.fac1[22,2]     1.0000309  1.0002368
p.fac1[22,3]     1.0002256  1.0009717
p.fac1[22,4]     1.0001801  1.0008513
p.fac1[23,1]     0.9999638  1.0000325
p.fac1[23,2]     0.9999212  0.9999424
p.fac1[23,3]     1.0000202  1.0001912
p.fac1[23,4]     0.9999352  0.9999941
p.fac1[24,1]     1.0001190  1.0004866
p.fac1[24,2]     1.0001003  1.0004958
p.fac1[24,3]     1.0001667  1.0006369
p.fac1[24,4]     1.0001070  1.0002482
p.fac1[25,1]     1.0001992  1.0008113
p.fac1[25,2]     1.0002874  1.0011831
p.fac1[25,3]     1.0000845  1.0002337
p.fac1[25,4]     1.0003788  1.0014176
p.fac1[26,1]     0.9999876  1.0002222
p.fac1[26,2]     1.0001937  1.0008632
p.fac1[26,3]     1.0003941  1.0010616
p.fac1[26,4]     1.0006067  1.0010535
p.fac1[27,1]     0.9999314  0.9999913
p.fac1[27,2]     0.9999966  1.0001220
p.fac1[27,3]     1.0002324  1.0002719
p.fac1[27,4]     0.9999240  0.9999692
p.fac1[28,1]     1.0000789  1.0001219
p.fac1[28,2]     0.9999467  0.9999781
p.fac1[28,3]     0.9999178  0.9999357
p.fac1[28,4]     0.9999570  1.0000357
p.fac1[29,1]     0.9999446  1.0000010
p.fac1[29,2]     0.9999763  1.0001319
p.fac1[29,3]     1.0000219  1.0001785
p.fac1[29,4]     1.0000225  1.0001195
p.fac1[3,1]      1.0002514  1.0008677
p.fac1[3,2]      1.0000263  1.0001347
p.fac1[3,3]      1.0001224  1.0006402
p.fac1[3,4]      1.0000945  1.0003497
p.fac1[30,1]     1.0003829  1.0009623
p.fac1[30,2]     1.0004096  1.0015506
p.fac1[30,3]     1.0000946  1.0001863
p.fac1[30,4]     1.0014401  1.0022487
p.fac1[31,1]     1.0000078  1.0001202
p.fac1[31,2]     1.0009346  1.0017900
p.fac1[31,3]     0.9999579  0.9999876
p.fac1[31,4]     1.0004297  1.0009180
p.fac1[32,1]     1.0001125  1.0005342
p.fac1[32,2]     1.0000676  1.0002546
p.fac1[32,3]     1.0001111  1.0006741
p.fac1[32,4]     0.9999423  0.9999692
p.fac1[33,1]     1.0001291  1.0004176
p.fac1[33,2]     1.0002259  1.0006782
p.fac1[33,3]     1.0001569  1.0004807
p.fac1[33,4]     1.0000348  1.0002215
p.fac1[34,1]     1.0003253  1.0012643
p.fac1[34,2]     1.0004636  1.0014289
p.fac1[34,3]     1.0002964  1.0012110
p.fac1[34,4]     1.0000748  1.0002105
p.fac1[35,1]     1.0001327  1.0004842
p.fac1[35,2]     1.0004419  1.0006752
p.fac1[35,3]     1.0001061  1.0004436
p.fac1[35,4]     1.0001701  1.0004222
p.fac1[36,1]     1.0005872  1.0006509
p.fac1[36,2]     0.9999266  0.9999885
p.fac1[36,3]     1.0004045  1.0004196
p.fac1[36,4]     1.0006377  1.0006595
p.fac1[37,1]     1.0002766  1.0008127
p.fac1[37,2]     1.0000614  1.0004448
p.fac1[37,3]     1.0002547  1.0008981
p.fac1[37,4]     1.0002048  1.0006753
p.fac1[38,1]     0.9999861  1.0002154
p.fac1[38,2]     1.0002002  1.0004770
p.fac1[38,3]     0.9999930  1.0001734
p.fac1[38,4]     0.9999202  0.9999300
p.fac1[39,1]     1.0003096  1.0011543
p.fac1[39,2]     1.0013678  1.0028236
p.fac1[39,3]     1.0004584  1.0015356
p.fac1[39,4]     1.0001686  1.0006694
p.fac1[4,1]      1.0000169  1.0000539
p.fac1[4,2]      0.9999460  1.0000443
p.fac1[4,3]      0.9999874  1.0000105
p.fac1[4,4]      0.9999816  1.0000357
p.fac1[40,1]     1.0000801  1.0004402
p.fac1[40,2]     1.0003026  1.0012536
p.fac1[40,3]     1.0002223  1.0009344
p.fac1[40,4]     0.9999865  1.0000651
p.fac1[41,1]     1.0000634  1.0001041
p.fac1[41,2]     1.0000897  1.0003921
p.fac1[41,3]     1.0000161  1.0001788
p.fac1[41,4]     1.0031805  1.0039170
p.fac1[42,1]     1.0000660  1.0004828
p.fac1[42,2]     1.0000762  1.0005206
p.fac1[42,3]     1.0000207  1.0002145
p.fac1[42,4]     1.0000390  1.0001441
p.fac1[43,1]     1.0000872  1.0002074
p.fac1[43,2]     1.0001821  1.0004096
p.fac1[43,3]     1.0001035  1.0003200
p.fac1[43,4]     0.9999887  1.0000313
p.fac1[44,1]     1.0004283  1.0007543
p.fac1[44,2]     0.9999858  1.0001780
p.fac1[44,3]     1.0005230  1.0007466
p.fac1[44,4]     1.0001809  1.0007695
p.fac1[45,1]     1.0001549  1.0008368
p.fac1[45,2]     1.0001693  1.0003165
p.fac1[45,3]     1.0002583  1.0011028
p.fac1[45,4]     1.0006716  1.0014079
p.fac1[46,1]     1.0002949  1.0008847
p.fac1[46,2]     1.0000939  1.0003324
p.fac1[46,3]     1.0004603  1.0012992
p.fac1[46,4]     0.9999696  1.0001252
p.fac1[47,1]     1.0002066  1.0004018
p.fac1[47,2]     0.9999509  1.0000851
p.fac1[47,3]     1.0003777  1.0009718
p.fac1[47,4]     1.0017422  1.0033705
p.fac1[48,1]     1.0003826  1.0005322
p.fac1[48,2]     0.9999362  1.0000166
p.fac1[48,3]     1.0009836  1.0011308
p.fac1[48,4]     1.0006697  1.0006931
p.fac1[49,1]     0.9999911  1.0000404
p.fac1[49,2]     1.0003571  1.0008138
p.fac1[49,3]     1.0000040  1.0002747
p.fac1[49,4]     0.9999988  0.9999994
p.fac1[5,1]      1.0005243  1.0018194
p.fac1[5,2]      1.0000971  1.0001755
p.fac1[5,3]      1.0002871  1.0012842
p.fac1[5,4]      1.0002558  1.0011046
p.fac1[50,1]     1.0006791  1.0008170
p.fac1[50,2]     1.0002739  1.0005819
p.fac1[50,3]     1.0001794  1.0005504
p.fac1[50,4]     1.0000433  1.0002237
p.fac1[51,1]     0.9999992  1.0002274
p.fac1[51,2]     1.0005533  1.0020247
p.fac1[51,3]     0.9999375  1.0000152
p.fac1[51,4]     1.0005653  1.0020705
p.fac1[52,1]     1.0000850  1.0005363
p.fac1[52,2]     1.0001168  1.0005314
p.fac1[52,3]     1.0000558  1.0002787
p.fac1[52,4]     1.0003392  1.0005648
p.fac1[53,1]     1.0009795  1.0016719
p.fac1[53,2]     1.0002078  1.0004170
p.fac1[53,3]     1.0016340  1.0023410
p.fac1[53,4]     1.0014645  1.0015450
p.fac1[54,1]     1.0001383  1.0007547
p.fac1[54,2]     0.9999817  1.0001146
p.fac1[54,3]     0.9999700  0.9999883
p.fac1[54,4]     0.9999866  1.0000926
p.fac1[55,1]     0.9999357  0.9999396
p.fac1[55,2]     1.0000026  1.0000431
p.fac1[55,3]     0.9999850  1.0001167
p.fac1[55,4]     1.0000257  1.0000298
p.fac1[56,1]     1.0001482  1.0005409
p.fac1[56,2]     1.0003081  1.0010653
p.fac1[56,3]     0.9999485  0.9999670
p.fac1[56,4]     1.0000045  1.0002017
p.fac1[57,1]     1.0000890  1.0005640
p.fac1[57,2]     1.0004986  1.0008122
p.fac1[57,3]     1.0002779  1.0005967
p.fac1[57,4]     1.0054868  1.0070976
p.fac1[58,1]     1.0001430  1.0004001
p.fac1[58,2]     1.0000294  1.0002953
p.fac1[58,3]     1.0000189  1.0001930
p.fac1[58,4]     1.0001581  1.0006901
p.fac1[59,1]     0.9999426  0.9999820
p.fac1[59,2]     1.0000860  1.0002179
p.fac1[59,3]     1.0000475  1.0002484
p.fac1[59,4]     1.0011803  1.0016750
p.fac1[6,1]      1.0001364  1.0007268
p.fac1[6,2]      1.0000907  1.0004819
p.fac1[6,3]      1.0001860  1.0006261
p.fac1[6,4]      1.0003122  1.0011863
p.fac1[60,1]     0.9999976  1.0002532
p.fac1[60,2]     1.0001246  1.0001849
p.fac1[60,3]     1.0000371  1.0003468
p.fac1[60,4]     0.9999380  1.0000401
p.fac1[61,1]     1.0000277  1.0003562
p.fac1[61,2]     1.0002200  1.0005508
p.fac1[61,3]     1.0000725  1.0004280
p.fac1[61,4]     1.0000758  1.0004268
p.fac1[62,1]     0.9999337  0.9999662
p.fac1[62,2]     1.0000997  1.0001632
p.fac1[62,3]     0.9999377  0.9999603
p.fac1[62,4]     1.0002000  1.0005547
p.fac1[63,1]     1.0000632  1.0004963
p.fac1[63,2]     1.0002345  1.0008018
p.fac1[63,3]     0.9999715  1.0001477
p.fac1[63,4]     1.0001137  1.0006593
p.fac1[64,1]     1.0000270  1.0000354
p.fac1[64,2]     0.9999931  1.0000317
p.fac1[64,3]     1.0001999  1.0002596
p.fac1[64,4]     1.0005150  1.0008254
p.fac1[65,1]     0.9999525  1.0000364
p.fac1[65,2]     1.0001154  1.0006583
p.fac1[65,3]     1.0002788  1.0009047
p.fac1[65,4]     1.0012745  1.0029048
p.fac1[66,1]     1.0005262  1.0021649
p.fac1[66,2]     1.0002148  1.0009872
p.fac1[66,3]     1.0001274  1.0007138
p.fac1[66,4]     1.0003565  1.0011149
p.fac1[67,1]     1.0000387  1.0004033
p.fac1[67,2]     1.0001625  1.0007163
p.fac1[67,3]     0.9999791  1.0001565
p.fac1[67,4]     1.0001599  1.0007369
p.fac1[68,1]     0.9999901  1.0001554
p.fac1[68,2]     0.9999467  1.0000526
p.fac1[68,3]     1.0000293  1.0003436
p.fac1[68,4]     0.9999968  1.0001437
p.fac1[69,1]     0.9999468  0.9999664
p.fac1[69,2]     1.0000738  1.0003812
p.fac1[69,3]     0.9999292  0.9999654
p.fac1[69,4]     1.0003694  1.0013554
p.fac1[7,1]      0.9999540  1.0000814
p.fac1[7,2]      0.9999529  1.0000307
p.fac1[7,3]      1.0000906  1.0005994
p.fac1[7,4]      0.9999792  1.0001534
p.fac1[70,1]     1.0000982  1.0003269
p.fac1[70,2]     1.0000280  1.0002384
p.fac1[70,3]     1.0000174  1.0000237
p.fac1[70,4]     0.9999794  1.0001547
p.fac1[71,1]     1.0002304  1.0010260
p.fac1[71,2]     1.0002721  1.0012647
p.fac1[71,3]     1.0001285  1.0005094
p.fac1[71,4]     1.0002671  1.0004494
p.fac1[72,1]     1.0001996  1.0009250
p.fac1[72,2]     0.9999400  1.0000413
p.fac1[72,3]     1.0001901  1.0008141
p.fac1[72,4]     0.9999270  0.9999700
p.fac1[73,1]     0.9999734  1.0000936
p.fac1[73,2]     0.9999360  0.9999370
p.fac1[73,3]     0.9999774  1.0001310
p.fac1[73,4]     1.0000072  1.0002492
p.fac1[74,1]     1.0000942  1.0001803
p.fac1[74,2]     0.9999911  1.0001566
p.fac1[74,3]     0.9999545  1.0000278
p.fac1[74,4]     1.0002248  1.0002700
p.fac1[75,1]     1.0000781  1.0004426
p.fac1[75,2]     1.0000419  1.0003474
p.fac1[75,3]     1.0000277  1.0001710
p.fac1[75,4]     1.0003130  1.0006513
p.fac1[76,1]     1.0003277  1.0009698
p.fac1[76,2]     1.0003483  1.0012293
p.fac1[76,3]     0.9999296  0.9999802
p.fac1[76,4]     1.0000532  1.0003606
p.fac1[77,1]     1.0001002  1.0002819
p.fac1[77,2]     1.0001617  1.0008446
p.fac1[77,3]     1.0001953  1.0008417
p.fac1[77,4]     1.0001328  1.0005097
p.fac1[78,1]     1.0000368  1.0001852
p.fac1[78,2]     0.9999851  1.0000661
p.fac1[78,3]     0.9999191  0.9999394
p.fac1[78,4]     1.0000129  1.0001692
p.fac1[79,1]     1.0001151  1.0006731
p.fac1[79,2]     1.0001543  1.0007865
p.fac1[79,3]     1.0005858  1.0011168
p.fac1[79,4]     1.0003186  1.0004182
p.fac1[8,1]      0.9999594  1.0000910
p.fac1[8,2]      1.0000485  1.0002607
p.fac1[8,3]      1.0000424  1.0003192
p.fac1[8,4]      1.0001911  1.0006849
p.fac1[80,1]     0.9999725  1.0000724
p.fac1[80,2]     1.0001391  1.0007246
p.fac1[80,3]     1.0002536  1.0006847
p.fac1[80,4]     1.0003056  1.0007718
p.fac1[81,1]     1.0004552  1.0018132
p.fac1[81,2]     1.0009238  1.0034396
p.fac1[81,3]     1.0002769  1.0010303
p.fac1[81,4]     1.0002877  1.0006524
p.fac1[82,1]     1.0001068  1.0005893
p.fac1[82,2]     1.0000023  1.0001216
p.fac1[82,3]     1.0000997  1.0004561
p.fac1[82,4]     1.0002797  1.0004084
p.fac1[83,1]     1.0004697  1.0016196
p.fac1[83,2]     1.0000605  1.0004614
p.fac1[83,3]     1.0001482  1.0005540
p.fac1[83,4]     0.9999894  0.9999931
p.fac1[84,1]     1.0000963  1.0004216
p.fac1[84,2]     1.0000556  1.0001698
p.fac1[84,3]     1.0001272  1.0005326
p.fac1[84,4]     1.0001332  1.0002208
p.fac1[85,1]     1.0001298  1.0004370
p.fac1[85,2]     1.0000509  1.0002593
p.fac1[85,3]     1.0000890  1.0001875
p.fac1[85,4]     1.0000569  1.0001372
p.fac1[86,1]     1.0007415  1.0026212
p.fac1[86,2]     1.0003705  1.0014859
p.fac1[86,3]     1.0001814  1.0007352
p.fac1[86,4]     1.0001281  1.0006216
p.fac1[87,1]     1.0001095  1.0003344
p.fac1[87,2]     1.0002126  1.0007237
p.fac1[87,3]     1.0001018  1.0003965
p.fac1[87,4]     0.9999195  0.9999373
p.fac1[88,1]     0.9999303  0.9999591
p.fac1[88,2]     1.0000035  1.0000973
p.fac1[88,3]     0.9999569  1.0000727
p.fac1[88,4]     1.0003799  1.0003872
p.fac1[89,1]     1.0001635  1.0006114
p.fac1[89,2]     1.0002873  1.0008713
p.fac1[89,3]     0.9999252  0.9999891
p.fac1[89,4]     1.0002031  1.0003998
p.fac1[9,1]      0.9999755  1.0001366
p.fac1[9,2]      0.9999125  0.9999342
p.fac1[9,3]      0.9999824  1.0001687
p.fac1[9,4]      0.9999963  1.0000943
p.fac1[90,1]     1.0000743  1.0002459
p.fac1[90,2]     0.9999803  0.9999818
p.fac1[90,3]     1.0000584  1.0002509
p.fac1[90,4]     1.0000152  1.0001336
p.fac1[91,1]     1.0001734  1.0007233
p.fac1[91,2]     1.0001793  1.0008962
p.fac1[91,3]     0.9999840  1.0000568
p.fac1[91,4]     1.0003483  1.0009542
p.fac1[92,1]     1.0000258  1.0001972
p.fac1[92,2]     1.0000268  1.0003555
p.fac1[92,3]     1.0001876  1.0002448
p.fac1[92,4]     0.9999822  1.0001701
p.fac1[93,1]     1.0001025  1.0004676
p.fac1[93,2]     0.9999340  0.9999616
p.fac1[93,3]     1.0001974  1.0008353
p.fac1[93,4]     1.0000099  1.0000610
p.fac1[94,1]     1.0002141  1.0008107
p.fac1[94,2]     1.0000567  1.0003557
p.fac1[94,3]     1.0000660  1.0003846
p.fac1[94,4]     1.0001032  1.0006105
p.fac1[95,1]     1.0001983  1.0008728
p.fac1[95,2]     1.0000711  1.0005289
p.fac1[95,3]     1.0005459  1.0013451
p.fac1[95,4]     1.0004301  1.0014241
p.fac1[96,1]     0.9999827  0.9999953
p.fac1[96,2]     0.9999857  1.0002023
p.fac1[96,3]     1.0000311  1.0001788
p.fac1[96,4]     0.9999830  1.0000967
p.fac1[97,1]     1.0000079  1.0001298
p.fac1[97,2]     0.9999620  0.9999748
p.fac1[97,3]     1.0001179  1.0004413
p.fac1[97,4]     1.0000120  1.0000209
p.fac1[98,1]     1.0000941  1.0004754
p.fac1[98,2]     1.0001694  1.0007258
p.fac1[98,3]     0.9999652  1.0001088
p.fac1[98,4]     1.0002877  1.0008344
p.fac1[99,1]     0.9999262  0.9999477
p.fac1[99,2]     0.9999461  1.0000238
p.fac1[99,3]     1.0003110  1.0013123
p.fac1[99,4]     1.0000952  1.0002371
p.global[1]      1.0000818  1.0005512
p.global[2]      1.0002107  1.0006338
p.global[3]      1.0001596  1.0007563
p.global[4]      1.0003197  1.0010905

################################################################################
# Geweke Diagnostic
################################################################################

The Geweke diagnostic is a standard z-score, so we'd expect 5% to be outside +/-1.96
Number of variables outside +/-1.96 in each chain (out of 
813
):


       Chain 1 Chain 2 Chain 3
Geweke      60      28      46


And here are the Geweke diagnostics for all variables:

                chain1 chain2 chain3
deviance         0.539 -0.864 -0.881
ilr.fac1[10,1]   0.564 -0.537 -1.382
ilr.fac1[10,2]   1.158  0.239 -1.460
ilr.fac1[10,3]   0.578  0.286  1.554
ilr.fac1[100,1]  0.516 -0.528 -0.324
ilr.fac1[100,2] -1.507  1.092 -0.548
ilr.fac1[100,3] -0.883  0.458  0.373
ilr.fac1[101,1] -0.344  0.234  1.521
ilr.fac1[101,2] -0.481  0.726 -1.590
ilr.fac1[101,3]  0.262  0.973 -0.426
ilr.fac1[11,1]   0.380  0.920 -1.186
ilr.fac1[11,2]  -0.851  0.835  1.145
ilr.fac1[11,3]  -0.943 -0.774  1.458
ilr.fac1[12,1]   0.437 -0.773 -1.798
ilr.fac1[12,2]   0.809 -0.381  0.016
ilr.fac1[12,3]  -0.134  0.934  1.159
ilr.fac1[13,1]  -0.760  1.465 -0.025
ilr.fac1[13,2]   0.540  0.738  0.554
ilr.fac1[13,3]   0.830 -1.264 -1.093
ilr.fac1[14,1]   1.394 -0.451  0.821
ilr.fac1[14,2]  -0.734 -0.586 -0.657
ilr.fac1[14,3]   0.603  0.778  1.053
ilr.fac1[15,1]  -0.716  0.065  0.476
ilr.fac1[15,2]   0.797  0.213  1.382
ilr.fac1[15,3]   0.887  0.115 -1.042
ilr.fac1[16,1]  -0.289  0.482  0.380
ilr.fac1[16,2]   0.752  1.244 -0.175
ilr.fac1[16,3]   0.038  0.489 -0.352
ilr.fac1[17,1]  -0.467 -0.155 -0.370
ilr.fac1[17,2]   0.171 -1.076 -0.811
ilr.fac1[17,3]  -0.188  0.806  0.075
ilr.fac1[18,1]   0.173 -0.151  0.785
ilr.fac1[18,2]  -0.480 -0.693 -0.106
ilr.fac1[18,3]   0.077  0.128 -0.259
ilr.fac1[19,1]   0.583  0.186 -0.860
ilr.fac1[19,2]   0.845 -1.227 -0.494
ilr.fac1[19,3]  -0.495 -0.252 -0.266
ilr.fac1[2,1]    0.796  0.254  0.811
ilr.fac1[2,2]   -0.279 -0.456  2.106
ilr.fac1[2,3]   -0.645  0.232 -1.200
ilr.fac1[20,1]   0.320  0.012  0.438
ilr.fac1[20,2]  -0.058  0.857  0.166
ilr.fac1[20,3]   0.442 -0.144 -0.089
ilr.fac1[21,1]   1.038 -0.222 -0.205
ilr.fac1[21,2]  -0.884  0.065 -0.890
ilr.fac1[21,3]  -0.940 -0.055  0.792
ilr.fac1[22,1]  -0.666  0.151 -2.372
ilr.fac1[22,2]  -0.364 -0.375 -0.645
ilr.fac1[22,3]   1.117  0.912  2.167
ilr.fac1[23,1]   1.090  0.649  0.463
ilr.fac1[23,2]  -0.377  1.871 -2.033
ilr.fac1[23,3]  -2.868 -0.796  1.506
ilr.fac1[24,1]  -0.905  0.717 -0.493
ilr.fac1[24,2]   0.305  0.672  0.251
ilr.fac1[24,3]   1.979 -0.394  1.074
ilr.fac1[25,1]  -0.664  0.333 -0.876
ilr.fac1[25,2]  -0.238  0.080 -0.559
ilr.fac1[25,3]   0.277  0.029  0.886
ilr.fac1[26,1]   2.020 -0.075  0.795
ilr.fac1[26,2]  -0.266  0.590 -0.044
ilr.fac1[26,3]  -1.101  1.300  0.481
ilr.fac1[27,1]   0.440 -2.178  0.918
ilr.fac1[27,2]   1.549  0.900  0.797
ilr.fac1[27,3]  -0.544  2.250  0.340
ilr.fac1[28,1]  -0.646 -1.104  0.099
ilr.fac1[28,2]   0.827  1.301  0.614
ilr.fac1[28,3]   1.004 -0.714 -0.262
ilr.fac1[29,1]   1.679 -0.440 -0.153
ilr.fac1[29,2]  -1.403 -1.580 -0.033
ilr.fac1[29,3]  -1.989  0.393  1.599
ilr.fac1[3,1]   -1.456 -1.894 -2.926
ilr.fac1[3,2]    1.960 -0.161  0.749
ilr.fac1[3,3]   -1.193  1.306  1.212
ilr.fac1[30,1]   0.456  0.088  0.281
ilr.fac1[30,2]  -0.658  0.838 -0.908
ilr.fac1[30,3]  -1.333  0.917  0.886
ilr.fac1[31,1]   0.160  0.121 -0.712
ilr.fac1[31,2]  -0.604  1.684 -0.245
ilr.fac1[31,3]  -0.489 -1.301 -1.256
ilr.fac1[32,1]  -2.940  0.359 -0.857
ilr.fac1[32,2]   0.724 -0.335  1.842
ilr.fac1[32,3]   1.282  0.969 -1.649
ilr.fac1[33,1]  -1.126  0.303 -1.695
ilr.fac1[33,2]   0.680  0.561  0.198
ilr.fac1[33,3]   0.120 -1.803 -0.446
ilr.fac1[34,1]  -0.992 -0.998  0.307
ilr.fac1[34,2]  -0.052 -0.376 -1.141
ilr.fac1[34,3]   0.635 -0.979 -1.122
ilr.fac1[35,1]  -0.800  0.412  0.459
ilr.fac1[35,2]   1.072  0.077 -0.226
ilr.fac1[35,3]   0.801 -0.412 -1.793
ilr.fac1[36,1]  -1.124  0.769 -0.981
ilr.fac1[36,2]   0.853 -0.241  2.170
ilr.fac1[36,3]   1.158 -0.656 -0.180
ilr.fac1[37,1]  -1.507  0.197 -2.913
ilr.fac1[37,2]   0.438 -0.053  0.680
ilr.fac1[37,3]   0.375 -0.718 -0.515
ilr.fac1[38,1]   0.187  0.972 -0.836
ilr.fac1[38,2]   0.881  0.226  0.633
ilr.fac1[38,3]   1.485 -1.413 -0.150
ilr.fac1[39,1]  -0.523  1.197 -1.052
ilr.fac1[39,2]  -0.981 -1.630  2.032
ilr.fac1[39,3]   1.122 -0.136 -0.666
ilr.fac1[4,1]    0.709  0.394 -1.290
ilr.fac1[4,2]    1.894  1.568  1.002
ilr.fac1[4,3]   -0.153  0.399 -0.002
ilr.fac1[40,1]   0.551  1.843 -2.179
ilr.fac1[40,2]   0.644  0.906 -1.780
ilr.fac1[40,3]   1.411 -2.533  1.634
ilr.fac1[41,1]  -1.649 -0.256 -0.980
ilr.fac1[41,2]   0.393 -0.463  0.548
ilr.fac1[41,3]   1.024  0.952 -1.600
ilr.fac1[42,1]   0.618 -0.016  1.000
ilr.fac1[42,2]  -1.231  1.717  0.363
ilr.fac1[42,3]  -0.547  0.815  0.644
ilr.fac1[43,1]  -1.178 -0.412 -1.309
ilr.fac1[43,2]  -0.165  1.037 -0.293
ilr.fac1[43,3]  -0.026 -0.082  1.060
ilr.fac1[44,1]  -0.835 -0.704 -0.582
ilr.fac1[44,2]  -3.693 -0.447  0.229
ilr.fac1[44,3]   0.625 -0.596 -0.549
ilr.fac1[45,1]   0.244 -0.803  0.033
ilr.fac1[45,2]   1.710 -0.613 -0.585
ilr.fac1[45,3]   0.780 -0.624 -0.824
ilr.fac1[46,1]  -0.901 -1.301  0.532
ilr.fac1[46,2]   0.394 -2.073  0.369
ilr.fac1[46,3]   0.424 -0.542 -1.549
ilr.fac1[47,1]   0.276 -0.199 -0.090
ilr.fac1[47,2]  -0.340 -0.203  0.911
ilr.fac1[47,3]   1.026  0.637 -1.284
ilr.fac1[48,1]  -1.075  0.007  0.458
ilr.fac1[48,2]  -1.409 -0.946  0.329
ilr.fac1[48,3]   1.210  1.500  0.736
ilr.fac1[49,1]   0.000 -0.030 -0.501
ilr.fac1[49,2]   0.383 -0.513 -0.392
ilr.fac1[49,3]   1.455 -1.698 -0.191
ilr.fac1[5,1]    1.571 -0.125 -0.817
ilr.fac1[5,2]   -0.397 -0.725 -0.290
ilr.fac1[5,3]   -1.579  0.460  0.669
ilr.fac1[50,1]  -0.196  0.471 -0.060
ilr.fac1[50,2]   1.766  0.012  0.479
ilr.fac1[50,3]   1.368 -0.006 -1.878
ilr.fac1[51,1]  -0.793 -0.467  1.035
ilr.fac1[51,2]   0.150  1.393 -0.198
ilr.fac1[51,3]   0.049  0.380 -1.664
ilr.fac1[52,1]   0.313 -0.152  0.395
ilr.fac1[52,2]  -0.138  0.867 -0.475
ilr.fac1[52,3]   0.786  0.866 -0.325
ilr.fac1[53,1]   1.916 -0.476  1.443
ilr.fac1[53,2]  -1.283  0.476 -0.536
ilr.fac1[53,3]  -0.087  0.201  0.689
ilr.fac1[54,1]  -0.745  0.477 -1.056
ilr.fac1[54,2]   0.820  0.374  2.097
ilr.fac1[54,3]   1.140  0.264 -0.525
ilr.fac1[55,1]   1.929 -0.285  0.004
ilr.fac1[55,2]  -2.587  0.921 -0.727
ilr.fac1[55,3]   1.053 -0.151 -1.474
ilr.fac1[56,1]   1.413 -1.181  0.910
ilr.fac1[56,2]  -1.458  2.143 -0.608
ilr.fac1[56,3]  -0.076 -0.829  0.073
ilr.fac1[57,1]   0.009 -2.305  0.158
ilr.fac1[57,2]  -0.394 -0.720 -1.664
ilr.fac1[57,3]   0.656  2.688  2.029
ilr.fac1[58,1]  -0.705 -0.468  1.015
ilr.fac1[58,2]  -2.233 -0.198 -0.067
ilr.fac1[58,3]  -0.757  1.428  0.757
ilr.fac1[59,1]  -0.054 -1.984  0.054
ilr.fac1[59,2]  -0.224  0.842  0.276
ilr.fac1[59,3]  -0.461  2.079 -1.383
ilr.fac1[6,1]    0.361  0.604  0.218
ilr.fac1[6,2]    0.321  0.719  0.131
ilr.fac1[6,3]   -1.200 -1.414  0.146
ilr.fac1[60,1]  -1.125  0.107  0.016
ilr.fac1[60,2]  -1.144 -1.810 -0.085
ilr.fac1[60,3]   2.367 -1.158 -0.974
ilr.fac1[61,1]   0.083 -0.935  0.949
ilr.fac1[61,2]  -1.864  1.007  0.512
ilr.fac1[61,3]   1.094 -1.379 -2.022
ilr.fac1[62,1]   1.172  1.326 -0.280
ilr.fac1[62,2]   0.149  0.237 -0.909
ilr.fac1[62,3]  -1.743  0.128 -1.300
ilr.fac1[63,1]  -0.985  0.900 -1.142
ilr.fac1[63,2]  -0.256 -0.205  0.116
ilr.fac1[63,3]   1.129 -1.479  0.825
ilr.fac1[64,1]  -1.540 -0.196 -0.060
ilr.fac1[64,2]  -0.341  1.714  0.950
ilr.fac1[64,3]  -0.092 -0.861 -0.582
ilr.fac1[65,1]   0.589  1.208 -0.941
ilr.fac1[65,2]   0.456 -0.820  0.817
ilr.fac1[65,3]   1.081  0.606  0.072
ilr.fac1[66,1]   0.009  1.133  0.846
ilr.fac1[66,2]   0.172 -0.679 -0.665
ilr.fac1[66,3]   0.647 -0.462 -1.095
ilr.fac1[67,1]   1.595  0.482  1.781
ilr.fac1[67,2]  -0.153  0.946 -0.991
ilr.fac1[67,3]   0.673 -0.601 -0.573
ilr.fac1[68,1]  -1.029  0.181 -1.641
ilr.fac1[68,2]   0.945 -1.096 -0.876
ilr.fac1[68,3]   0.519  0.260  0.308
ilr.fac1[69,1]   1.344 -0.162  0.877
ilr.fac1[69,2]  -1.309  1.139  0.094
ilr.fac1[69,3]  -1.158 -1.652  0.327
ilr.fac1[7,1]    0.879 -0.032 -0.016
ilr.fac1[7,2]   -0.926 -0.900  0.084
ilr.fac1[7,3]   -1.037 -0.362  0.246
ilr.fac1[70,1]   0.678  0.056  1.084
ilr.fac1[70,2]  -0.340  0.065  0.142
ilr.fac1[70,3]   0.069  0.047  0.858
ilr.fac1[71,1]   0.395  1.437 -1.350
ilr.fac1[71,2]   0.307 -1.035 -0.967
ilr.fac1[71,3]   0.386  0.101 -0.274
ilr.fac1[72,1]  -0.141  1.604 -0.168
ilr.fac1[72,2]   0.394 -0.059 -0.893
ilr.fac1[72,3]   0.563 -0.009  0.863
ilr.fac1[73,1]  -0.870  0.866 -0.603
ilr.fac1[73,2]  -0.463 -0.015 -1.025
ilr.fac1[73,3]   1.545  0.276  0.747
ilr.fac1[74,1]  -0.240 -0.150 -0.147
ilr.fac1[74,2]  -1.459 -1.545 -0.506
ilr.fac1[74,3]  -0.397 -0.098 -0.708
ilr.fac1[75,1]   0.040  0.197  0.437
ilr.fac1[75,2]  -0.211  1.181 -0.505
ilr.fac1[75,3]  -0.341  0.216 -0.719
ilr.fac1[76,1]   1.381  0.972 -0.411
ilr.fac1[76,2]  -0.139 -0.185  0.010
ilr.fac1[76,3]   2.253 -0.426 -1.333
ilr.fac1[77,1]  -0.489  0.319  0.686
ilr.fac1[77,2]  -1.196 -0.908 -2.433
ilr.fac1[77,3]   0.700 -0.135 -0.853
ilr.fac1[78,1]   2.395  0.818  1.345
ilr.fac1[78,2]   0.966  1.197  0.078
ilr.fac1[78,3]  -1.595 -1.142 -1.102
ilr.fac1[79,1]  -0.364 -0.261 -0.287
ilr.fac1[79,2]  -0.026 -0.086 -1.617
ilr.fac1[79,3]  -1.124  1.134  0.836
ilr.fac1[8,1]   -0.033 -0.689 -0.871
ilr.fac1[8,2]    0.550  1.088 -0.601
ilr.fac1[8,3]    1.383  0.117  0.511
ilr.fac1[80,1]   0.572  1.565 -0.075
ilr.fac1[80,2]  -0.537  0.205 -0.133
ilr.fac1[80,3]  -1.249 -0.493  1.758
ilr.fac1[81,1]  -1.071  0.980 -0.796
ilr.fac1[81,2]  -0.332 -0.508  0.625
ilr.fac1[81,3]  -0.032 -0.530  1.325
ilr.fac1[82,1]   0.551  0.692  0.586
ilr.fac1[82,2]   0.364 -0.087 -1.086
ilr.fac1[82,3]  -1.183  0.022  0.637
ilr.fac1[83,1]   0.628  1.355 -0.070
ilr.fac1[83,2]  -1.506 -0.812 -1.675
ilr.fac1[83,3]   0.868 -0.559  1.361
ilr.fac1[84,1]   0.547 -0.616 -0.218
ilr.fac1[84,2]   0.882  0.461  0.677
ilr.fac1[84,3]  -1.111  0.429 -1.063
ilr.fac1[85,1]   0.843 -0.231 -3.194
ilr.fac1[85,2]   0.116  1.274  0.650
ilr.fac1[85,3]  -0.498  0.489  2.322
ilr.fac1[86,1]   1.126 -0.702 -0.444
ilr.fac1[86,2]  -1.276  0.012  0.402
ilr.fac1[86,3]  -0.682  0.628  1.073
ilr.fac1[87,1]  -1.326  1.067 -0.218
ilr.fac1[87,2]  -0.373 -0.715 -0.406
ilr.fac1[87,3]   1.284 -1.900 -0.179
ilr.fac1[88,1]   0.571 -0.300  0.362
ilr.fac1[88,2]   0.337  0.414  1.419
ilr.fac1[88,3]   0.036  0.273  0.653
ilr.fac1[89,1]  -1.013  0.377  0.470
ilr.fac1[89,2]  -0.221 -1.127 -0.353
ilr.fac1[89,3]   0.598  0.344 -0.220
ilr.fac1[9,1]    0.638  0.582 -0.367
ilr.fac1[9,2]   -1.213 -0.836  1.367
ilr.fac1[9,3]   -0.660 -0.210 -0.226
ilr.fac1[90,1]  -0.429  0.038 -0.468
ilr.fac1[90,2]   0.340  1.266  0.463
ilr.fac1[90,3]  -0.708  0.703  0.796
ilr.fac1[91,1]  -1.073 -0.097  1.242
ilr.fac1[91,2]   1.485  0.930 -2.189
ilr.fac1[91,3]  -0.401 -0.110 -0.471
ilr.fac1[92,1]   1.381  0.644  0.725
ilr.fac1[92,2]   0.049  1.023 -0.091
ilr.fac1[92,3]  -1.154 -1.306  0.432
ilr.fac1[93,1]  -1.904  0.358  1.866
ilr.fac1[93,2]   0.812 -0.386 -0.564
ilr.fac1[93,3]   0.744  0.376 -2.758
ilr.fac1[94,1]   0.555 -1.219 -0.223
ilr.fac1[94,2]   2.707  1.029 -1.041
ilr.fac1[94,3]  -1.117 -0.727  0.131
ilr.fac1[95,1]  -0.266  0.664  0.116
ilr.fac1[95,2]   1.871  0.412  0.264
ilr.fac1[95,3]  -0.469 -1.083  0.336
ilr.fac1[96,1]   0.449 -0.546  1.630
ilr.fac1[96,2]   0.231 -0.369  0.451
ilr.fac1[96,3]  -0.661 -0.410 -1.658
ilr.fac1[97,1]  -0.348 -0.430  0.400
ilr.fac1[97,2]  -0.801  1.444 -0.950
ilr.fac1[97,3]   0.504  0.325 -0.052
ilr.fac1[98,1]  -0.101  0.881 -0.323
ilr.fac1[98,2]  -1.027  2.160  1.168
ilr.fac1[98,3]  -0.700 -1.078  0.313
ilr.fac1[99,1]   0.473 -0.711  0.415
ilr.fac1[99,2]  -0.030  1.296  0.537
ilr.fac1[99,3]  -0.658  1.003  0.029
loglik[1]       -0.979  0.582  1.088
loglik[10]      -0.316  1.105 -0.330
loglik[100]     -0.868  0.465  1.767
loglik[101]      0.130  0.676 -1.689
loglik[11]      -1.051 -0.242  1.162
loglik[12]      -0.426  1.311  0.749
loglik[13]      -2.357  0.429 -0.460
loglik[14]       0.458  0.236  0.521
loglik[15]      -0.507  0.972 -0.655
loglik[16]      -0.594  0.293 -0.028
loglik[17]      -0.201  0.042  1.361
loglik[18]       0.129  0.257  1.298
loglik[19]       0.338  0.994  0.221
loglik[2]       -0.654  0.498 -1.455
loglik[20]      -0.822  0.524 -1.752
loglik[21]       0.430  1.058  0.814
loglik[22]       0.359 -0.709  0.556
loglik[23]      -1.161 -0.030  0.468
loglik[24]       0.654 -0.487  0.773
loglik[25]       0.505  0.366  0.291
loglik[26]      -1.419  0.625 -0.117
loglik[27]      -0.515  1.306 -0.765
loglik[28]       1.513  0.370  1.932
loglik[29]      -1.597  1.688 -1.768
loglik[3]       -2.185  1.644  0.311
loglik[30]      -1.353  0.015 -0.583
loglik[31]       0.953 -1.355  0.462
loglik[32]       0.309  0.150 -1.894
loglik[33]      -0.509 -1.313 -0.492
loglik[34]       0.591  1.022  1.235
loglik[35]      -0.764 -0.876 -0.759
loglik[36]       0.157 -0.839 -0.476
loglik[37]      -0.709  0.106 -0.998
loglik[38]       0.800  0.753  0.947
loglik[39]       0.926  2.087 -1.669
loglik[4]       -0.516 -0.644 -0.810
loglik[40]      -0.609 -0.118  1.888
loglik[41]       1.162  0.950 -0.983
loglik[42]      -0.297  1.560  0.113
loglik[43]      -0.421  0.261  1.421
loglik[44]       0.415  0.526  1.174
loglik[45]      -0.656  0.771  1.249
loglik[46]      -0.174 -2.677  0.267
loglik[47]       0.562  1.512  0.445
loglik[48]      -1.050 -0.270 -0.213
loglik[49]       0.236  0.003  0.550
loglik[5]       -0.313  0.773 -0.222
loglik[50]      -0.725  0.104  1.505
loglik[51]       0.240  0.046  0.780
loglik[52]       1.367  0.936  0.219
loglik[53]       0.592  1.211  0.783
loglik[54]      -0.272  0.428  1.090
loglik[55]      -0.487  0.694  0.952
loglik[56]       1.158  0.192  0.976
loglik[57]      -0.108 -0.994  1.191
loglik[58]      -1.625  1.380  1.671
loglik[59]      -0.203 -0.374 -0.399
loglik[6]       -1.480 -1.194  0.877
loglik[60]      -0.035  1.193  0.779
loglik[61]       0.049 -0.006 -1.593
loglik[62]      -0.806  0.083  0.011
loglik[63]      -0.853  0.592  0.706
loglik[64]       0.696 -0.210  0.367
loglik[65]       0.715  0.916  0.868
loglik[66]       1.107  0.409  0.348
loglik[67]      -0.127  0.003  1.429
loglik[68]      -0.131  0.485  1.331
loglik[69]       0.381 -0.321  0.364
loglik[7]        1.179  1.511  0.832
loglik[70]       0.411  1.119  0.572
loglik[71]       0.314  0.613  0.006
loglik[72]       0.916 -0.273  0.233
loglik[73]       0.573  0.273  0.244
loglik[74]      -0.641  0.076  2.286
loglik[75]      -0.158  1.322 -1.411
loglik[76]      -0.876  0.879  0.601
loglik[77]       0.095  0.324  1.050
loglik[78]      -2.612  0.894  0.387
loglik[79]      -0.509  0.794  0.301
loglik[8]        0.485  1.048  1.959
loglik[80]      -1.553 -0.139  1.434
loglik[81]       0.117 -0.419  1.830
loglik[82]      -0.682  0.792 -0.828
loglik[83]       0.286  0.888  0.749
loglik[84]       0.610  0.335 -0.296
loglik[85]      -0.939  0.488  0.819
loglik[86]      -1.556 -0.041  2.162
loglik[87]       1.095 -1.624 -0.140
loglik[88]       0.531  0.963  0.722
loglik[89]      -0.374  0.469 -0.762
loglik[9]       -1.378  0.445 -1.189
loglik[90]      -0.058  0.507  1.925
loglik[91]       0.444  0.588 -0.303
loglik[92]      -1.605  0.203 -0.862
loglik[93]       1.212  1.304  0.096
loglik[94]       0.322  0.289  1.181
loglik[95]       0.748 -0.130  0.664
loglik[96]      -0.449  0.030 -1.670
loglik[97]      -0.436  0.913 -0.195
loglik[98]      -1.814  0.670  0.188
loglik[99]      -0.802  2.307  1.123
p.fac1[1,1]      2.530  0.123  1.663
p.fac1[1,2]     -1.690  0.458 -1.369
p.fac1[1,3]     -2.090 -0.425 -0.943
p.fac1[1,4]      1.654 -0.320  0.457
p.fac1[10,1]     2.221 -0.092 -0.592
p.fac1[10,2]    -0.424  0.779 -0.143
p.fac1[10,3]    -2.009 -0.489  0.951
p.fac1[10,4]     0.637  0.344 -1.204
p.fac1[100,1]    1.035 -0.151  0.580
p.fac1[100,2]   -1.267  0.956 -0.026
p.fac1[100,3]   -0.127 -1.653 -0.710
p.fac1[100,4]    1.691 -0.251 -0.641
p.fac1[101,1]    0.399  0.009  1.992
p.fac1[101,2]   -0.521  0.574 -2.120
p.fac1[101,3]   -0.019 -1.395  1.629
p.fac1[101,4]    0.748 -0.312  0.260
p.fac1[11,1]     0.740  0.951  0.569
p.fac1[11,2]    -1.519 -0.168  1.070
p.fac1[11,3]     0.030 -0.957 -1.295
p.fac1[11,4]     1.394 -0.422 -1.188
p.fac1[12,1]     2.092 -0.897 -0.558
p.fac1[12,2]    -0.673  0.609  1.322
p.fac1[12,3]    -1.590  0.675 -0.152
p.fac1[12,4]     1.236 -1.125 -0.930
p.fac1[13,1]     0.756  1.013  0.750
p.fac1[13,2]     1.351 -0.037 -0.233
p.fac1[13,3]    -1.075 -0.974 -0.741
p.fac1[13,4]     0.659  0.913  1.153
p.fac1[14,1]     0.823 -0.567  0.363
p.fac1[14,2]    -1.782  0.610 -1.490
p.fac1[14,3]    -0.101  0.497  0.293
p.fac1[14,4]     0.064 -0.950 -0.439
p.fac1[15,1]     1.157 -0.392  1.600
p.fac1[15,2]     0.389  1.136 -1.073
p.fac1[15,3]    -1.304  0.007 -1.495
p.fac1[15,4]     0.646 -0.864  1.852
p.fac1[16,1]     0.833  0.848  1.228
p.fac1[16,2]    -0.199  0.166 -1.151
p.fac1[16,3]    -1.558 -1.396 -0.171
p.fac1[16,4]     0.625 -1.113  0.324
p.fac1[17,1]     0.558 -0.529  0.236
p.fac1[17,2]    -0.808 -0.463 -1.100
p.fac1[17,3]    -0.603  0.653  0.171
p.fac1[17,4]     1.886 -0.335  0.037
p.fac1[18,1]     0.872 -0.273  1.704
p.fac1[18,2]    -0.734  0.328 -2.275
p.fac1[18,3]    -0.609  0.164  0.106
p.fac1[18,4]     0.499 -0.553  0.677
p.fac1[19,1]     1.183 -0.469 -0.804
p.fac1[19,2]     0.167 -0.138 -0.007
p.fac1[19,3]    -1.435  0.574  0.508
p.fac1[19,4]     1.890 -0.401  0.436
p.fac1[2,1]      1.133 -0.332  2.486
p.fac1[2,2]     -2.012 -0.942 -0.336
p.fac1[2,3]     -0.632  0.587 -2.324
p.fac1[2,4]      1.496 -0.427  1.899
p.fac1[20,1]     1.577  0.542  1.014
p.fac1[20,2]    -1.125  0.708 -0.239
p.fac1[20,3]    -0.535 -1.346 -0.854
p.fac1[20,4]    -0.406  0.063  0.036
p.fac1[21,1]     0.693 -0.193 -0.168
p.fac1[21,2]    -1.854  0.745 -1.101
p.fac1[21,3]    -0.148 -0.083  0.757
p.fac1[21,4]     1.399 -0.291 -1.156
p.fac1[22,1]     0.796 -0.068 -1.473
p.fac1[22,2]    -0.561 -0.128  1.234
p.fac1[22,3]    -0.172  0.535  0.833
p.fac1[22,4]    -0.602 -1.357 -1.815
p.fac1[23,1]     1.661  1.034  0.155
p.fac1[23,2]    -2.173  0.013 -0.545
p.fac1[23,3]    -0.010 -1.660  1.611
p.fac1[23,4]     2.641  0.005 -1.940
p.fac1[24,1]     0.120  0.761  0.199
p.fac1[24,2]     0.412 -0.332  0.115
p.fac1[24,3]    -0.710 -0.864 -0.048
p.fac1[24,4]    -0.872  0.219 -1.124
p.fac1[25,1]     0.050  0.312 -0.114
p.fac1[25,2]     0.090  0.086  0.024
p.fac1[25,3]    -0.979 -0.441  0.278
p.fac1[25,4]     0.544 -0.691 -0.064
p.fac1[26,1]     2.557  0.462  1.325
p.fac1[26,2]    -2.288  0.073 -0.705
p.fac1[26,3]    -0.502 -0.463 -0.859
p.fac1[26,4]     1.727 -1.023 -0.315
p.fac1[27,1]     1.342 -1.012  1.454
p.fac1[27,2]    -0.745  2.205 -0.660
p.fac1[27,3]    -1.464 -1.516 -1.280
p.fac1[27,4]     0.847 -2.289  0.142
p.fac1[28,1]     0.833 -0.634  1.562
p.fac1[28,2]     0.752  1.050 -0.389
p.fac1[28,3]    -1.686 -0.773 -1.592
p.fac1[28,4]    -1.384  0.097 -0.651
p.fac1[29,1]     1.691 -1.316  0.701
p.fac1[29,2]    -2.566  0.529 -0.809
p.fac1[29,3]     0.788  0.977  0.666
p.fac1[29,4]     2.635  0.099 -0.903
p.fac1[3,1]      2.062 -1.262 -0.777
p.fac1[3,2]      0.975  2.300  2.172
p.fac1[3,3]     -2.649  0.568 -0.243
p.fac1[3,4]      2.144 -1.610 -0.987
p.fac1[30,1]     1.316  1.006  0.691
p.fac1[30,2]    -2.451  0.157 -0.589
p.fac1[30,3]     0.313 -0.924  0.182
p.fac1[30,4]     1.895 -1.465 -1.126
p.fac1[31,1]     0.669  1.748  0.106
p.fac1[31,2]    -0.371  0.419 -0.840
p.fac1[31,3]    -0.461 -1.751 -0.004
p.fac1[31,4]     0.274  1.197  1.367
p.fac1[32,1]    -0.172 -0.240  1.679
p.fac1[32,2]     1.781  0.303  0.329
p.fac1[32,3]    -0.796  0.216 -2.034
p.fac1[32,4]    -0.625 -1.003  1.963
p.fac1[33,1]     0.690  1.155  0.249
p.fac1[33,2]     0.483  0.577  0.795
p.fac1[33,3]    -0.794 -1.225 -0.341
p.fac1[33,4]     0.964  1.336  0.106
p.fac1[34,1]     0.307 -1.674  0.209
p.fac1[34,2]    -0.047  0.778 -1.833
p.fac1[34,3]    -0.803 -0.526  0.448
p.fac1[34,4]     0.703  1.450  1.398
p.fac1[35,1]     1.352  0.236  0.819
p.fac1[35,2]     0.975  0.810 -1.219
p.fac1[35,3]    -1.419 -0.313 -0.604
p.fac1[35,4]     0.436 -0.399  1.142
p.fac1[36,1]     0.435  0.104  1.326
p.fac1[36,2]     0.623 -0.272 -0.134
p.fac1[36,3]    -0.855  0.159 -1.350
p.fac1[36,4]    -0.620 -0.357 -0.292
p.fac1[37,1]     0.353  0.036  0.373
p.fac1[37,2]     1.030 -0.965  1.678
p.fac1[37,3]    -0.568  0.057 -0.791
p.fac1[37,4]     0.639  0.400  0.969
p.fac1[38,1]     1.749  1.097 -0.029
p.fac1[38,2]    -0.649 -1.249  0.107
p.fac1[38,3]    -1.347 -0.923 -0.446
p.fac1[38,4]     0.559  1.194  0.342
p.fac1[39,1]    -0.503 -0.516  1.385
p.fac1[39,2]    -0.870 -3.054  1.718
p.fac1[39,3]     0.630  0.954 -1.803
p.fac1[39,4]    -0.435 -0.236  2.057
p.fac1[4,1]      2.211  1.424  0.395
p.fac1[4,2]      0.691  1.365  0.859
p.fac1[4,3]     -2.036 -1.546 -0.661
p.fac1[4,4]      1.107  0.812  0.856
p.fac1[40,1]     1.247  1.599 -1.555
p.fac1[40,2]    -0.151 -1.212 -0.387
p.fac1[40,3]    -1.111 -1.266  1.707
p.fac1[40,4]     0.639  1.543 -0.783
p.fac1[41,1]     0.631 -0.452  0.219
p.fac1[41,2]     0.128  0.129 -0.060
p.fac1[41,3]    -0.628  0.846 -0.732
p.fac1[41,4]    -0.686 -1.965  1.756
p.fac1[42,1]     1.382  0.480  1.919
p.fac1[42,2]    -1.499  0.853 -0.898
p.fac1[42,3]    -0.047 -2.212 -1.354
p.fac1[42,4]     1.184 -0.902 -0.920
p.fac1[43,1]     0.665  0.699 -0.075
p.fac1[43,2]    -0.493  0.254 -0.667
p.fac1[43,3]    -0.588 -0.650  0.528
p.fac1[43,4]     0.974 -0.317 -1.139
p.fac1[44,1]    -1.535 -0.877 -0.544
p.fac1[44,2]    -1.121 -0.197  0.044
p.fac1[44,3]     2.028 -0.248 -0.890
p.fac1[44,4]     0.375  0.937  0.750
p.fac1[45,1]     2.329 -0.730  0.171
p.fac1[45,2]    -0.293  0.453 -1.621
p.fac1[45,3]    -2.060  0.424  0.204
p.fac1[45,4]     1.230  0.037  0.564
p.fac1[46,1]     0.636 -2.492  1.557
p.fac1[46,2]     0.141  0.995 -1.261
p.fac1[46,3]    -0.992  2.044 -1.667
p.fac1[46,4]    -0.053  1.166  1.609
p.fac1[47,1]     1.647  0.236  0.825
p.fac1[47,2]    -1.392 -0.138 -0.468
p.fac1[47,3]    -0.497  0.224 -1.155
p.fac1[47,4]    -0.053 -0.832  1.075
p.fac1[48,1]    -0.027 -0.513  1.269
p.fac1[48,2]    -0.252  0.813 -1.161
p.fac1[48,3]     0.341  0.091 -0.381
p.fac1[48,4]    -0.327 -0.229 -1.817
p.fac1[49,1]     1.040 -0.584  0.244
p.fac1[49,2]    -0.436 -0.617 -0.831
p.fac1[49,3]    -0.626 -0.002 -0.258
p.fac1[49,4]     0.085  1.691  1.257
p.fac1[5,1]      1.965 -0.522  0.235
p.fac1[5,2]     -2.388  0.183  0.633
p.fac1[5,3]     -0.978  0.377 -0.438
p.fac1[5,4]      1.294 -0.234 -0.190
p.fac1[50,1]     1.182 -0.031 -0.627
p.fac1[50,2]     0.645 -0.224 -0.945
p.fac1[50,3]    -0.703  0.137 -2.046
p.fac1[50,4]    -0.589  0.068  1.422
p.fac1[51,1]     0.716  0.901  0.595
p.fac1[51,2]    -0.533  1.500 -1.408
p.fac1[51,3]    -0.989 -1.395 -0.401
p.fac1[51,4]     1.774 -0.008  1.940
p.fac1[52,1]     1.620  0.327  0.870
p.fac1[52,2]    -0.774  1.103 -0.639
p.fac1[52,3]    -1.569 -1.574 -0.389
p.fac1[52,4]    -0.579 -1.301  0.157
p.fac1[53,1]     1.123 -0.369  0.825
p.fac1[53,2]    -2.575 -0.455 -2.198
p.fac1[53,3]    -0.377  0.617  0.459
p.fac1[53,4]     0.437  0.019 -1.727
p.fac1[54,1]     1.018  0.702  0.675
p.fac1[54,2]     0.353  0.181  0.422
p.fac1[54,3]    -1.169 -0.313 -2.147
p.fac1[54,4]    -0.329 -0.429  0.723
p.fac1[55,1]     1.119 -0.403 -1.074
p.fac1[55,2]    -1.601  0.517 -1.127
p.fac1[55,3]     1.369 -0.666 -1.347
p.fac1[55,4]    -0.329  0.221  1.858
p.fac1[56,1]     0.640  1.169  0.912
p.fac1[56,2]    -3.086  2.009 -1.296
p.fac1[56,3]     0.291 -1.897 -0.212
p.fac1[56,4]     0.959  1.045  0.094
p.fac1[57,1]     1.235 -2.280  0.026
p.fac1[57,2]    -1.139  2.323 -0.524
p.fac1[57,3]    -0.662  1.734  0.953
p.fac1[57,4]    -0.504 -1.281 -2.314
p.fac1[58,1]    -0.335  0.465  1.881
p.fac1[58,2]    -0.793 -0.024 -1.177
p.fac1[58,3]     0.677  0.099 -0.704
p.fac1[58,4]     2.014 -1.359 -1.634
p.fac1[59,1]     0.764 -1.025  0.953
p.fac1[59,2]    -0.223  1.855 -0.500
p.fac1[59,3]    -0.567  0.139 -0.950
p.fac1[59,4]    -0.598 -1.683  0.691
p.fac1[6,1]      1.086  0.710  0.838
p.fac1[6,2]     -0.661  0.600 -0.716
p.fac1[6,3]     -1.246 -1.718 -0.506
p.fac1[6,4]      2.060  1.432  0.282
p.fac1[60,1]    -0.526 -1.183  0.291
p.fac1[60,2]    -0.640 -1.412 -0.574
p.fac1[60,3]     0.996  1.668 -0.375
p.fac1[60,4]    -0.537  0.730  1.134
p.fac1[61,1]    -0.644  0.925  1.526
p.fac1[61,2]    -1.329  0.686 -0.725
p.fac1[61,3]     1.171 -1.420 -1.449
p.fac1[61,4]    -0.728  2.079  2.016
p.fac1[62,1]     1.564  0.939 -0.335
p.fac1[62,2]    -0.756 -0.424 -1.546
p.fac1[62,3]    -1.331 -0.693  0.437
p.fac1[62,4]     2.119  0.236  1.181
p.fac1[63,1]     0.306  0.137  0.203
p.fac1[63,2]     0.025 -0.947  0.190
p.fac1[63,3]    -0.298  0.036 -0.486
p.fac1[63,4]     0.126  1.051  0.465
p.fac1[64,1]     0.273  0.981  1.649
p.fac1[64,2]     0.406  0.047 -0.451
p.fac1[64,3]    -0.679 -1.168 -1.351
p.fac1[64,4]     0.532  0.540 -0.201
p.fac1[65,1]     1.595  0.551  0.726
p.fac1[65,2]    -0.597 -0.130 -0.419
p.fac1[65,3]    -0.974 -0.415 -0.417
p.fac1[65,4]    -1.302 -0.526 -0.286
p.fac1[66,1]     1.223  0.991  1.639
p.fac1[66,2]    -0.504 -1.012 -1.441
p.fac1[66,3]    -0.969 -0.201 -0.645
p.fac1[66,4]    -0.236  0.670  1.162
p.fac1[67,1]     2.642  0.833  1.489
p.fac1[67,2]    -1.703  0.345 -2.016
p.fac1[67,3]    -1.202 -1.347 -0.080
p.fac1[67,4]     0.398  0.387  0.935
p.fac1[68,1]     0.680 -0.716 -1.266
p.fac1[68,2]     0.680 -0.477  0.205
p.fac1[68,3]    -1.672  1.213  0.887
p.fac1[68,4]     0.484 -0.102  0.144
p.fac1[69,1]     0.473  1.106  1.212
p.fac1[69,2]    -2.356  0.620 -0.561
p.fac1[69,3]     0.103 -1.974 -0.688
p.fac1[69,4]     2.636  1.625 -0.108
p.fac1[7,1]      1.618 -0.897  1.122
p.fac1[7,2]     -1.583  0.394 -0.272
p.fac1[7,3]     -0.921  0.364 -0.884
p.fac1[7,4]      2.200  0.465 -1.028
p.fac1[70,1]     1.025 -0.459  1.874
p.fac1[70,2]    -0.810  0.394 -0.954
p.fac1[70,3]    -0.621 -0.118 -0.622
p.fac1[70,4]     0.779 -0.080 -0.596
p.fac1[71,1]     1.683  0.456 -0.650
p.fac1[71,2]    -0.788 -1.602 -0.151
p.fac1[71,3]    -1.259  0.577  0.815
p.fac1[71,4]     0.068 -0.069  0.221
p.fac1[72,1]     1.288  0.971  0.495
p.fac1[72,2]    -0.322 -0.875 -0.404
p.fac1[72,3]    -1.065 -0.309  0.063
p.fac1[72,4]    -0.671 -0.378 -0.952
p.fac1[73,1]     0.314  1.078  0.430
p.fac1[73,2]    -0.018 -0.213 -0.624
p.fac1[73,3]    -0.352 -0.799  0.705
p.fac1[73,4]    -0.342 -1.258 -0.526
p.fac1[74,1]     0.049 -1.161  0.197
p.fac1[74,2]    -1.617  0.291 -0.942
p.fac1[74,3]     0.891  1.035  0.286
p.fac1[74,4]     1.614  0.158  1.033
p.fac1[75,1]     0.808  0.587  0.649
p.fac1[75,2]    -0.821  0.233 -1.252
p.fac1[75,3]    -0.017 -1.476  1.007
p.fac1[75,4]     0.729 -0.270  0.683
p.fac1[76,1]     2.500  0.462 -0.089
p.fac1[76,2]    -1.195 -1.218 -0.336
p.fac1[76,3]    -0.406  0.426 -0.238
p.fac1[76,4]    -0.879  0.391  0.561
p.fac1[77,1]     0.072  0.819  0.067
p.fac1[77,2]    -1.298 -0.691 -2.780
p.fac1[77,3]     0.144  0.086  0.926
p.fac1[77,4]     0.741 -0.096  1.217
p.fac1[78,1]     2.825  1.108  1.927
p.fac1[78,2]    -2.584  0.140 -1.875
p.fac1[78,3]    -1.514 -1.969 -0.663
p.fac1[78,4]     2.444  0.699  1.107
p.fac1[79,1]     0.348  0.034  0.041
p.fac1[79,2]    -0.469  0.189 -0.539
p.fac1[79,3]    -0.846  0.121  1.114
p.fac1[79,4]     1.513 -0.776  0.184
p.fac1[8,1]      1.301 -0.168  0.069
p.fac1[8,2]     -0.278  1.680 -0.376
p.fac1[8,3]     -0.884 -1.348  0.295
p.fac1[8,4]     -0.690  0.075 -0.109
p.fac1[80,1]     1.530  1.657  0.958
p.fac1[80,2]    -1.583 -1.033 -0.104
p.fac1[80,3]    -0.064 -1.138 -0.404
p.fac1[80,4]     0.371 -0.022 -2.222
p.fac1[81,1]     0.059  1.201  0.544
p.fac1[81,2]     0.049 -0.726  0.767
p.fac1[81,3]    -0.390 -0.584 -1.537
p.fac1[81,4]     0.382 -0.391 -2.461
p.fac1[82,1]     1.500  0.678  0.982
p.fac1[82,2]    -0.744 -0.201 -1.125
p.fac1[82,3]    -1.311 -0.443  0.800
p.fac1[82,4]     0.597 -0.689 -0.661
p.fac1[83,1]     0.833  0.671 -0.130
p.fac1[83,2]    -1.475 -1.181 -1.098
p.fac1[83,3]     0.718  0.572  1.677
p.fac1[83,4]     0.198  0.260 -0.408
p.fac1[84,1]     1.666 -0.522  0.719
p.fac1[84,2]    -1.097  1.297 -0.726
p.fac1[84,3]    -1.814 -0.825 -0.902
p.fac1[84,4]     2.447 -1.010  2.248
p.fac1[85,1]     2.044  0.221 -1.171
p.fac1[85,2]    -1.710  0.854  2.150
p.fac1[85,3]    -0.808 -1.627 -1.022
p.fac1[85,4]     1.211 -0.573 -2.114
p.fac1[86,1]     1.566 -0.546  0.869
p.fac1[86,2]    -1.821  0.749 -0.137
p.fac1[86,3]     0.338 -0.322 -0.652
p.fac1[86,4]     1.080 -0.405 -1.043
p.fac1[87,1]    -0.173  0.394  0.303
p.fac1[87,2]     0.572 -1.149 -0.523
p.fac1[87,3]    -0.401  0.574  0.541
p.fac1[87,4]    -0.992  1.730 -0.158
p.fac1[88,1]     1.174  0.169  2.233
p.fac1[88,2]    -0.362  0.643 -0.834
p.fac1[88,3]    -1.200 -0.695 -1.976
p.fac1[88,4]     0.033 -0.777 -0.185
p.fac1[89,1]     0.367 -0.073  1.021
p.fac1[89,2]    -0.128 -0.711 -1.358
p.fac1[89,3]    -0.178  0.585 -0.062
p.fac1[89,4]    -0.153  0.489  0.230
p.fac1[9,1]      0.695 -0.136  1.043
p.fac1[9,2]     -1.360 -0.770 -0.373
p.fac1[9,3]     -0.092  0.576 -0.868
p.fac1[9,4]      1.524  0.440  0.184
p.fac1[90,1]     0.978  0.653  0.407
p.fac1[90,2]    -0.344  0.925  0.343
p.fac1[90,3]    -1.165 -1.183 -0.587
p.fac1[90,4]     1.506 -0.987 -0.397
p.fac1[91,1]     0.789  0.136  0.952
p.fac1[91,2]    -0.156  0.430 -1.807
p.fac1[91,3]    -1.376 -0.556  1.059
p.fac1[91,4]     1.063 -0.695  0.683
p.fac1[92,1]     2.130  0.863  1.181
p.fac1[92,2]    -2.081  0.049 -0.756
p.fac1[92,3]    -0.687 -1.414 -0.374
p.fac1[92,4]     1.857  0.420 -0.452
p.fac1[93,1]    -0.650  0.203  1.482
p.fac1[93,2]     1.201 -0.166 -2.018
p.fac1[93,3]    -1.509  0.545  0.256
p.fac1[93,4]     0.330 -1.385  2.215
p.fac1[94,1]     2.463 -0.773  0.334
p.fac1[94,2]     0.115  0.942 -0.565
p.fac1[94,3]    -3.497 -0.621  0.174
p.fac1[94,4]     1.573  1.148  0.174
p.fac1[95,1]     1.765  0.182  0.875
p.fac1[95,2]    -0.235  0.079 -0.286
p.fac1[95,3]    -2.829 -0.880 -0.741
p.fac1[95,4]     0.632  1.408 -0.086
p.fac1[96,1]     1.557 -0.829  2.167
p.fac1[96,2]    -1.027  0.483 -2.156
p.fac1[96,3]    -1.378  0.411 -0.993
p.fac1[96,4]     1.308  0.161  1.627
p.fac1[97,1]     0.331  0.739  0.103
p.fac1[97,2]     0.162  0.098 -0.576
p.fac1[97,3]    -0.848 -1.470  0.303
p.fac1[97,4]    -0.123 -0.157  0.260
p.fac1[98,1]     0.221  1.225  0.687
p.fac1[98,2]    -0.739 -0.043  0.102
p.fac1[98,3]     0.083 -2.389 -1.388
p.fac1[98,4]     1.648  1.214  0.475
p.fac1[99,1]     1.252 -0.639  0.769
p.fac1[99,2]    -1.041  1.452 -0.276
p.fac1[99,3]    -1.034 -1.029 -0.817
p.fac1[99,4]     1.768 -1.330 -0.025
p.global[1]      2.530  0.123  1.663
p.global[2]     -1.690  0.458 -1.369
p.global[3]     -2.090 -0.425 -0.943
p.global[4]      1.654 -0.320  0.457
