"LAB","DT1","1","13","P-163","","24","22","R","24+6018","DW","12-20-2021 11:35"
   1          1.88467            32.7421      2 
   2          1.88358            32.7208      2 
   3          1.89000            32.8459      2 
   4          1.89654            32.9734      2 
   5          1.89666            32.9757      2 
   6          1.89580            32.9589      2 
   7          1.89734            32.9890      2 
   8          1.90081            33.0566      2 
   9          1.89520            32.9472      2 
  10          1.88859            32.8184      2 
  11          1.87028            32.4620      2 
  12          1.88099            32.6704      2 
  13          1.91641            33.3611      2 
  14          1.87662            32.5853      2 
  15          1.86184            32.2979      2 
  16          1.88258            32.7014      2 
  17          1.89294            32.9032      2 
  18          1.89912            33.0237      2 
  19          1.88636            32.7750      2 
  20          1.88351            32.7195      2 
  21          1.88241            32.6981      2 
  22          1.83415            31.7604      2 
  23          1.83420            31.7614      2 
  24          1.83399            31.7573      2 
   0          0.00000            -9.0000      9 
   0          0.00000            -9.0000      9 
   0          0.00000            -9.0000      9 
   0          0.00000            -9.0000      9 
