"LAB","JR1","1","13","P-163","","24","23","D","24+6013","DW","11-29-2021 00:27"
   1          1.89820            33.0057      2 
   2          1.87773            32.6070      2 
   3          1.89420            32.9278      2 
   4          1.88407            32.7304      2 
   5          1.87834            32.6188      2 
   6          1.88184            32.6870      2 
   7          1.88652            32.7781      2 
   8          1.88690            32.7855      2 
   9          1.89108            32.8669      2 
  10          1.89603            32.9634      2 
  11          1.88230            32.6959      2 
  12          1.89180            32.8810      2 
  13          1.87580            32.5694      2 
  14          1.88808            32.8085      2 
  15          1.96985            34.4074      2 
  16          1.90313            33.1019      2 
  17          1.90665            33.1706      2 
  18          1.89280            32.9005      2 
  19          1.90912            33.2188      2 
  20          2.01161            35.2286      2 
  21          1.94464            33.9132      2 
  22          2.02472            35.4870      2 
  23          2.00884            35.1740      2 
  24          1.89148            32.8747      2 
