"LAB","DT2","1","13","P-163","","24","24","D","24+6019","DW","05-12-2022 02:42"
   1          1.82597            31.6019      2 
   2          1.87723            32.5972      2 
   3          1.87745            32.6015      2 
   4          1.88859            32.8184      2 
   5          1.88011            32.6533      2 
   6          1.87008            32.4581      2 
   7          1.89513            32.9459      2 
   8          1.88158            32.6819      2 
   9          1.95289            34.0748      2 
  10          1.88095            32.6696      2 
  11          1.94570            33.9340      2 
  12          1.93731            33.7697      2 
  13          1.90390            33.1169      2 
  14          1.87761            32.6046      2 
  15          1.91735            33.3795      2 
  16          1.90971            33.2303      2 
  17          1.88562            32.7606      2 
  18          1.92083            33.4475      2 
  19          1.92710            33.5700      2 
  20          1.93261            33.6778      2 
  21          1.90413            33.1214      2 
  22          1.89999            33.0406      2 
  23          1.94869            33.9925      2 
  24          1.94884            33.9955      2 
   0          0.00000            -9.0000      9 
   0          0.00000            -9.0000      9 
   0          0.00000            -9.0000      9 
   0          0.00000            -9.0000      9 
