TOTAL ALKALINITY
Run Date:,05-25-2021,   ,End of Cal:,11:10:15
Operator:,LC,   ,CRM TA:,2109.65,   ,CRM TA:,2.154626,   ,Slope:,-1.720173e-002
Acid Batch:,,   ,CRM Salinity:,31.698,   ,Input TA:,,   ,[HCl](mM):,92.09901
Volume:,18,   ,CRM Temp:,23.4
 
 
 
SampleID,Time,TA(mM),Init. pH,TA(uM),TA(uM) Corrected,Salinity,Temperature,Density,TA(umolkg-1),Volume HgCl2(uL),Volume Sample(mL),HgCl2 CF,TA(umolkg-1),TA_avg (umolkg-1),TA_std (umolkg-1),
esl07a_19,10:56:30,2.2629,8.036,2262.9,   NaN,31.698,23.4,1.0213,NaN,50,250,1.0002,NaN,NaN,   NaN
esl07a_19,11:10:15,2.2613,8.049,2261.3,   NaN,31.698,23.4,1.0213,NaN,50,250,1.0002,NaN,,
RSA_028b,11:43:05,2.265,7.94,2265,   NaN,32.875,23.4,1.0222,NaN,250,250,1.001,NaN,flag,flag
RSA_028b,11:54:40,2.2602,7.928,2260.2,   NaN,32.875,23.4,1.0222,NaN,250,250,1.001,NaN,,
RSA_028b,12:06:00,2.2621,7.936,2262.1,   NaN,32.875,23.4,1.0222,NaN,250,250,1.001,NaN,,
RSA_029b,12:19:15,2.2467,7.949,2246.7,   NaN,32.295,23.4,1.0218,NaN,250,250,1.001,NaN,NaN,   NaN
RSA_029b,12:33:40,2.2458,7.952,2245.8,   NaN,32.295,23.4,1.0218,NaN,250,250,1.001,NaN,,
RSA_030a,12:49:55,2.2575,7.934,2257.5,   NaN,32.818,23.4,1.0222,NaN,250,250,1.001,NaN,flag,flag
RSA_030a,13:02:34,2.2544,7.934,2254.4,   NaN,32.818,23.4,1.0222,NaN,250,250,1.001,NaN,,
RSA_030a,13:15:44,2.255,7.937,2255,   NaN,32.818,23.4,1.0222,NaN,250,250,1.001,NaN,,
RSA_030b,13:30:49,2.2464,7.951,2246.4,   NaN,32.462,23.4,1.0219,NaN,250,250,1.001,NaN,NaN,   NaN
RSA_030b,13:42:34,2.2464,7.951,2246.4,   NaN,32.462,23.4,1.0219,NaN,250,250,1.001,NaN,,
RSA_031a,13:59:04,2.2598,7.934,2259.8,   NaN,32.807,23.4,1.0222,NaN,250,250,1.001,NaN,NaN,   NaN
RSA_031a,14:11:34,2.2591,7.934,2259.1,   NaN,32.807,23.4,1.0222,NaN,250,250,1.001,NaN,,
RSA_031b,14:26:24,2.2595,7.936,2259.5,   NaN,32.746,23.4,1.0221,NaN,250,250,1.001,NaN,NaN,   NaN
RSA_031b,14:40:04,2.2579,7.931,2257.9,   NaN,32.746,23.4,1.0221,NaN,250,250,1.001,NaN,,
RSA_032a,14:54:54,2.2643,7.928,2264.3,   NaN,32.930,23.4,1.0223,NaN,250,250,1.001,NaN,NaN,   NaN
RSA_032a,15:10:34,2.2632,7.928,2263.2,   NaN,32.930,23.4,1.0223,NaN,250,250,1.001,NaN,,
RSA_032b,15:24:29,2.2642,7.934,2264.2,   NaN,32.919,23.4,1.0222,NaN,250,250,1.001,NaN,NaN,   NaN
RSA_032b,15:35:54,2.2644,7.928,2264.4,   NaN,32.919,23.4,1.0222,NaN,250,250,1.001,NaN,,
RSA_033a,15:49:54,2.2682,7.935,2268.2,   NaN,32.954,23.4,1.0223,NaN,250,250,1.001,NaN,NaN,   NaN
RSA_033a,16:02:09,2.2687,7.936,2268.7,   NaN,32.954,23.4,1.0223,NaN,250,250,1.001,NaN,,
RSA_033b,16:17:24,2.2682,7.932,2268.2,   NaN,32.977,23.4,1.0223,NaN,250,250,1.001,NaN,NaN,   NaN
RSA_033b,16:28:29,2.2662,7.944,2266.2,   NaN,32.977,23.4,1.0223,NaN,250,250,1.001,NaN,,
RSA_034a,16:45:59,2.2626,7.94,2262.6,   NaN,32.911,23.4,1.0222,NaN,250,250,1.001,NaN,NaN,   NaN
RSA_034a,16:57:34,2.2621,7.95,2262.1,   NaN,32.911,23.4,1.0222,NaN,250,250,1.001,NaN,,
RSA_034b,17:10:34,2.2658,7.945,2265.8,   NaN,32.922,23.4,1.0222,NaN,250,250,1.001,NaN,NaN,   NaN
RSA_034b,17:28:24,2.2652,7.942,2265.2,   NaN,32.922,23.4,1.0222,NaN,250,250,1.001,NaN,,
RSA_035a,17:43:59,2.2766,7.936,2276.6,   NaN,32.925,23.4,1.0222,NaN,250,250,1.001,NaN,flag,flag
RSA_035a,17:59:34,2.2865,7.943,2286.5,   NaN,32.925,23.4,1.0222,NaN,250,250,1.001,NaN,,
RSA_035a,18:11:39,2.2744,7.98,2274.4,   NaN,32.925,23.4,1.0222,NaN,250,250,1.001,NaN,,
RSA_035a,18:25:04,2.2658,7.937,2265.8,   NaN,32.925,23.4,1.0222,NaN,250,250,1.001,NaN,,
RSA_035a,18:38:04,2.275,7.949,2275,   NaN,32.925,23.4,1.0222,NaN,250,250,1.001,NaN,,
RSA_035a,18:52:24,2.2745,7.946,2274.5,   NaN,32.925,23.4,1.0222,NaN,250,250,1.001,NaN,,
RSA_035b,19:09:24,2.2712,7.953,2271.2,   NaN,32.921,23.4,1.0222,NaN,250,250,1.001,NaN,flag,flag
RSA_035b,19:22:34,2.2684,7.946,2268.4,   NaN,32.921,23.4,1.0222,NaN,250,250,1.001,NaN,,
RSA_035b,19:35:39,2.2669,7.943,2266.9,   NaN,32.921,23.4,1.0222,NaN,250,250,1.001,NaN,,
esl07a_19,19:52:39,2.155,8.036,2155,   NaN,31.698,23.4,1.0213,NaN,50,250,1.0002,NaN,NaN,   NaN
esl07a_19,20:03:19,2.1532,8.034,2153.2,   NaN,31.698,23.4,1.0213,NaN,50,250,1.0002,NaN,,
   ,,   ,,   ,,   ,,   ,,   ,,   ,,   ,,   ,,   ,,   ,,   ,,   ,,   ,,,
Calibration Date & Time	05-25-2021	11:22:28
T(C) = 	 23.4
	pH	EMF(mV)
	 4.01	 170.2
	 7	-4.7
	 10.01	-178.6
pH =	 6.931552	-1.720173e-002	 * EMF(mV)
	C(HCl)(mM)	 92.09901
