TOTAL ALKALINITY
Run Date:,06-07-2021,   ,End of Cal:,11:35:25
Operator:,KM,   ,CRM TA:,2109.65,   ,CRM TA:,2.154626,   ,Slope:,-1.720658e-002
Acid Batch:,,   ,CRM Salinity:,31.698,   ,Input TA:,,   ,[HCl](mM):,92.599
Volume:,18,   ,CRM Temp:,23.4
 
 
 
SampleID,Time,TA(mM),Init. pH,TA(uM),TA(uM) Corrected,Salinity,Temperature,Density,TA(umolkg-1),Volume HgCl2(uL),Volume Sample(mL),HgCl2 CF,TA(umolkg-1),TA_avg (umolkg-1),TA_std (umolkg-1),
ESL07a_14,11:09:21,2.1492,8.033,2149.2,   NaN,31.698,23.4,1.0213,NaN,50,250,1.0002,NaN,flag,flag
ESL07a_14,11:22:56,2.1515,8.033,2151.5,   NaN,31.698,23.4,1.0213,NaN,50,250,1.0002,NaN,,
ESL07a_14,11:35:25,2.1499,8.031,2149.9,   NaN,31.698,23.4,1.0213,NaN,50,250,1.0002,NaN,,
RSA_049A,12:00:15,2.295,7.874,2295,   NaN,33.303,23.4,1.0225,NaN,250,250,1.001,NaN,flag,flag
RSA_049A,12:12:25,2.2859,7.87,2285.9,   NaN,33.303,23.4,1.0225,NaN,250,250,1.001,NaN,,
RSA_049A,12:24:55,2.2923,7.871,2292.3,   NaN,33.303,23.4,1.0225,NaN,250,250,1.001,NaN,,
RSA_049A,12:37:20,2.2923,7.882,2292.3,   NaN,33.303,23.4,1.0225,NaN,250,250,1.001,NaN,,
RSA_049B,12:51:55,2.2505,8.022,2250.5,   NaN,32.732,23.4,1.0221,NaN,250,250,1.001,NaN,flag,flag
RSA_049B,13:05:40,2.2475,8.022,2247.5,   NaN,32.732,23.4,1.0221,NaN,250,250,1.001,NaN,,
RSA_049B,13:16:30,2.2498,8.017,2249.8,   NaN,32.732,23.4,1.0221,NaN,250,250,1.001,NaN,,
RSA_049B,13:27:35,2.2426,8.02,2242.6,   NaN,32.732,23.4,1.0221,NaN,250,250,1.001,NaN,,
RSA_049B,13:39:10,2.2418,8.014,2241.8,   NaN,32.732,23.4,1.0221,NaN,250,250,1.001,NaN,,
RSA_050A,13:52:10,2.269,7.901,2269,   NaN,32.689,23.4,1.0221,NaN,250,250,1.001,NaN,flag,flag
RSA_050A,14:03:15,2.2619,7.894,2261.9,   NaN,32.689,23.4,1.0221,NaN,250,250,1.001,NaN,,
RSA_050A,14:14:40,2.2664,7.9		2,2266.4,   NaN,32.689,23.4,1.0221,NaN,250,250,1.001,NaN,,
RSA_050A,14:26:50,2.2593,7.894,2259.3,   NaN,32.689,23.4,1.0221,NaN,250,250,1.001,NaN,,
RSA_050A,14:41:20,2.2659,7.897,2265.9,   NaN,32.689,23.4,1.0221,NaN,250,250,1.001,NaN,,
RSA_050A,14:53:25,2.2644,7.9		2,2264.4,   NaN,32.689,23.4,1.0221,NaN,250,250,1.001,NaN,,
RSA_050B,15:11:30,2.2656,7.925,2265.6,   NaN,32.684,23.4,1.0221,NaN,250,250,1.001,NaN,flag,flag
RSA_050B,15:24:00,2.2633,7.917,2263.3,   NaN,32.684,23.4,1.0221,NaN,250,250,1.001,NaN,,
RSA_050B,15:37:15,2.2625,7.92,2262.5,   NaN,32.684,23.4,1.0221,NaN,250,250,1.001,NaN,,
RSA_051A,15:56:40,2.2752,7.98,2275.2,   NaN,32.855,23.4,1.0222,NaN,250,250,1.001,NaN,NaN,   NaN
RSA_051A,16:08:45,2.274,7.977,2274,   NaN,32.855,23.4,1.0222,NaN,250,250,1.001,NaN,,
RSA_051B,16:22:05,2.2736,7.985,2273.6,   NaN,32.894,23.4,1.0222,NaN,250,250,1.001,NaN,flag,flag
RSA_051B,16:36:45,2.2707,7.977,2270.7,   NaN,32.894,23.4,1.0222,NaN,250,250,1.001,NaN,,
RSA_051B,16:49:20,2.272,7.978,2272,   NaN,32.894,23.4,1.0222,NaN,250,250,1.001,NaN,,
RSA_052A,17:04:40,2.2729,7.882,2272.9,   NaN,32.811,23.4,1.0222,NaN,250,250,1.001,NaN,NaN,   NaN
RSA_052A,17:17:15,2.2714,7.882,2271.4,   NaN,32.811,23.4,1.0222,NaN,250,250,1.001,NaN,,
ESL07a_14,17:31:35,2.1559,8.042,2155.9,   NaN,31.698,23.4,1.0213,NaN,50,250,1.0002,NaN,NaN,   NaN
ESL07a_14,17:43:55,2.1556,8.043,2155.6,   NaN,31.698,23.4,1.0213,NaN,50,250,1.0002,NaN,,
   ,,   ,,   ,,   ,,   ,,   ,,   ,,   ,,   ,,   ,,   ,,   ,,   ,,   ,,,
Calibration Date & Time	06-07-2021	11:54:10
T(C) = 	 23.4
	pH	EMF(mV)
	 4.01	 170.4
	 7	-4.7
	 10.01	-178.3
pH =	 6.934399	-1.720658e-002	 * EMF(mV)
	C(HCl)(mM)	 92.599
