TOTAL ALKALINITY
Run Date:,11-01-2021,   ,End of Cal:,11:13:54
Operator:,DT,   ,CRM TA:,2114.9,   ,CRM TA:,2.160551,   ,Slope:,-1.720662e-002
Acid Batch:,210524,   ,CRM Salinity:,31.862,   ,Input TA:,,   ,[HCl](mM):,92.404
Volume:,18,   ,CRM Temp:,22.9
 
 
 
SampleID,Time,TA(mM),Init. pH,TA(uM),TA(uM) Corrected,Salinity,Temperature,Density,TA(umolkg-1),Volume HgCl2(uL),Volume Sample(mL),HgCl2 CF,TA(umolkg-1),TA_avg (umolkg-1),TA_std (umolkg-1),
ESL08b_03,11:01:19,2.1624,8.146,2162.4,   NaN,31.862,22.9,1.0216,NaN,50,250,1.0002,NaN,NaN,   NaN
ESL08b_03,11:13:54,2.1622,8.145,2162.2,   NaN,31.862,22.9,1.0216,NaN,50,250,1.0002,NaN,,
RSA_099A,11:38:24,2.2806,8.07,2280.6,   NaN,32.815,23,1.0223,NaN,250,250,1.001,NaN,flag,flag
RSA_099A,11:52:59,2.2694,7.954,2269.4,   NaN,32.815,23,1.0223,NaN,250,250,1.001,NaN,,
RSA_099A,12:05:49,2.2616,7.948,2261.6,   NaN,32.815,23,1.0223,NaN,250,250,1.001,NaN,,
RSA_099A,12:18:04,2.2659,7.962,2265.9,   NaN,32.815,23,1.0223,NaN,250,250,1.001,NaN,,
RSA_099A,12:30:14,2.2681,7.96,2268.1,   NaN,32.815,23,1.0223,NaN,250,250,1.001,NaN,,
RSA_099B,12:46:04,2.2701,7.959,2270.1,   NaN,32.796,23,1.0223,NaN,250,250,1.001,NaN,flag,flag
RSA_099B,12:58:54,2.2637,7.971,2263.7,   NaN,32.796,23,1.0223,NaN,250,250,1.001,NaN,,
RSA_099B,13:11:44,2.2702,7.956,2270.2,   NaN,32.796,23,1.0223,NaN,250,250,1.001,NaN,,
RSA_099B,13:23:39,2.264,7.944,2264,   NaN,32.796,23,1.0223,NaN,250,250,1.001,NaN,,
RSA_100A,13:42:19,2.2902,8.046,2290.2,   NaN,32.917,23,1.0224,NaN,250,250,1.001,NaN,flag,flag
RSA_100A,13:56:49,2.2749,7.947,2274.9,   NaN,32.917,23,1.0224,NaN,250,250,1.001,NaN,,
RSA_100A,14:08:09,2.2797,7.961,2279.7,   NaN,32.917,23,1.0224,NaN,250,250,1.001,NaN,,
RSA_100A,14:19:59,2.2755,7.944,2275.5,   NaN,32.917,23,1.0224,NaN,250,250,1.001,NaN,,
RSA_100A,14:32:59,2.2782,7.96,2278.2,   NaN,32.917,23,1.0224,NaN,250,250,1.001,NaN,,
RSA_100B,14:51:04,2.2777,7.953,2277.7,   NaN,32.919,23,1.0224,NaN,250,250,1.001,NaN,flag,flag
RSA_100B,15:05:19,2.2704,7.96,2270.4,   NaN,32.919,23,1.0224,NaN,250,250,1.001,NaN,,
RSA_100B,15:31:54,2.2768,7.97,2276.8,   NaN,32.919,23,1.0224,NaN,250,250,1.001,NaN,,
RSA_100B,15:45:09,2.2799,7.968,2279.9,   NaN,32.919,23,1.0224,NaN,250,250,1.001,NaN,,
RSA_100B,15:59:39,2.2704,7.959,2270.4,   NaN,32.919,23,1.0224,NaN,250,250,1.001,NaN,,
RSA_101A,16:18:44,2.2645,7.933,2264.5,   NaN,32.877,23,1.0223,NaN,250,250,1.001,NaN,flag,flag
RSA_101A,16:30:49,2.2716,7.946,2271.6,   NaN,32.877,23,1.0223,NaN,250,250,1.001,NaN,,
RSA_101A,16:42:34,2.2623,7.961,2262.3,   NaN,32.877,23,1.0223,NaN,250,250,1.001,NaN,,
RSA_101A,16:56:39,2.2683,7.937,2268.3,   NaN,32.877,23,1.0223,NaN,250,250,1.001,NaN,,
RSA_101A,17:08:54,2.2694,7.946,2269.4,   NaN,32.877,23,1.0223,NaN,250,250,1.001,NaN,,
ESL08b_03,17:28:49,2.1631,8.175,2163.1,   NaN,31.862,22.9,1.0216,NaN,50,250,1.0002,NaN,flag,flag
ESL08b_03,17:42:59,2.158,8.115,2158,   NaN,31.862,22.9,1.0216,NaN,50,250,1.0002,NaN,,
ESL08b_03,17:55:24,2.1615,8.144,2161.5,   NaN,31.862,22.9,1.0216,NaN,50,250,1.0002,NaN,,
ESL08b_03,18:08:13,2.164,8.221,2164,   NaN,31.862,22.9,1.0216,NaN,50,250,1.0002,NaN,,
ESL08b_03,18:22:38,2.1577,8.131,2157.7,   NaN,31.862,22.9,1.0216,NaN,50,250,1.0002,NaN,,
   ,,   ,,   ,,   ,,   ,,   ,,   ,,   ,,   ,,   ,,   ,,   ,,   ,,   ,,,
Calibration Date & Time	11-01-2021	11:26:12
T(C) = 	 23
	pH	EMF(mV)
	 4.01	 169.3
	 7	-5.7
	 10.01	-179.4
pH =	 6.916045	-1.720662e-002	 * EMF(mV)
	C(HCl)(mM)	 92.404
