TOTAL ALKALINITY
Run Date:,11-04-2021,   ,End of Cal:,467	11:5
Operator:,DT,   ,CRM TA:,2114.9,   ,CRM TA:,2.160491,   ,Slope:,1.720675e-002
Acid Batch:,210524,   ,CRM Salinity:,31.862,   ,Input TA:,,   ,[HCl](mM):,92.425
Volume:,18,   ,CRM Temp:,23
 
 
 
SampleID,Time,TA(mM),Init. pH,TA(uM),TA(uM) Corrected,Salinity,Temperature,Density,TA(umolkg-1),Volume HgCl2(uL),Volume Sample(mL),HgCl2 CF,TA(umolkg-1),TA_avg (umolkg-1),TA_std (umolkg-1),
ESL08b_25,11:36:53,2.1619,8.158,2161.9,   NaN,31.862,23,1.0216,NaN,50,250,1.0002,NaN,NaN,   NaN
ESL08b_25,11:53:57,2.1627,8.152,2162.7,   NaN,31.862,23,1.0216,NaN,50,250,1.0002,NaN,,
RSA_104B,12:11:32,2.2728,8.038,2272.8,   NaN,32.853,23,1.0223,NaN,100,250,1.0004,NaN,NaN,   NaN
RSA_104B,12:25:07,2.271,8.019,2271,   NaN,32.853,23,1.0223,NaN,100,250,1.0004,NaN,,
RSA_105A,12:39:22,2.2593,7.951,2259.3,   NaN,32.798,23,1.0223,NaN,250,250,1.001,NaN,flag,flag
RSA_105A,12:52:22,2.2637,7.958,2263.7,   NaN,32.798,23,1.0223,NaN,250,250,1.001,NaN,,
RSA_105A,13:07:17,2.2619,7.951,2261.9,   NaN,32.798,23,1.0223,NaN,250,250,1.001,NaN,,
RSA_105B,13:24:37,2.2611,8.002,2261.1,   NaN,32.722,23,1.0222,NaN,250,250,1.001,NaN,flag,flag
RSA_105B,13:38:27,2.2559,7.971,2255.9,   NaN,32.722,23,1.0222,NaN,250,250,1.001,NaN,,
RSA_105B,13:51:52,2.259,7.985,2259,   NaN,32.722,23,1.0222,NaN,250,250,1.001,NaN,,
RSA_105B,14:04:57,2.2572,7.971,2257.2,   NaN,32.722,23,1.0222,NaN,250,250,1.001,NaN,,
RSA_106A,14:20:32,2.2727,7.973,2272.7,   NaN,32.951,23,1.0224,NaN,250,250,1.001,NaN,NaN,   NaN
RSA_106A,14:32:32,2.2742,7.983,2274.2,   NaN,32.951,23,1.0224,NaN,250,250,1.001,NaN,,
RSA_106B,14:49:32,2.2613,7.99,2261.3,   NaN,32.835,23,1.0223,NaN,250,250,1.001,NaN,flag,flag
RSA_106B,15:01:47,2.2667,7.996,2266.7,   NaN,32.835,23,1.0223,NaN,250,250,1.001,NaN,,
RSA_106B,15:15:17,2.263,7.987,2263,   NaN,32.835,23,1.0223,NaN,250,250,1.001,NaN,,
RSA_106B,15:28:27,2.2622,enter manually,2262.2,   NaN,32.835,23,1.0223,NaN,250,250,1.001,NaN,,
RSA_107A,15:44:17,2.2526,7.972,2252.6,   NaN,32.694,23,1.0222,NaN,250,250,1.001,NaN,flag,flag
RSA_107A,15:58:37,2.256,7.98,2256,   NaN,32.694,23,1.0222,NaN,250,250,1.001,NaN,,
RSA_107A,16:12:12,2.2609,7.983,2260.9,   NaN,32.694,23,1.0222,NaN,250,250,1.001,NaN,,
RSA_107A,16:30:07,2.2597,7.993,2259.7,   NaN,32.694,23,1.0222,NaN,250,250,1.001,NaN,,
RSA_107B,17:10:47,2.2544,7.969,2254.4,   NaN,32.704,23,1.0222,NaN,250,250,1.001,NaN,flag,flag
RSA_107B,17:23:12,2.259,7.997,2259,   NaN,32.704,23,1.0222,NaN,250,250,1.001,NaN,,
RSA_107B,17:36:32,2.2591,8.021,2259.1,   NaN,32.704,23,1.0222,NaN,250,250,1.001,NaN,,
RSA_108A,17:54:27,2.2716,7.951,2271.6,   NaN,32.871,23,1.0223,NaN,250,250,1.001,NaN,flag,flag
RSA_108A,18:19:17,2.2661,7.969,2266.1,   NaN,32.871,23,1.0223,NaN,250,250,1.001,NaN,,
RSA_108A,18:31:17,2.2721,8.029,2272.1,   NaN,32.871,23,1.0223,NaN,250,250,1.001,NaN,,
RSA_108A,18:31:17,2.2674,8.029,2267.4,   NaN,32.871,23,1.0223,NaN,250,250,1.001,NaN,,
RSA_108A,18:59:02,2.2677,7.981,2267.7,   NaN,32.871,23,1.0223,NaN,250,250,1.001,NaN,,
RSA_108B,19:13:37,2.2784,8.156,2278.4,   NaN,32.742,23,1.0222,NaN,250,250,1.001,NaN,flag,flag
RSA_108B,19:28:52,2.2627,8.025,2262.7,   NaN,32.742,23,1.0222,NaN,250,250,1.001,NaN,,
RSA_108B,19:43:32,2.2626,8.016,2262.6,   NaN,32.742,23,1.0222,NaN,250,250,1.001,NaN,,
ESL08b_25,20:06:47,2.1628,8.137,2162.8,   NaN,31.862,23,1.0216,NaN,50,250,1.0002,NaN,NaN,   NaN
ESL08b_25,20:21:07,2.1638,8.167,2163.8,   NaN,31.862,23,1.0216,NaN,50,250,1.0002,NaN,,
   ,,   ,,   ,,   ,,   ,,   ,,   ,,   ,,   ,,   ,,   ,,   ,,   ,,   ,,,
Calibration Date & Time	11-04-2021	12:05:01
T(C) = 	 23
	pH	EMF(mV)
	 4.01	 170.5
	 7	-4
	 10.01	-178.2
pH =	 6.93956	-1.720675e-002	 * EMF(mV)
	C(HCl)(mM)	 92.425
