TOTAL ALKALINITY
Run Date:,11-05-2021,   ,End of Cal:,12:23:51
Operator:,DT,   ,CRM TA:,2114.9,   ,CRM TA:,2.160491,   ,Slope:,-1.719181e-002
Acid Batch:,211103,   ,CRM Salinity:,31.862,   ,Input TA:,,   ,[HCl](mM):,94.855
Volume:,18,   ,CRM Temp:,23
 
 
 
SampleID,Time,TA(mM),Init. pH,TA(uM),TA(uM) Corrected,Salinity,Temperature,Density,TA(umolkg-1),Volume HgCl2(uL),Volume Sample(mL),HgCl2 CF,TA(umolkg-1),TA_avg (umolkg-1),TA_std (umolkg-1),
ESL08b_29,11:59:06,2.1008,8.115,2100.8,   NaN,31.862,23,1.0216,NaN,50,250,1.0002,NaN,flag,flag
ESL08b_29,12:10:01,2.1055,8.134,2105.5,   NaN,31.862,23,1.0216,NaN,50,250,1.0002,NaN,,
ESL08b_29,12:23:51,2.1047,8.117,2104.7,   NaN,31.862,23,1.0216,NaN,50,250,1.0002,NaN,,
RSA_109A,1	 0.49,2.265,enter manually,2265,   NaN,32.946,23,1.0224,NaN,250,250,1.001,NaN,flag,flag
RSA_109A,12:55:01,2.276,7.969,2276,   NaN,32.946,23,1.0224,NaN,250,250,1.001,NaN,,
RSA_109A,13:09:26,2.2628,7.945,2262.8,   NaN,32.946,23,1.0224,NaN,250,250,1.001,NaN,,
RSA_109A,13:22:46,2.2609,7.954,2260.9,   NaN,32.946,23,1.0224,NaN,250,250,1.001,NaN,,
RSA_109B,13:39:51,2.2657,7.998,2265.7,   NaN,32.920,23,1.0224,NaN,250,250,1.001,NaN,flag,flag
RSA_109B,13:52:11,2.2633,enter manually,2263.3,   NaN,32.920,23,1.0224,NaN,250,250,1.001,NaN,,
RSA_109B,14:04:11,2.267,8.005,2267,   NaN,32.920,23,1.0224,NaN,250,250,1.001,NaN,,
RSA_109B,14:18:46,2.2648,7.996,2264.8,   NaN,32.920,23,1.0224,NaN,250,250,1.001,NaN,,
RSA_109B,14:31:46,2.2656,8.002,2265.6,   NaN,32.920,23,1.0224,NaN,250,250,1.001,NaN,,
RSA_110A,14:47:21,2.2655,7.96,2265.5,   NaN,32.907,23,1.0223,NaN,250,250,1.001,NaN,flag,flag
RSA_110A,15:00:21,2.2625,7.946,2262.5,   NaN,32.907,23,1.0223,NaN,250,250,1.001,NaN,,
RSA_110A,15:12:11,2.2637,7.947,2263.7,   NaN,32.907,23,1.0223,NaN,250,250,1.001,NaN,,
RSA_110B,15:26:51,2.2593,7.965,2259.3,   NaN,32.888,23,1.0223,NaN,250,250,1.001,NaN,NaN,   NaN
RSA_110B,15:42:01,2.2595,7.965,2259.5,   NaN,32.888,23,1.0223,NaN,250,250,1.001,NaN,,
NES_205,15:57:51,2.1708,8.017,2170.8,   NaN,32.9,23,1.0223,NaN,100,250,1.0004,NaN,flag,flag
NES_205,16:10:36,2.1755,8.028,2175.5,   NaN,32.9,23,1.0223,NaN,100,250,1.0004,NaN,,
NES_205,16:22:41,2.1697,8.033,2169.7,   NaN,32.9,23,1.0223,NaN,100,250,1.0004,NaN,,
NES_205,16:34:51,2.1772,8.041,2177.2,   NaN,32.9,23,1.0223,NaN,100,250,1.0004,NaN,,
NES_205,16:48:56,2.1773,8.037,2177.3,   NaN,32.9,23,1.0223,NaN,100,250,1.0004,NaN,,
NES_212,17:04:36,2.3731,7.835,2373.1,   NaN,32.9,23,1.0223,NaN,100,250,1.0004,NaN,flag,flag
NES_212,17:15:56,2.4143,7.848,2414.3,   NaN,32.9,23,1.0223,NaN,100,250,1.0004,NaN,,
NES_212,17:29:16,2.3739,7.839,2373.9,   NaN,32.9,23,1.0223,NaN,100,250,1.0004,NaN,,
NES_212,17:41:01,2.3749,7.847,2374.9,   NaN,32.9,23,1.0223,NaN,100,250,1.0004,NaN,,
ESL08b_29,17:57:41,2.1576,enter manually,2157.6,   NaN,31.862,23,1.0216,NaN,50,250,1.0002,NaN,NaN,   NaN
ESL08b_29,18:10:31,2.1574,8.129,2157.4,   NaN,31.862,23,1.0216,NaN,50,250,1.0002,NaN,,
   ,,   ,,   ,,   ,,   ,,   ,,   ,,   ,,   ,,   ,,   ,,   ,,   ,,   ,,,
Calibration Date & Time	11-05-2021	12:34:21
T(C) = 	 23
	pH	EMF(mV)
	 4.01	 169.6
	 7	-5.6
	 10.01	-179.4
pH =	 6.918416	-1.719181e-002	 * EMF(mV)
	C(HCl)(mM)	 94.855
