
################################################################################
# Gelman-Rubin Diagnostic
################################################################################

Generally the Gelman diagnostic should be < 1.05


Out of 634 variables: 0 > 1.01

                      
0 > 1.05

                      
0 > 1.1


The worst variables are:

               Point est. Upper C.I.
p.fac1[28,2]     1.006690   1.010893
loglik[24]       1.005683   1.012983
loglik[49]       1.003688   1.006199
loglik[85]       1.003631   1.007809
ilr.fac1[32,2]   1.003599   1.010856
loglik[63]       1.003463   1.008483
loglik[52]       1.003391   1.010383
loglik[53]       1.003391   1.010383
loglik[2]        1.003324   1.008680
loglik[98]       1.003324   1.005118


And here are the Gelman diagnostics for all variables:

                Point est. Upper C.I.
deviance         0.9998467  0.9999865
ilr.fac1[1,1]          NaN        NaN
ilr.fac1[2,1]    1.0024439  1.0091514
ilr.fac1[3,1]    1.0010726  1.0017665
ilr.fac1[4,1]    1.0011525  1.0032554
ilr.fac1[5,1]    1.0007596  1.0014547
ilr.fac1[6,1]    1.0011848  1.0034138
ilr.fac1[7,1]    0.9999734  1.0002038
ilr.fac1[8,1]    1.0013666  1.0027472
ilr.fac1[9,1]    1.0000955  1.0012309
ilr.fac1[10,1]   1.0000201  1.0003386
ilr.fac1[11,1]   1.0010160  1.0031621
ilr.fac1[12,1]   1.0015173  1.0019517
ilr.fac1[13,1]   1.0001384  1.0003942
ilr.fac1[14,1]   1.0007194  1.0033096
ilr.fac1[15,1]   1.0000914  1.0004181
ilr.fac1[16,1]   1.0020980  1.0043072
ilr.fac1[17,1]   1.0001613  1.0012651
ilr.fac1[18,1]   1.0001426  1.0008419
ilr.fac1[19,1]   1.0011350  1.0031923
ilr.fac1[20,1]   1.0000537  1.0009932
ilr.fac1[21,1]   0.9998968  1.0003184
ilr.fac1[22,1]   1.0011296  1.0022258
ilr.fac1[23,1]   1.0009601  1.0041629
ilr.fac1[24,1]   1.0007305  1.0026955
ilr.fac1[25,1]   1.0001480  1.0012226
ilr.fac1[26,1]   1.0033117  1.0085871
ilr.fac1[27,1]   1.0025841  1.0087640
ilr.fac1[28,1]   1.0026050  1.0053785
ilr.fac1[29,1]   1.0008184  1.0021468
ilr.fac1[30,1]   1.0002998  1.0019827
ilr.fac1[31,1]   1.0013280  1.0037136
ilr.fac1[32,1]   1.0012914  1.0049947
ilr.fac1[33,1]   1.0000615  1.0006589
ilr.fac1[34,1]   1.0000505  1.0010655
ilr.fac1[35,1]   1.0006612  1.0025715
ilr.fac1[36,1]   0.9996958  0.9997721
ilr.fac1[37,1]   1.0000056  1.0006815
ilr.fac1[38,1]   1.0016168  1.0057659
ilr.fac1[39,1]   1.0004755  1.0025283
ilr.fac1[40,1]   1.0000952  1.0008426
ilr.fac1[41,1]   1.0002982  1.0017288
ilr.fac1[42,1]   1.0010207  1.0015998
ilr.fac1[43,1]   1.0021505  1.0079321
ilr.fac1[44,1]   1.0000282  1.0000659
ilr.fac1[45,1]   1.0014778  1.0023749
ilr.fac1[46,1]   1.0008021  1.0027842
ilr.fac1[47,1]   1.0003699  1.0008081
ilr.fac1[48,1]   1.0006511  1.0027737
ilr.fac1[49,1]   1.0002484  1.0010270
ilr.fac1[50,1]   1.0021170  1.0084682
ilr.fac1[51,1]   1.0013020  1.0029355
ilr.fac1[52,1]   1.0028359  1.0090754
ilr.fac1[53,1]   1.0008705  1.0013151
ilr.fac1[54,1]   1.0014682  1.0042778
ilr.fac1[55,1]   1.0010809  1.0035050
ilr.fac1[56,1]   1.0003964  1.0017115
ilr.fac1[57,1]   0.9999848  1.0006048
ilr.fac1[58,1]   1.0009156  1.0014609
ilr.fac1[59,1]   0.9999737  1.0000187
ilr.fac1[60,1]   1.0002461  1.0003463
ilr.fac1[61,1]   1.0006056  1.0007700
ilr.fac1[62,1]   1.0005111  1.0013872
ilr.fac1[63,1]   0.9999382  1.0004450
ilr.fac1[64,1]   1.0005228  1.0009465
ilr.fac1[65,1]   1.0006725  1.0012915
ilr.fac1[66,1]   1.0007769  1.0009318
ilr.fac1[67,1]   0.9999853  1.0007274
ilr.fac1[68,1]   1.0001221  1.0002702
ilr.fac1[69,1]   0.9999154  1.0001284
ilr.fac1[70,1]   1.0006513  1.0021345
ilr.fac1[71,1]   1.0001180  1.0011176
ilr.fac1[72,1]   0.9999671  1.0005105
ilr.fac1[73,1]   1.0013989  1.0050620
ilr.fac1[74,1]   1.0008713  1.0019658
ilr.fac1[75,1]   1.0002635  1.0011676
ilr.fac1[76,1]   1.0009319  1.0031101
ilr.fac1[77,1]   1.0005388  1.0013546
ilr.fac1[78,1]   1.0001737  1.0006079
ilr.fac1[79,1]   1.0012054  1.0016653
ilr.fac1[80,1]   0.9998143  1.0001483
ilr.fac1[81,1]   1.0006602  1.0032821
ilr.fac1[82,1]   1.0006274  1.0027204
ilr.fac1[83,1]   1.0005585  1.0010607
ilr.fac1[84,1]   1.0003197  1.0012542
ilr.fac1[85,1]   1.0001032  1.0004796
ilr.fac1[86,1]   1.0001898  1.0013898
ilr.fac1[87,1]   0.9999788  1.0002960
ilr.fac1[88,1]   1.0007911  1.0028752
ilr.fac1[89,1]   1.0000004  1.0003173
ilr.fac1[90,1]   1.0016349  1.0061192
ilr.fac1[91,1]   1.0011409  1.0019591
ilr.fac1[92,1]   1.0005294  1.0019699
ilr.fac1[93,1]   1.0004154  1.0019245
ilr.fac1[94,1]   0.9998502  1.0002748
ilr.fac1[95,1]   1.0005059  1.0022923
ilr.fac1[96,1]   0.9999025  1.0000993
ilr.fac1[97,1]   1.0000196  1.0003428
ilr.fac1[98,1]   1.0009250  1.0036845
ilr.fac1[99,1]   1.0004062  1.0014769
ilr.fac1[100,1]  0.9999056  1.0004830
ilr.fac1[101,1]  1.0004315  1.0016106
ilr.fac1[102,1]  1.0008455  1.0014678
ilr.fac1[103,1]  1.0004430  1.0020750
ilr.fac1[1,2]          NaN        NaN
ilr.fac1[2,2]    1.0019807  1.0081462
ilr.fac1[3,2]    0.9999675  1.0006371
ilr.fac1[4,2]    1.0010531  1.0036495
ilr.fac1[5,2]    1.0001813  1.0006625
ilr.fac1[6,2]    0.9999591  1.0001032
ilr.fac1[7,2]    0.9999164  1.0004336
ilr.fac1[8,2]    1.0019951  1.0079921
ilr.fac1[9,2]    1.0003370  1.0018985
ilr.fac1[10,2]   1.0002151  1.0002247
ilr.fac1[11,2]   1.0003915  1.0004652
ilr.fac1[12,2]   1.0010131  1.0035586
ilr.fac1[13,2]   1.0014178  1.0051685
ilr.fac1[14,2]   1.0003948  1.0020119
ilr.fac1[15,2]   0.9998715  0.9998815
ilr.fac1[16,2]   1.0000741  1.0009053
ilr.fac1[17,2]   1.0003320  1.0011151
ilr.fac1[18,2]   1.0006227  1.0020591
ilr.fac1[19,2]   1.0004504  1.0015529
ilr.fac1[20,2]   1.0001299  1.0008579
ilr.fac1[21,2]   1.0013220  1.0055637
ilr.fac1[22,2]   1.0001909  1.0003629
ilr.fac1[23,2]   0.9999417  1.0001979
ilr.fac1[24,2]   0.9998154  1.0002152
ilr.fac1[25,2]   1.0002330  1.0017286
ilr.fac1[26,2]   1.0011149  1.0014759
ilr.fac1[27,2]   1.0012154  1.0051913
ilr.fac1[28,2]   1.0003007  1.0007422
ilr.fac1[29,2]   1.0012659  1.0045477
ilr.fac1[30,2]   1.0016255  1.0041930
ilr.fac1[31,2]   1.0005540  1.0025142
ilr.fac1[32,2]   1.0035989  1.0108557
ilr.fac1[33,2]   1.0005910  1.0022554
ilr.fac1[34,2]   0.9999232  1.0004646
ilr.fac1[35,2]   1.0002912  1.0016317
ilr.fac1[36,2]   1.0001795  1.0010983
ilr.fac1[37,2]   1.0010378  1.0015758
ilr.fac1[38,2]   1.0011049  1.0036703
ilr.fac1[39,2]   0.9997761  0.9998632
ilr.fac1[40,2]   1.0001950  1.0012821
ilr.fac1[41,2]   1.0000588  1.0009017
ilr.fac1[42,2]   1.0004432  1.0008365
ilr.fac1[43,2]   1.0013729  1.0043724
ilr.fac1[44,2]   0.9998402  1.0002397
ilr.fac1[45,2]   1.0003257  1.0018299
ilr.fac1[46,2]   1.0001473  1.0013932
ilr.fac1[47,2]   1.0002566  1.0013358
ilr.fac1[48,2]   1.0002628  1.0014655
ilr.fac1[49,2]   1.0002764  1.0009767
ilr.fac1[50,2]   1.0000185  1.0007824
ilr.fac1[51,2]   1.0006423  1.0030280
ilr.fac1[52,2]   0.9998402  0.9999647
ilr.fac1[53,2]   1.0003877  1.0012794
ilr.fac1[54,2]   1.0003691  1.0004879
ilr.fac1[55,2]   1.0019325  1.0023845
ilr.fac1[56,2]   1.0014119  1.0039052
ilr.fac1[57,2]   1.0010491  1.0041886
ilr.fac1[58,2]   0.9997362  0.9998647
ilr.fac1[59,2]   0.9999738  1.0001449
ilr.fac1[60,2]   1.0006783  1.0033143
ilr.fac1[61,2]   1.0007079  1.0028784
ilr.fac1[62,2]   1.0000639  1.0001526
ilr.fac1[63,2]   1.0002855  1.0010300
ilr.fac1[64,2]   1.0006295  1.0015218
ilr.fac1[65,2]   1.0008118  1.0035192
ilr.fac1[66,2]   1.0014286  1.0028838
ilr.fac1[67,2]   0.9997370  0.9999135
ilr.fac1[68,2]   1.0004998  1.0015214
ilr.fac1[69,2]   1.0004224  1.0022867
ilr.fac1[70,2]   1.0007960  1.0033305
ilr.fac1[71,2]   1.0011060  1.0036155
ilr.fac1[72,2]   1.0012730  1.0030599
ilr.fac1[73,2]   1.0002894  1.0016876
ilr.fac1[74,2]   1.0000509  1.0009893
ilr.fac1[75,2]   1.0000018  1.0006858
ilr.fac1[76,2]   1.0003643  1.0019380
ilr.fac1[77,2]   0.9997455  0.9997819
ilr.fac1[78,2]   0.9999101  1.0003833
ilr.fac1[79,2]   1.0008620  1.0034264
ilr.fac1[80,2]   0.9998095  1.0000801
ilr.fac1[81,2]   0.9999791  1.0000147
ilr.fac1[82,2]   0.9998467  1.0001651
ilr.fac1[83,2]   0.9997040  0.9997301
ilr.fac1[84,2]   1.0000712  1.0008064
ilr.fac1[85,2]   1.0007887  1.0033825
ilr.fac1[86,2]   1.0004061  1.0006711
ilr.fac1[87,2]   0.9998325  0.9999349
ilr.fac1[88,2]   1.0016654  1.0044129
ilr.fac1[89,2]   1.0003076  1.0015152
ilr.fac1[90,2]   1.0002107  1.0007314
ilr.fac1[91,2]   0.9998486  1.0001060
ilr.fac1[92,2]   1.0000568  1.0009021
ilr.fac1[93,2]   1.0001966  1.0013006
ilr.fac1[94,2]   1.0002374  1.0009409
ilr.fac1[95,2]   1.0011788  1.0047242
ilr.fac1[96,2]   1.0017211  1.0042433
ilr.fac1[97,2]   1.0002700  1.0010864
ilr.fac1[98,2]   1.0017526  1.0062409
ilr.fac1[99,2]   1.0022495  1.0034377
ilr.fac1[100,2]  1.0000164  1.0002027
ilr.fac1[101,2]  1.0000860  1.0008005
ilr.fac1[102,2]  1.0000805  1.0008231
ilr.fac1[103,2]  1.0002846  1.0014910
loglik[1]        1.0001204  1.0012093
loglik[2]        1.0033245  1.0086801
loglik[3]        1.0003208  1.0019880
loglik[4]        1.0033103  1.0065366
loglik[5]        1.0011459  1.0011467
loglik[6]        1.0000984  1.0007382
loglik[7]        1.0001569  1.0004496
loglik[8]        1.0003666  1.0013323
loglik[9]        1.0016797  1.0024840
loglik[10]       1.0005325  1.0012896
loglik[11]       1.0022836  1.0036400
loglik[12]       1.0020552  1.0022872
loglik[13]       1.0012176  1.0023533
loglik[14]       1.0003156  1.0007805
loglik[15]       1.0005260  1.0028147
loglik[16]       1.0014579  1.0032765
loglik[17]       1.0014579  1.0032765
loglik[18]       1.0007494  1.0021011
loglik[19]       1.0020970  1.0054723
loglik[20]       1.0005562  1.0013558
loglik[21]       1.0011842  1.0041451
loglik[22]       1.0011842  1.0041451
loglik[23]       1.0009150  1.0023657
loglik[24]       1.0056834  1.0129830
loglik[25]       1.0002809  1.0005584
loglik[26]       1.0002809  1.0005584
loglik[27]       1.0001927  1.0014898
loglik[28]       1.0001927  1.0014898
loglik[29]       1.0000539  1.0007003
loglik[30]       1.0000489  1.0006964
loglik[31]       1.0001369  1.0013665
loglik[32]       1.0001369  1.0013665
loglik[33]       1.0027000  1.0060013
loglik[34]       0.9999398  1.0000747
loglik[35]       1.0001918  1.0014181
loglik[36]       1.0007722  1.0035407
loglik[37]       0.9998999  1.0004048
loglik[38]       1.0003307  1.0007332
loglik[39]       1.0003423  1.0020411
loglik[40]       1.0018838  1.0039841
loglik[41]       1.0009367  1.0016109
loglik[42]       0.9997534  0.9998425
loglik[43]       0.9999953  1.0007273
loglik[44]       0.9999953  1.0007273
loglik[45]       1.0015783  1.0040679
loglik[46]       1.0022999  1.0042514
loglik[47]       1.0008222  1.0019544
loglik[48]       1.0015505  1.0023109
loglik[49]       1.0036878  1.0061989
loglik[50]       1.0005530  1.0027357
loglik[51]       1.0005530  1.0027357
loglik[52]       1.0033914  1.0103827
loglik[53]       1.0033914  1.0103827
loglik[54]       1.0000937  1.0006829
loglik[55]       0.9999641  1.0007597
loglik[56]       1.0016615  1.0067052
loglik[57]       1.0006122  1.0021452
loglik[58]       0.9998089  0.9999486
loglik[59]       1.0002823  1.0015444
loglik[60]       1.0011068  1.0023618
loglik[61]       1.0011189  1.0035452
loglik[62]       1.0011189  1.0035452
loglik[63]       1.0034633  1.0084835
loglik[64]       1.0003198  1.0006402
loglik[65]       1.0000011  1.0000743
loglik[66]       1.0014406  1.0021565
loglik[67]       0.9999644  1.0002575
loglik[68]       1.0011475  1.0018879
loglik[69]       1.0005300  1.0010762
loglik[70]       1.0001721  1.0003345
loglik[71]       1.0008071  1.0038060
loglik[72]       1.0003606  1.0009072
loglik[73]       1.0006351  1.0006451
loglik[74]       1.0015405  1.0036799
loglik[75]       0.9999220  1.0000605
loglik[76]       1.0015029  1.0033798
loglik[77]       1.0006258  1.0029884
loglik[78]       1.0019752  1.0042148
loglik[79]       1.0019752  1.0042148
loglik[80]       1.0006539  1.0022023
loglik[81]       1.0013028  1.0016472
loglik[82]       1.0005182  1.0018291
loglik[83]       1.0009367  1.0025119
loglik[84]       1.0009207  1.0028247
loglik[85]       1.0036307  1.0078093
loglik[86]       1.0021757  1.0029570
loglik[87]       1.0006936  1.0013905
loglik[88]       1.0002282  1.0004426
loglik[89]       1.0000488  1.0005382
loglik[90]       1.0000331  1.0008943
loglik[91]       0.9998297  1.0002311
loglik[92]       1.0005520  1.0010994
loglik[93]       1.0006925  1.0018868
loglik[94]       1.0003911  1.0011057
loglik[95]       1.0005283  1.0017173
loglik[96]       1.0008807  1.0009436
loglik[97]       1.0017018  1.0040093
loglik[98]       1.0033244  1.0051183
loglik[99]       1.0001029  1.0005225
loglik[100]      1.0001192  1.0007008
loglik[101]      1.0001174  1.0005071
loglik[102]      1.0001174  1.0005071
loglik[103]      0.9999041  1.0004060
loglik[104]      1.0014954  1.0037995
loglik[105]      1.0001396  1.0009507
loglik[106]      1.0015338  1.0018215
loglik[107]      1.0019913  1.0022448
loglik[108]      1.0011337  1.0044873
loglik[109]      1.0011337  1.0044873
loglik[110]      1.0010186  1.0036314
loglik[111]      1.0008622  1.0017917
loglik[112]      1.0009871  1.0032739
loglik[113]      0.9999368  1.0006107
loglik[114]      1.0005395  1.0011294
loglik[115]      1.0006531  1.0015776
p.fac1[1,1]      1.0016386  1.0068865
p.fac1[2,1]      1.0015477  1.0062008
p.fac1[3,1]      1.0008832  1.0033916
p.fac1[4,1]      1.0000918  1.0009478
p.fac1[5,1]      1.0002451  1.0014805
p.fac1[6,1]      1.0016774  1.0052317
p.fac1[7,1]      1.0000026  1.0004189
p.fac1[8,1]      1.0010481  1.0043972
p.fac1[9,1]      1.0010947  1.0038921
p.fac1[10,1]     1.0002449  1.0009620
p.fac1[11,1]     1.0003254  1.0004681
p.fac1[12,1]     1.0032772  1.0081016
p.fac1[13,1]     1.0000588  1.0001968
p.fac1[14,1]     1.0008889  1.0037090
p.fac1[15,1]     1.0004163  1.0018491
p.fac1[16,1]     1.0004040  1.0017862
p.fac1[17,1]     0.9999838  1.0005231
p.fac1[18,1]     1.0002948  1.0013428
p.fac1[19,1]     1.0004716  1.0013074
p.fac1[20,1]     1.0000716  1.0002420
p.fac1[21,1]     1.0002044  1.0010518
p.fac1[22,1]     1.0018207  1.0044930
p.fac1[23,1]     1.0005137  1.0014929
p.fac1[24,1]     1.0008875  1.0009322
p.fac1[25,1]     1.0013072  1.0043216
p.fac1[26,1]     1.0007323  1.0030750
p.fac1[27,1]     1.0002784  1.0010068
p.fac1[28,1]     1.0022385  1.0068158
p.fac1[29,1]     1.0020092  1.0063184
p.fac1[30,1]     1.0007873  1.0033284
p.fac1[31,1]     1.0008178  1.0035894
p.fac1[32,1]     1.0016124  1.0060389
p.fac1[33,1]     1.0007038  1.0019491
p.fac1[34,1]     1.0007464  1.0033644
p.fac1[35,1]     1.0021012  1.0064482
p.fac1[36,1]     0.9999412  1.0004968
p.fac1[37,1]     1.0005643  1.0020396
p.fac1[38,1]     1.0013699  1.0039732
p.fac1[39,1]     1.0015042  1.0017903
p.fac1[40,1]     1.0006171  1.0009918
p.fac1[41,1]     1.0019445  1.0041146
p.fac1[42,1]     1.0027009  1.0049606
p.fac1[43,1]     1.0017242  1.0054046
p.fac1[44,1]     1.0004016  1.0014831
p.fac1[45,1]     1.0002782  1.0008530
p.fac1[46,1]     1.0003072  1.0008020
p.fac1[47,1]     1.0005572  1.0025787
p.fac1[48,1]     1.0004705  1.0020979
p.fac1[49,1]     1.0007882  1.0034994
p.fac1[50,1]     1.0006434  1.0023106
p.fac1[51,1]     1.0003609  1.0014077
p.fac1[52,1]     1.0000669  1.0010959
p.fac1[53,1]     1.0012330  1.0041121
p.fac1[54,1]     1.0003684  1.0020755
p.fac1[55,1]     1.0025143  1.0079297
p.fac1[56,1]     1.0000134  1.0006921
p.fac1[57,1]     0.9998693  0.9998977
p.fac1[58,1]     1.0007134  1.0020264
p.fac1[59,1]     1.0000773  1.0005995
p.fac1[60,1]     1.0008723  1.0039166
p.fac1[61,1]     0.9999317  1.0000124
p.fac1[62,1]     1.0001931  1.0015777
p.fac1[63,1]     1.0008814  1.0040799
p.fac1[64,1]     1.0006632  1.0025073
p.fac1[65,1]     0.9999898  1.0004907
p.fac1[66,1]     1.0001177  1.0002987
p.fac1[67,1]     0.9997656  1.0000067
p.fac1[68,1]     1.0001896  1.0003814
p.fac1[69,1]     0.9997935  0.9998854
p.fac1[70,1]     1.0002109  1.0016685
p.fac1[71,1]     1.0001748  1.0014891
p.fac1[72,1]     1.0014112  1.0059335
p.fac1[73,1]     1.0002143  1.0016309
p.fac1[74,1]     1.0001809  1.0008375
p.fac1[75,1]     0.9998121  0.9999949
p.fac1[76,1]     1.0002164  1.0014754
p.fac1[77,1]     0.9998499  1.0003265
p.fac1[78,1]     1.0002434  1.0011498
p.fac1[79,1]     1.0000340  1.0004392
p.fac1[80,1]     1.0004055  1.0016581
p.fac1[81,1]     1.0023773  1.0060842
p.fac1[82,1]     1.0016852  1.0069143
p.fac1[83,1]     1.0002238  1.0006420
p.fac1[84,1]     1.0002981  1.0017137
p.fac1[85,1]     1.0004626  1.0018699
p.fac1[86,1]     0.9998656  1.0003631
p.fac1[87,1]     1.0000204  1.0006625
p.fac1[88,1]     1.0002882  1.0010596
p.fac1[89,1]     1.0009058  1.0026707
p.fac1[90,1]     1.0001091  1.0007391
p.fac1[91,1]     1.0006622  1.0023134
p.fac1[92,1]     1.0010886  1.0041205
p.fac1[93,1]     0.9999674  1.0004855
p.fac1[94,1]     1.0001152  1.0008734
p.fac1[95,1]     1.0000956  1.0010987
p.fac1[96,1]     0.9999138  0.9999507
p.fac1[97,1]     1.0005982  1.0021490
p.fac1[98,1]     1.0005674  1.0029455
p.fac1[99,1]     1.0001250  1.0004144
p.fac1[100,1]    1.0003465  1.0015231
p.fac1[101,1]    0.9999697  1.0002728
p.fac1[102,1]    1.0001173  1.0008258
p.fac1[103,1]    1.0006157  1.0022596
p.fac1[1,2]      1.0001604  1.0011171
p.fac1[2,2]      1.0017972  1.0061835
p.fac1[3,2]      1.0007223  1.0019373
p.fac1[4,2]      1.0012475  1.0038904
p.fac1[5,2]      1.0001689  1.0004521
p.fac1[6,2]      1.0001636  1.0009215
p.fac1[7,2]      0.9998732  1.0003380
p.fac1[8,2]      1.0003244  1.0006386
p.fac1[9,2]      1.0004501  1.0024200
p.fac1[10,2]     1.0005601  1.0019224
p.fac1[11,2]     1.0007630  1.0022415
p.fac1[12,2]     1.0019288  1.0027335
p.fac1[13,2]     1.0000732  1.0010885
p.fac1[14,2]     1.0005998  1.0028761
p.fac1[15,2]     0.9999315  1.0002390
p.fac1[16,2]     1.0004296  1.0013568
p.fac1[17,2]     1.0002158  1.0011456
p.fac1[18,2]     1.0003453  1.0014955
p.fac1[19,2]     1.0004884  1.0021682
p.fac1[20,2]     1.0012067  1.0043454
p.fac1[21,2]     1.0000124  1.0000277
p.fac1[22,2]     1.0027590  1.0059993
p.fac1[23,2]     1.0005836  1.0026446
p.fac1[24,2]     1.0001506  1.0008784
p.fac1[25,2]     1.0000290  1.0000413
p.fac1[26,2]     1.0011816  1.0035764
p.fac1[27,2]     1.0011286  1.0048656
p.fac1[28,2]     1.0066896  1.0108930
p.fac1[29,2]     1.0000020  1.0006103
p.fac1[30,2]     1.0020331  1.0040657
p.fac1[31,2]     1.0003067  1.0012559
p.fac1[32,2]     0.9999602  1.0006257
p.fac1[33,2]     1.0002650  1.0007987
p.fac1[34,2]     0.9999661  1.0002181
p.fac1[35,2]     1.0013237  1.0027364
p.fac1[36,2]     0.9998089  1.0000020
p.fac1[37,2]     1.0004586  1.0023201
p.fac1[38,2]     1.0005658  1.0027956
p.fac1[39,2]     1.0000740  1.0011390
p.fac1[40,2]     1.0000546  1.0007856
p.fac1[41,2]     1.0021908  1.0038767
p.fac1[42,2]     1.0007035  1.0022711
p.fac1[43,2]     1.0011189  1.0029877
p.fac1[44,2]     0.9998439  0.9999988
p.fac1[45,2]     1.0000451  1.0003381
p.fac1[46,2]     1.0004382  1.0013118
p.fac1[47,2]     1.0009861  1.0022703
p.fac1[48,2]     1.0001441  1.0009126
p.fac1[49,2]     1.0001074  1.0009645
p.fac1[50,2]     1.0021429  1.0079839
p.fac1[51,2]     1.0015308  1.0028643
p.fac1[52,2]     1.0020310  1.0069532
p.fac1[53,2]     1.0006097  1.0007276
p.fac1[54,2]     1.0006144  1.0009155
p.fac1[55,2]     1.0001346  1.0009704
p.fac1[56,2]     1.0000739  1.0001398
p.fac1[57,2]     1.0006636  1.0027544
p.fac1[58,2]     0.9997423  0.9999121
p.fac1[59,2]     1.0002294  1.0012789
p.fac1[60,2]     1.0003220  1.0016799
p.fac1[61,2]     1.0001870  1.0006440
p.fac1[62,2]     1.0001454  1.0002459
p.fac1[63,2]     0.9997523  0.9998098
p.fac1[64,2]     1.0008157  1.0016959
p.fac1[65,2]     1.0000262  1.0000964
p.fac1[66,2]     1.0000580  1.0003982
p.fac1[67,2]     1.0003398  1.0013398
p.fac1[68,2]     1.0000726  1.0003818
p.fac1[69,2]     1.0004739  1.0017088
p.fac1[70,2]     0.9999863  1.0001354
p.fac1[71,2]     1.0000894  1.0008068
p.fac1[72,2]     1.0007809  1.0021432
p.fac1[73,2]     1.0011269  1.0039406
p.fac1[74,2]     1.0004577  1.0017914
p.fac1[75,2]     0.9999411  1.0004240
p.fac1[76,2]     0.9999374  1.0002300
p.fac1[77,2]     1.0000338  1.0008276
p.fac1[78,2]     0.9999249  1.0005964
p.fac1[79,2]     1.0008877  1.0023106
p.fac1[80,2]     0.9999554  1.0001773
p.fac1[81,2]     1.0008110  1.0018489
p.fac1[82,2]     1.0009927  1.0030518
p.fac1[83,2]     0.9997073  0.9997095
p.fac1[84,2]     1.0002650  1.0004467
p.fac1[85,2]     1.0001297  1.0009627
p.fac1[86,2]     1.0005178  1.0010768
p.fac1[87,2]     1.0000631  1.0002706
p.fac1[88,2]     1.0005093  1.0019078
p.fac1[89,2]     0.9999294  0.9999675
p.fac1[90,2]     1.0024959  1.0091002
p.fac1[91,2]     1.0007524  1.0015580
p.fac1[92,2]     0.9997946  0.9998734
p.fac1[93,2]     1.0000165  1.0002737
p.fac1[94,2]     0.9999656  1.0004726
p.fac1[95,2]     0.9999492  1.0002326
p.fac1[96,2]     1.0014850  1.0041858
p.fac1[97,2]     1.0000419  1.0008001
p.fac1[98,2]     1.0008928  1.0021446
p.fac1[99,2]     1.0004803  1.0009188
p.fac1[100,2]    1.0018601  1.0070423
p.fac1[101,2]    0.9999314  1.0002621
p.fac1[102,2]    1.0011904  1.0037155
p.fac1[103,2]    1.0014182  1.0055803
p.fac1[1,3]      1.0018353  1.0075528
p.fac1[2,3]      1.0009797  1.0042917
p.fac1[3,3]      1.0008501  1.0033634
p.fac1[4,3]      1.0000182  1.0005580
p.fac1[5,3]      1.0005359  1.0026284
p.fac1[6,3]      1.0014073  1.0050942
p.fac1[7,3]      1.0000817  1.0007040
p.fac1[8,3]      1.0014388  1.0061268
p.fac1[9,3]      1.0011502  1.0043296
p.fac1[10,3]     1.0004591  1.0016614
p.fac1[11,3]     1.0003991  1.0009341
p.fac1[12,3]     1.0024766  1.0079489
p.fac1[13,3]     1.0002741  1.0008133
p.fac1[14,3]     1.0006079  1.0024738
p.fac1[15,3]     1.0004944  1.0019991
p.fac1[16,3]     1.0003147  1.0019006
p.fac1[17,3]     0.9999796  1.0005705
p.fac1[18,3]     1.0002478  1.0009594
p.fac1[19,3]     1.0005057  1.0016265
p.fac1[20,3]     0.9999098  1.0000280
p.fac1[21,3]     1.0001921  1.0011778
p.fac1[22,3]     1.0013342  1.0037430
p.fac1[23,3]     1.0003874  1.0006551
p.fac1[24,3]     1.0014375  1.0023000
p.fac1[25,3]     1.0012942  1.0050715
p.fac1[26,3]     1.0005290  1.0024536
p.fac1[27,3]     1.0004551  1.0018054
p.fac1[28,3]     1.0016887  1.0056929
p.fac1[29,3]     1.0026449  1.0083410
p.fac1[30,3]     1.0006222  1.0030285
p.fac1[31,3]     1.0009304  1.0042129
p.fac1[32,3]     1.0020784  1.0068864
p.fac1[33,3]     0.9999844  1.0003472
p.fac1[34,3]     1.0007840  1.0034717
p.fac1[35,3]     1.0019312  1.0062917
p.fac1[36,3]     0.9999433  1.0005395
p.fac1[37,3]     1.0006728  1.0018156
p.fac1[38,3]     1.0011117  1.0031012
p.fac1[39,3]     1.0010082  1.0012427
p.fac1[40,3]     1.0000990  1.0002927
p.fac1[41,3]     1.0013306  1.0038487
p.fac1[42,3]     1.0028940  1.0064530
p.fac1[43,3]     1.0011732  1.0043831
p.fac1[44,3]     1.0007151  1.0022131
p.fac1[45,3]     1.0005819  1.0018788
p.fac1[46,3]     1.0003391  1.0011040
p.fac1[47,3]     1.0011556  1.0050152
p.fac1[48,3]     1.0004329  1.0020004
p.fac1[49,3]     1.0008306  1.0035681
p.fac1[50,3]     1.0004922  1.0015608
p.fac1[51,3]     1.0000115  1.0006265
p.fac1[52,3]     1.0001963  1.0013601
p.fac1[53,3]     1.0011344  1.0044710
p.fac1[54,3]     1.0004210  1.0022285
p.fac1[55,3]     1.0025769  1.0080576
p.fac1[56,3]     0.9999618  1.0006690
p.fac1[57,3]     0.9999345  1.0001854
p.fac1[58,3]     1.0006555  1.0023578
p.fac1[59,3]     1.0003328  1.0010699
p.fac1[60,3]     1.0011699  1.0051260
p.fac1[61,3]     0.9997935  0.9999136
p.fac1[62,3]     1.0002613  1.0017874
p.fac1[63,3]     1.0010640  1.0046973
p.fac1[64,3]     1.0006501  1.0024548
p.fac1[65,3]     1.0000267  1.0006623
p.fac1[66,3]     0.9998419  0.9999471
p.fac1[67,3]     0.9999737  1.0006630
p.fac1[68,3]     1.0006374  1.0010707
p.fac1[69,3]     0.9997851  0.9998055
p.fac1[70,3]     1.0004480  1.0025109
p.fac1[71,3]     1.0003232  1.0009686
p.fac1[72,3]     1.0012335  1.0052985
p.fac1[73,3]     1.0002708  1.0018162
p.fac1[74,3]     0.9998420  1.0001462
p.fac1[75,3]     0.9997589  0.9998974
p.fac1[76,3]     1.0004912  1.0022149
p.fac1[77,3]     1.0001657  1.0012898
p.fac1[78,3]     1.0002323  1.0011271
p.fac1[79,3]     1.0001445  1.0008581
p.fac1[80,3]     1.0003563  1.0017854
p.fac1[81,3]     1.0019560  1.0048923
p.fac1[82,3]     1.0015514  1.0065014
p.fac1[83,3]     1.0001468  1.0007993
p.fac1[84,3]     1.0006868  1.0029373
p.fac1[85,3]     1.0006709  1.0028673
p.fac1[86,3]     0.9999580  1.0006202
p.fac1[87,3]     0.9999868  1.0006275
p.fac1[88,3]     1.0004214  1.0012000
p.fac1[89,3]     1.0010705  1.0034120
p.fac1[90,3]     1.0009769  1.0024188
p.fac1[91,3]     1.0007961  1.0031798
p.fac1[92,3]     1.0012718  1.0050657
p.fac1[93,3]     1.0000488  1.0007336
p.fac1[94,3]     0.9999658  1.0002373
p.fac1[95,3]     1.0006784  1.0033344
p.fac1[96,3]     1.0003996  1.0011174
p.fac1[97,3]     1.0010851  1.0028391
p.fac1[98,3]     1.0012364  1.0047954
p.fac1[99,3]     1.0005325  1.0011442
p.fac1[100,3]    0.9997813  0.9999339
p.fac1[101,3]    1.0005807  1.0015955
p.fac1[102,3]    1.0003828  1.0022945
p.fac1[103,3]    1.0000806  1.0002734
p.global[1]      1.0016386  1.0068865
p.global[2]      1.0001604  1.0011171
p.global[3]      1.0018353  1.0075528

################################################################################
# Geweke Diagnostic
################################################################################

The Geweke diagnostic is a standard z-score, so we'd expect 5% to be outside +/-1.96
Number of variables outside +/-1.96 in each chain (out of 
634
):


       Chain 1 Chain 2 Chain 3
Geweke      22      24      38


And here are the Geweke diagnostics for all variables:

                chain1 chain2 chain3
deviance        -1.575 -0.125  0.764
ilr.fac1[2,1]    1.116  0.480 -1.237
ilr.fac1[3,1]   -0.128  0.293 -1.067
ilr.fac1[4,1]   -0.061  1.461 -0.984
ilr.fac1[5,1]    0.516 -0.550 -0.371
ilr.fac1[6,1]    0.205  0.161 -1.041
ilr.fac1[7,1]    1.369  0.680  0.138
ilr.fac1[8,1]    0.255  0.361 -0.190
ilr.fac1[9,1]    0.305  0.928  0.596
ilr.fac1[10,1]  -0.140  0.429 -0.872
ilr.fac1[11,1]   0.141  0.006  0.021
ilr.fac1[12,1]  -0.242  2.196 -0.487
ilr.fac1[13,1]  -0.865  1.361 -1.030
ilr.fac1[14,1]   0.760 -1.317  1.022
ilr.fac1[15,1]   0.190  0.045  0.747
ilr.fac1[16,1]   0.411 -1.408  0.372
ilr.fac1[17,1]  -0.505  0.881 -0.379
ilr.fac1[18,1]  -0.261  0.431  0.262
ilr.fac1[19,1]   2.117 -0.218 -0.567
ilr.fac1[20,1]   0.504  1.044  1.226
ilr.fac1[21,1]  -0.834 -0.887  0.651
ilr.fac1[22,1]   1.773  0.244  0.545
ilr.fac1[23,1]   0.036  0.063 -0.362
ilr.fac1[24,1]   0.232  0.712 -0.203
ilr.fac1[25,1]  -0.810  0.396  0.746
ilr.fac1[26,1]   0.408 -1.173  0.198
ilr.fac1[27,1]   1.558 -0.165  0.236
ilr.fac1[28,1]  -0.237  0.192 -0.742
ilr.fac1[29,1]   0.666 -0.503 -0.092
ilr.fac1[30,1]  -0.180 -1.122  0.043
ilr.fac1[31,1]  -0.423 -0.022  0.476
ilr.fac1[32,1]  -0.086  0.326 -0.450
ilr.fac1[33,1]  -0.865  0.330 -1.530
ilr.fac1[34,1]  -0.546  0.139  0.631
ilr.fac1[35,1]   1.082 -0.543  0.035
ilr.fac1[36,1]   0.494  0.089  1.894
ilr.fac1[37,1]   0.693  0.970 -0.214
ilr.fac1[38,1]   0.776  0.182  2.002
ilr.fac1[39,1]   1.132  1.030 -0.881
ilr.fac1[40,1]   0.915  0.888 -0.285
ilr.fac1[41,1]  -1.198  0.108 -0.026
ilr.fac1[42,1]  -1.661  0.299  0.786
ilr.fac1[43,1]   1.575  2.332 -0.723
ilr.fac1[44,1]  -0.920  1.003 -1.184
ilr.fac1[45,1]   0.416 -1.573 -0.038
ilr.fac1[46,1]   0.962 -0.022  0.269
ilr.fac1[47,1]   0.196  2.079  1.203
ilr.fac1[48,1]  -0.578 -0.304 -0.557
ilr.fac1[49,1]   1.501 -1.247 -0.006
ilr.fac1[50,1]   0.816  0.541 -1.965
ilr.fac1[51,1]  -0.818 -0.433 -0.612
ilr.fac1[52,1]   1.978 -2.011 -1.379
ilr.fac1[53,1]  -0.573 -0.429 -1.598
ilr.fac1[54,1]   0.404  0.790  0.508
ilr.fac1[55,1]   0.895  0.273  0.393
ilr.fac1[56,1]  -0.368 -0.011  0.255
ilr.fac1[57,1]  -1.689 -0.731 -0.577
ilr.fac1[58,1]  -1.846  0.106 -0.713
ilr.fac1[59,1]   0.544 -0.366  0.159
ilr.fac1[60,1]   0.326  0.581  0.840
ilr.fac1[61,1]  -0.193  0.800 -0.485
ilr.fac1[62,1]  -0.674 -1.024 -0.354
ilr.fac1[63,1]   0.553  1.548 -0.367
ilr.fac1[64,1]  -0.146  0.387 -0.406
ilr.fac1[65,1]  -0.066  0.926 -0.669
ilr.fac1[66,1]  -0.201  1.208  1.570
ilr.fac1[67,1]  -0.512  0.228 -0.278
ilr.fac1[68,1]  -0.412  0.351  0.712
ilr.fac1[69,1]  -0.083  0.914  0.957
ilr.fac1[70,1]   0.525 -0.119 -0.671
ilr.fac1[71,1]   0.421  0.425  0.179
ilr.fac1[72,1]   1.805 -0.587  0.214
ilr.fac1[73,1]   0.467 -0.765 -1.354
ilr.fac1[74,1]  -0.912  0.536 -1.492
ilr.fac1[75,1]   0.831  0.304 -0.608
ilr.fac1[76,1]   1.533  1.426  0.052
ilr.fac1[77,1]   0.087  0.670  0.239
ilr.fac1[78,1]  -0.321  0.016 -0.321
ilr.fac1[79,1]   0.747  1.520 -1.923
ilr.fac1[80,1]   0.564  0.212  0.638
ilr.fac1[81,1]  -0.717  0.660  0.830
ilr.fac1[82,1]  -1.145  0.802 -0.046
ilr.fac1[83,1]  -0.068 -1.212  2.012
ilr.fac1[84,1]  -0.444  1.467  0.680
ilr.fac1[85,1]   0.398  0.758 -1.874
ilr.fac1[86,1]   1.034 -0.345 -0.153
ilr.fac1[87,1]   0.436  0.208 -2.225
ilr.fac1[88,1]   1.055 -2.239 -0.618
ilr.fac1[89,1]  -0.179  0.839 -1.246
ilr.fac1[90,1]   1.500  1.004 -0.138
ilr.fac1[91,1]  -0.638 -1.115 -1.213
ilr.fac1[92,1]  -1.046  0.840 -1.149
ilr.fac1[93,1]   0.449  0.312 -0.151
ilr.fac1[94,1]   0.419  1.642 -0.001
ilr.fac1[95,1]  -0.530 -1.759  0.590
ilr.fac1[96,1]   0.170  0.339 -0.582
ilr.fac1[97,1]  -0.580 -0.507  0.131
ilr.fac1[98,1]   0.076 -1.370 -0.427
ilr.fac1[99,1]   0.404  0.637 -0.981
ilr.fac1[100,1] -0.640 -0.052  1.294
ilr.fac1[101,1] -0.662  0.204 -1.475
ilr.fac1[102,1] -0.063  0.094 -0.676
ilr.fac1[103,1] -0.379  0.623 -1.545
ilr.fac1[2,2]    0.034  0.339 -1.351
ilr.fac1[3,2]   -0.549  0.482  0.857
ilr.fac1[4,2]    0.648 -0.680  0.451
ilr.fac1[5,2]    1.742 -0.067  1.093
ilr.fac1[6,2]   -0.624 -0.400 -0.750
ilr.fac1[7,2]    2.162 -0.952  0.333
ilr.fac1[8,2]    1.198 -0.963 -0.098
ilr.fac1[9,2]    0.113 -0.807 -0.017
ilr.fac1[10,2]   1.267 -0.746 -0.754
ilr.fac1[11,2]  -0.279 -1.452  0.795
ilr.fac1[12,2]  -0.926  0.621 -0.084
ilr.fac1[13,2]  -0.263 -0.428 -1.310
ilr.fac1[14,2]  -0.042  0.265  0.390
ilr.fac1[15,2]   0.528  1.280  0.290
ilr.fac1[16,2]   0.171 -0.433  0.021
ilr.fac1[17,2]  -0.067  1.220 -0.663
ilr.fac1[18,2]   0.116  0.860 -0.549
ilr.fac1[19,2]  -0.606  1.618 -0.837
ilr.fac1[20,2]  -0.520 -0.501  0.080
ilr.fac1[21,2]   0.321  0.792 -1.176
ilr.fac1[22,2]   0.516 -0.120  0.355
ilr.fac1[23,2]   0.405  0.496  0.542
ilr.fac1[24,2]  -1.114 -0.534  0.714
ilr.fac1[25,2]  -0.666 -1.026  2.109
ilr.fac1[26,2]   1.177  0.944  0.639
ilr.fac1[27,2]  -0.731  1.145  2.178
ilr.fac1[28,2]  -0.583 -1.482  0.959
ilr.fac1[29,2]   0.059  0.398  1.436
ilr.fac1[30,2]   0.182 -0.789  0.337
ilr.fac1[31,2]  -0.394  0.064  0.603
ilr.fac1[32,2]   0.972  0.213 -0.059
ilr.fac1[33,2]  -1.330  2.077 -0.962
ilr.fac1[34,2]   1.401 -0.091  0.162
ilr.fac1[35,2]   0.804 -0.080  1.695
ilr.fac1[36,2]  -1.427 -0.277  0.806
ilr.fac1[37,2]   0.731  0.755 -0.798
ilr.fac1[38,2]   0.086 -1.827 -0.375
ilr.fac1[39,2]   0.079 -1.098 -0.653
ilr.fac1[40,2]  -0.355 -0.359 -0.571
ilr.fac1[41,2]   0.610 -0.667  0.111
ilr.fac1[42,2]   0.668  0.680  2.016
ilr.fac1[43,2]   0.967 -0.643 -1.321
ilr.fac1[44,2]   1.639 -1.464 -1.429
ilr.fac1[45,2]   1.810  0.951 -0.625
ilr.fac1[46,2]   0.431 -0.078  0.012
ilr.fac1[47,2]   0.488  0.406 -0.918
ilr.fac1[48,2]  -0.404  0.324 -0.450
ilr.fac1[49,2]  -1.318  1.507  0.687
ilr.fac1[50,2]  -0.737  0.348 -0.739
ilr.fac1[51,2]   0.564  0.942 -2.234
ilr.fac1[52,2]   0.044 -1.607  0.650
ilr.fac1[53,2]  -1.189  0.844 -0.933
ilr.fac1[54,2]  -0.591  1.213 -2.069
ilr.fac1[55,2]   0.459  1.303  1.978
ilr.fac1[56,2]   1.745 -0.356  0.175
ilr.fac1[57,2]   2.794 -0.408  0.854
ilr.fac1[58,2]   0.365 -0.095 -0.535
ilr.fac1[59,2]  -0.144  0.304  0.191
ilr.fac1[60,2]  -0.697  0.210  0.712
ilr.fac1[61,2]   0.039  0.435 -0.509
ilr.fac1[62,2]  -0.882 -1.793 -1.491
ilr.fac1[63,2]  -1.161 -0.810 -0.570
ilr.fac1[64,2]   0.870  0.683 -0.889
ilr.fac1[65,2]   0.314  0.331  0.353
ilr.fac1[66,2]   1.029 -0.192 -0.157
ilr.fac1[67,2]  -1.149  0.769 -0.474
ilr.fac1[68,2]   0.144  0.399  1.672
ilr.fac1[69,2]  -0.914  0.705 -2.613
ilr.fac1[70,2]   0.536 -0.969 -0.451
ilr.fac1[71,2]   1.236  0.203 -0.219
ilr.fac1[72,2]  -1.562  0.085 -1.191
ilr.fac1[73,2]  -0.064  3.247 -0.069
ilr.fac1[74,2]  -1.033  0.148 -1.190
ilr.fac1[75,2]  -1.166 -0.558 -0.685
ilr.fac1[76,2]   2.480  1.335  0.038
ilr.fac1[77,2]  -0.873 -0.288 -0.213
ilr.fac1[78,2]  -0.795  0.320 -0.115
ilr.fac1[79,2]   1.625 -0.978  0.879
ilr.fac1[80,2]  -1.148  2.323 -0.181
ilr.fac1[81,2]  -1.486  0.617  0.192
ilr.fac1[82,2]   0.250 -0.870 -0.133
ilr.fac1[83,2]   0.165 -0.583  1.486
ilr.fac1[84,2]   0.055  0.876  0.785
ilr.fac1[85,2]  -1.039  0.059 -0.168
ilr.fac1[86,2]   1.148  0.375  0.142
ilr.fac1[87,2]  -1.052  0.090  0.149
ilr.fac1[88,2]   1.715  0.696 -1.597
ilr.fac1[89,2]  -0.556 -0.578 -2.219
ilr.fac1[90,2]  -0.895  1.514  0.696
ilr.fac1[91,2]  -0.574 -0.036 -1.074
ilr.fac1[92,2]  -0.297  0.540 -1.038
ilr.fac1[93,2]  -0.034  1.062 -0.050
ilr.fac1[94,2]   0.474  0.814  0.133
ilr.fac1[95,2]  -0.545 -1.492  1.168
ilr.fac1[96,2]  -0.283  0.435 -0.593
ilr.fac1[97,2]  -1.131  0.046  0.311
ilr.fac1[98,2]  -0.540 -1.104  0.111
ilr.fac1[99,2]   0.278 -0.640  0.083
ilr.fac1[100,2] -0.847  0.093  1.340
ilr.fac1[101,2] -0.779 -0.109 -1.912
ilr.fac1[102,2]  0.224  0.788  0.147
ilr.fac1[103,2] -0.378  0.441 -0.559
loglik[1]       -0.016  0.271 -0.685
loglik[2]       -0.478 -0.530  1.520
loglik[3]        0.298  1.103 -0.485
loglik[4]        0.391  1.402 -0.365
loglik[5]        1.692  1.754  1.665
loglik[6]        0.160 -1.011  0.530
loglik[7]       -0.082 -0.105 -1.751
loglik[8]        1.613  0.492 -1.131
loglik[9]        1.010  0.255 -0.653
loglik[10]       0.356  0.006 -1.013
loglik[11]      -1.598 -0.165  0.442
loglik[12]       1.460  1.995  0.754
loglik[13]       2.595 -0.562  0.359
loglik[14]       0.057 -0.278  1.783
loglik[15]       0.451  0.860 -1.111
loglik[16]       0.460 -1.159  0.753
loglik[17]       0.460 -1.159  0.753
loglik[18]       1.985 -1.104 -0.825
loglik[19]       1.293  0.580  0.006
loglik[20]       0.150 -0.937 -0.400
loglik[21]       0.314 -0.672  0.545
loglik[22]       0.314 -0.672  0.545
loglik[23]       0.701 -1.348 -0.478
loglik[24]       0.256  1.176 -0.923
loglik[25]       1.509 -0.774  1.484
loglik[26]       1.509 -0.774  1.484
loglik[27]      -1.260  0.667 -0.410
loglik[28]      -1.260  0.667 -0.410
loglik[29]       0.414  1.009  0.364
loglik[30]      -0.682  0.325  0.441
loglik[31]       0.670 -0.506  0.581
loglik[32]       0.670 -0.506  0.581
loglik[33]       0.112 -0.343 -1.077
loglik[34]       0.917  0.747  0.874
loglik[35]       0.124  1.298 -1.036
loglik[36]       0.150 -0.098  1.081
loglik[37]       0.781  0.559 -0.390
loglik[38]       0.242 -0.123  1.790
loglik[39]      -0.823 -0.485 -0.453
loglik[40]       0.159 -1.712  0.768
loglik[41]      -1.381 -0.949 -0.043
loglik[42]      -0.607 -0.924 -1.482
loglik[43]      -0.198  1.059 -0.892
loglik[44]      -0.198  1.059 -0.892
loglik[45]       0.824 -0.167 -0.586
loglik[46]      -0.365  0.226  0.089
loglik[47]       0.251  0.399 -1.378
loglik[48]       0.593 -0.041 -0.868
loglik[49]      -1.927 -0.219  1.271
loglik[50]      -0.952  0.296 -0.354
loglik[51]      -0.952  0.296 -0.354
loglik[52]       0.553 -0.432  0.299
loglik[53]       0.553 -0.432  0.299
loglik[54]       0.768 -0.224 -0.584
loglik[55]      -0.596  0.292 -1.181
loglik[56]       1.659  0.249 -1.373
loglik[57]       0.596  0.185  0.860
loglik[58]       0.422  0.354  0.958
loglik[59]       0.114  1.157  1.795
loglik[60]       2.132 -0.657 -1.212
loglik[61]       0.527  1.422 -1.772
loglik[62]       0.527  1.422 -1.772
loglik[63]       0.367 -1.230 -0.036
loglik[64]       1.830  0.610 -1.839
loglik[65]      -0.224  0.302 -0.158
loglik[66]      -0.123 -1.021 -1.569
loglik[67]      -1.210  0.524  0.586
loglik[68]      -0.156 -0.223 -0.529
loglik[69]       0.160  1.764 -0.138
loglik[70]       0.362  2.124  0.393
loglik[71]      -0.433 -0.848 -1.331
loglik[72]      -0.612 -0.017 -1.962
loglik[73]      -0.453 -1.342  0.058
loglik[74]       0.023  0.957 -0.100
loglik[75]       0.507 -0.324 -0.264
loglik[76]       1.162 -0.077  0.109
loglik[77]       0.255  1.747  0.013
loglik[78]       0.897  0.956 -1.345
loglik[79]       0.897  0.956 -1.345
loglik[80]       0.564  1.599  0.040
loglik[81]       0.716 -0.743  0.831
loglik[82]      -1.606 -1.442  0.156
loglik[83]       1.379  0.074 -0.297
loglik[84]      -0.125 -0.430 -0.481
loglik[85]       2.237 -0.539  0.691
loglik[86]       0.351  0.168 -0.708
loglik[87]       1.785 -0.607 -0.892
loglik[88]       0.268  0.303 -1.739
loglik[89]      -0.385 -0.629 -1.211
loglik[90]      -0.414  0.294 -0.770
loglik[91]       1.092 -0.565 -0.502
loglik[92]       1.030 -1.239 -0.197
loglik[93]      -0.242 -0.480 -1.213
loglik[94]       0.466 -0.953 -0.643
loglik[95]      -1.945 -0.640  0.737
loglik[96]      -0.297 -0.860 -0.972
loglik[97]       0.928  1.424 -0.264
loglik[98]       0.748  0.537 -0.994
loglik[99]      -0.166  1.671 -0.542
loglik[100]     -0.992 -0.434 -2.079
loglik[101]      0.692  0.422 -0.220
loglik[102]      0.692  0.422 -0.220
loglik[103]      0.996  0.953  1.312
loglik[104]     -0.680 -1.011  0.184
loglik[105]      0.836 -0.314  0.833
loglik[106]      0.683 -0.123  0.383
loglik[107]      0.223  0.426  2.098
loglik[108]      1.298 -0.471 -0.300
loglik[109]      1.298 -0.471 -0.300
loglik[110]     -0.175  0.656  1.131
loglik[111]      0.055  0.251  1.525
loglik[112]      1.264  0.407  0.588
loglik[113]      2.263 -0.169  0.027
loglik[114]      1.452 -0.459  0.587
loglik[115]      0.205 -0.257  0.938
p.fac1[1,1]      0.372 -1.431  1.378
p.fac1[2,1]      1.033 -0.429 -0.779
p.fac1[3,1]      0.041 -0.587  0.624
p.fac1[4,1]     -0.128 -0.657  0.216
p.fac1[5,1]      1.247 -0.712  1.041
p.fac1[6,1]      0.305 -0.348 -0.117
p.fac1[7,1]      2.387 -0.826  1.058
p.fac1[8,1]      1.221 -1.348  0.672
p.fac1[9,1]      0.250 -0.099  1.146
p.fac1[10,1]     1.099 -0.824  0.297
p.fac1[11,1]    -0.210 -1.641  1.506
p.fac1[12,1]    -0.549  1.709  0.472
p.fac1[13,1]    -0.543 -0.177 -0.706
p.fac1[14,1]     0.633 -1.705  1.635
p.fac1[15,1]     0.555  0.099  1.546
p.fac1[16,1]     0.511 -2.058  1.382
p.fac1[17,1]    -0.448  0.367  0.069
p.fac1[18,1]    -0.148 -0.105  0.823
p.fac1[19,1]     1.239  0.190 -0.141
p.fac1[20,1]     0.258  0.524  2.450
p.fac1[21,1]    -0.137 -0.751  0.562
p.fac1[22,1]     1.603 -0.329  1.145
p.fac1[23,1]     0.172 -0.488  0.286
p.fac1[24,1]    -0.432 -0.116  0.457
p.fac1[25,1]    -0.459 -1.301  2.999
p.fac1[26,1]     1.041 -0.876  1.443
p.fac1[27,1]    -0.098  0.272  2.111
p.fac1[28,1]    -0.321 -1.094  0.829
p.fac1[29,1]     0.644 -0.406  1.817
p.fac1[30,1]     0.225 -1.491  0.651
p.fac1[31,1]    -0.311 -0.486  1.004
p.fac1[32,1]     0.619 -0.260  0.048
p.fac1[33,1]    -1.322  0.921 -1.604
p.fac1[34,1]     1.037 -0.318  1.042
p.fac1[35,1]     1.444 -0.958  1.340
p.fac1[36,1]    -0.688 -0.768  2.540
p.fac1[37,1]     0.690  0.522  0.246
p.fac1[38,1]     0.850 -2.438  2.372
p.fac1[39,1]     1.658 -0.128 -0.557
p.fac1[40,1]     0.353 -0.279 -0.407
p.fac1[41,1]     0.268 -1.117  1.387
p.fac1[42,1]    -0.992  0.257  2.737
p.fac1[43,1]     2.081  0.036 -0.207
p.fac1[44,1]     1.002 -0.959 -1.236
p.fac1[45,1]     1.550 -1.017  0.095
p.fac1[46,1]     1.006 -0.875  0.891
p.fac1[47,1]     0.444  1.502  0.970
p.fac1[48,1]    -0.460 -0.894  0.051
p.fac1[49,1]     0.239 -0.507  0.723
p.fac1[50,1]     0.468 -0.675 -0.792
p.fac1[51,1]     0.396 -0.301 -1.475
p.fac1[52,1]     1.660 -2.331 -0.127
p.fac1[53,1]    -0.851 -0.256 -1.306
p.fac1[54,1]     0.138  0.639 -0.613
p.fac1[55,1]     0.842  0.104  2.247
p.fac1[56,1]     1.253 -0.807  1.075
p.fac1[57,1]     0.902 -1.334  0.624
p.fac1[58,1]    -0.583 -0.892  0.428
p.fac1[59,1]    -0.042 -0.877  1.274
p.fac1[60,1]    -0.171 -0.348  2.134
p.fac1[61,1]     0.076  0.072  0.047
p.fac1[62,1]    -0.935 -2.572 -0.643
p.fac1[63,1]    -0.089 -0.367  0.503
p.fac1[64,1]     0.820 -0.045 -0.421
p.fac1[65,1]     0.454 -0.066  0.734
p.fac1[66,1]     0.639  0.048  1.001
p.fac1[67,1]    -0.726  0.042  0.405
p.fac1[68,1]     0.337 -0.343  2.060
p.fac1[69,1]    -0.626  0.264 -0.502
p.fac1[70,1]     0.602 -0.904 -0.049
p.fac1[71,1]     0.524  0.104  0.731
p.fac1[72,1]     0.559 -1.214  0.322
p.fac1[73,1]     0.165 -0.041 -0.048
p.fac1[74,1]    -1.202 -0.289 -1.579
p.fac1[75,1]    -0.194 -0.982  0.265
p.fac1[76,1]     2.452  0.942  0.657
p.fac1[77,1]    -0.157 -0.667  0.589
p.fac1[78,1]    -0.549 -0.685  0.412
p.fac1[79,1]     2.239 -0.686  0.012
p.fac1[80,1]    -0.050  0.498  1.163
p.fac1[81,1]    -2.076  0.282  1.156
p.fac1[82,1]    -0.832 -1.112  0.629
p.fac1[83,1]     0.203 -1.246  2.331
p.fac1[84,1]     0.121  0.665  1.403
p.fac1[85,1]    -0.101 -0.709 -0.673
p.fac1[86,1]     1.344 -0.886  0.473
p.fac1[87,1]    -0.289 -0.925 -0.161
p.fac1[88,1]     1.754 -1.682 -0.421
p.fac1[89,1]    -0.041 -0.425 -1.060
p.fac1[90,1]     0.649  0.376  1.207
p.fac1[91,1]    -0.452 -1.286 -0.418
p.fac1[92,1]    -0.643  0.273 -0.592
p.fac1[93,1]     0.456  0.210  0.568
p.fac1[94,1]     0.563  1.016  0.134
p.fac1[95,1]    -0.326 -2.321  1.723
p.fac1[96,1]     0.142 -0.467 -0.431
p.fac1[97,1]    -0.650 -0.622  0.824
p.fac1[98,1]    -0.089 -2.013  0.279
p.fac1[99,1]     0.586 -0.597 -0.289
p.fac1[100,1]   -0.607 -0.324  1.653
p.fac1[101,1]   -0.657 -0.190 -0.958
p.fac1[102,1]   -0.292 -0.249 -0.559
p.fac1[103,1]   -0.079  0.159 -1.082
p.fac1[1,2]      0.010  0.366 -0.290
p.fac1[2,2]     -1.420 -0.114  0.827
p.fac1[3,2]      0.511 -0.029  1.056
p.fac1[4,2]      0.577 -1.972  1.572
p.fac1[5,2]     -0.263  0.988  0.149
p.fac1[6,2]     -1.256 -0.712  0.806
p.fac1[7,2]     -0.378 -0.762  1.803
p.fac1[8,2]     -0.144 -0.848 -0.414
p.fac1[9,2]     -0.621 -1.166 -0.454
p.fac1[10,2]     0.955 -0.746  0.706
p.fac1[11,2]    -0.226 -0.584  0.137
p.fac1[12,2]    -0.437 -1.194  0.108
p.fac1[13,2]     0.750 -1.884  0.454
p.fac1[14,2]    -0.297  1.145  0.408
p.fac1[15,2]     0.240  1.413 -0.643
p.fac1[16,2]    -0.572  1.706 -0.375
p.fac1[17,2]     0.254 -0.017  0.727
p.fac1[18,2]    -0.209 -0.107 -0.911
p.fac1[19,2]    -2.015  0.419 -0.225
p.fac1[20,2]    -0.297 -1.109 -0.365
p.fac1[21,2]     1.212  0.935 -1.347
p.fac1[22,2]    -1.618 -0.152 -0.619
p.fac1[23,2]    -0.069  0.229  0.100
p.fac1[24,2]    -0.552 -0.216  0.075
p.fac1[25,2]     0.800 -0.432 -1.181
p.fac1[26,2]     0.001  0.831 -0.299
p.fac1[27,2]    -1.357  0.270 -0.440
p.fac1[28,2]     0.098  0.091  0.203
p.fac1[29,2]    -0.784  0.345 -0.240
p.fac1[30,2]     0.048  0.824  0.377
p.fac1[31,2]     0.015  0.348 -0.440
p.fac1[32,2]     0.756  0.288  0.108
p.fac1[33,2]     0.682  0.487  1.354
p.fac1[34,2]     0.734  0.289 -0.491
p.fac1[35,2]    -1.749  0.643  0.100
p.fac1[36,2]    -0.435  0.421 -1.188
p.fac1[37,2]    -0.566 -0.461 -1.004
p.fac1[38,2]    -0.407 -0.315 -1.640
p.fac1[39,2]    -1.888 -1.199  0.438
p.fac1[40,2]    -1.124  0.171  0.151
p.fac1[41,2]     0.942  0.403  0.100
p.fac1[42,2]     1.697  0.198 -1.081
p.fac1[43,2]    -1.740 -2.110 -0.121
p.fac1[44,2]     1.047 -0.737  1.010
p.fac1[45,2]     0.086  1.954 -0.535
p.fac1[46,2]    -0.678  0.053 -1.237
p.fac1[47,2]    -0.151 -1.611 -0.936
p.fac1[48,2]     0.687  0.234  0.059
p.fac1[49,2]    -0.969  1.729 -0.276
p.fac1[50,2]    -1.260  0.025  1.667
p.fac1[51,2]     0.307  1.659  0.203
p.fac1[52,2]    -2.110  1.705  1.443
p.fac1[53,2]     0.172  0.485  1.137
p.fac1[54,2]     0.507 -0.490 -0.490
p.fac1[55,2]    -0.694  0.350 -0.566
p.fac1[56,2]     0.597  0.100 -1.023
p.fac1[57,2]     2.574  0.180  0.693
p.fac1[58,2]     1.576  0.325  0.408
p.fac1[59,2]     0.232 -0.005 -0.233
p.fac1[60,2]    -0.560 -0.479 -0.430
p.fac1[61,2]    -0.111 -0.820 -0.368
p.fac1[62,2]     0.163  1.194  0.576
p.fac1[63,2]    -1.075 -1.361  0.514
p.fac1[64,2]     0.014  0.084  0.627
p.fac1[65,2]    -0.159 -0.364  0.611
p.fac1[66,2]     0.600 -0.867 -1.374
p.fac1[67,2]    -0.895  0.278  0.416
p.fac1[68,2]     0.027  0.293 -0.224
p.fac1[69,2]    -0.330 -1.447 -1.323
p.fac1[70,2]    -0.724 -0.189  0.869
p.fac1[71,2]     0.696 -0.435 -0.358
p.fac1[72,2]    -1.759  1.052 -1.151
p.fac1[73,2]    -0.323  1.323  0.782
p.fac1[74,2]     0.556 -0.039  0.995
p.fac1[75,2]    -1.154 -0.133  0.497
p.fac1[76,2]    -0.693 -0.440 -0.139
p.fac1[77,2]    -0.216 -0.323 -0.587
p.fac1[78,2]    -0.078  0.261  0.624
p.fac1[79,2]    -0.027 -1.734  1.687
p.fac1[80,2]    -1.530  0.113 -0.749
p.fac1[81,2]    -0.451 -0.188  0.126
p.fac1[82,2]     1.364 -0.868 -0.447
p.fac1[83,2]     0.531  1.038 -1.699
p.fac1[84,2]     0.293 -0.903 -0.846
p.fac1[85,2]    -1.129 -0.603  2.146
p.fac1[86,2]    -0.897  1.645 -0.035
p.fac1[87,2]    -1.014 -0.341  1.645
p.fac1[88,2]     0.002  2.470  0.281
p.fac1[89,2]    -0.042 -0.391 -0.283
p.fac1[90,2]    -1.632 -0.590  0.792
p.fac1[91,2]     0.693  1.637  0.980
p.fac1[92,2]     1.055  0.216  1.008
p.fac1[93,2]    -1.903  0.534 -0.229
p.fac1[94,2]     0.240 -0.022  0.531
p.fac1[95,2]     0.161  1.954 -0.262
p.fac1[96,2]    -0.495 -0.748  1.695
p.fac1[97,2]    -0.244  1.551 -0.414
p.fac1[98,2]    -0.895  1.339  0.677
p.fac1[99,2]     0.092 -0.870  0.333
p.fac1[100,2]    0.420  0.039 -0.106
p.fac1[101,2]    0.470 -0.592  0.042
p.fac1[102,2]    0.671  0.317  0.829
p.fac1[103,2]    0.348 -0.555  1.742
p.fac1[1,3]     -0.374  1.260 -1.287
p.fac1[2,3]     -0.687  0.560  0.548
p.fac1[3,3]     -0.190  0.646 -0.921
p.fac1[4,3]     -0.045  1.218 -0.597
p.fac1[5,3]     -1.380  0.492 -1.286
p.fac1[6,3]     -0.075  0.592 -0.083
p.fac1[7,3]     -2.530  1.134 -1.658
p.fac1[8,3]     -1.314  1.711 -0.643
p.fac1[9,3]     -0.094  0.419 -1.072
p.fac1[10,3]    -1.479  1.176 -0.532
p.fac1[11,3]     0.338  1.961 -1.919
p.fac1[12,3]     0.660 -1.521 -0.522
p.fac1[13,3]     0.402  0.799  0.666
p.fac1[14,3]    -0.594  1.488 -2.200
p.fac1[15,3]    -0.712 -0.819 -1.495
p.fac1[16,3]    -0.424  1.818 -1.433
p.fac1[17,3]     0.420 -0.400 -0.290
p.fac1[18,3]     0.229  0.148 -0.407
p.fac1[19,3]    -0.828 -0.320  0.198
p.fac1[20,3]    -0.104 -0.088 -2.085
p.fac1[21,3]    -0.197  0.625 -0.185
p.fac1[22,3]    -1.315  0.420 -1.056
p.fac1[23,3]    -0.240  0.645 -0.786
p.fac1[24,3]     1.145  0.394 -1.001
p.fac1[25,3]     0.268  1.558 -2.826
p.fac1[26,3]    -1.110  0.826 -1.481
p.fac1[27,3]     0.321 -0.317 -2.080
p.fac1[28,3]     0.320  1.142 -0.889
p.fac1[29,3]    -0.488  0.369 -1.988
p.fac1[30,3]    -0.241  1.464 -0.641
p.fac1[31,3]     0.375  0.496 -1.077
p.fac1[32,3]    -1.243  0.162 -0.114
p.fac1[33,3]     0.540 -2.305 -0.289
p.fac1[34,3]    -1.165  0.303 -1.038
p.fac1[35,3]    -1.351  0.942 -1.411
p.fac1[36,3]     0.864  0.760 -2.475
p.fac1[37,3]    -0.637 -0.468  0.003
p.fac1[38,3]    -0.824  2.650 -2.144
p.fac1[39,3]    -0.693  1.325  0.247
p.fac1[40,3]    -0.106  0.247  0.416
p.fac1[41,3]    -0.572  1.300 -1.460
p.fac1[42,3]     0.548 -0.291 -2.678
p.fac1[43,3]    -1.755  0.607  0.266
p.fac1[44,3]    -1.493  1.238  1.064
p.fac1[45,3]    -1.942  0.403  0.118
p.fac1[46,3]    -0.960  1.018 -0.636
p.fac1[47,3]    -0.531 -0.952 -0.672
p.fac1[48,3]     0.337  0.945 -0.077
p.fac1[49,3]    -0.087  0.309 -0.719
p.fac1[50,3]    -0.121  0.736  0.353
p.fac1[51,3]    -0.544 -0.468  1.528
p.fac1[52,3]    -1.205  2.182 -0.280
p.fac1[53,3]     0.878  0.175  1.172
p.fac1[54,3]    -0.286 -0.575  0.763
p.fac1[55,3]    -0.794 -0.151 -2.309
p.fac1[56,3]    -1.481  0.866 -0.931
p.fac1[57,3]    -1.517  1.423 -0.838
p.fac1[58,3]     0.306  0.874 -0.563
p.fac1[59,3]    -0.005  0.907 -1.263
p.fac1[60,3]     0.306  0.424 -2.200
p.fac1[61,3]    -0.059  0.098  0.016
p.fac1[62,3]     0.962  2.514  0.554
p.fac1[63,3]     0.369  0.786 -0.689
p.fac1[64,3]    -0.909  0.030  0.290
p.fac1[65,3]    -0.456  0.139 -0.960
p.fac1[66,3]    -0.862  0.159 -0.740
p.fac1[67,3]     1.007 -0.132 -0.594
p.fac1[68,3]    -0.386  0.296 -2.145
p.fac1[69,3]     0.742  0.069  0.851
p.fac1[70,3]    -0.471  1.139 -0.247
p.fac1[71,3]    -1.658  0.354 -0.627
p.fac1[72,3]    -0.088  1.031  0.002
p.fac1[73,3]    -0.115 -0.228 -0.106
p.fac1[74,3]     1.197  0.327  1.472
p.fac1[75,3]     0.548  1.095 -0.457
p.fac1[76,3]    -2.830 -0.994 -0.833
p.fac1[77,3]     0.253  0.863 -0.503
p.fac1[78,3]     0.641  0.685 -0.635
p.fac1[79,3]    -2.430  1.097 -0.353
p.fac1[80,3]     0.339 -0.521 -1.020
p.fac1[81,3]     2.072 -0.228 -1.101
p.fac1[82,3]     0.597  1.366 -0.526
p.fac1[83,3]    -0.484  1.137 -2.149
p.fac1[84,3]    -0.240 -0.569 -1.363
p.fac1[85,3]     0.394  0.835  0.353
p.fac1[86,3]    -1.295  0.637 -0.567
p.fac1[87,3]     0.439  0.997 -0.115
p.fac1[88,3]    -1.943  1.201  0.401
p.fac1[89,3]     0.058  0.600  1.268
p.fac1[90,3]     0.553  0.079 -1.613
p.fac1[91,3]     0.216  0.987  0.168
p.fac1[92,3]     0.401 -0.392  0.359
p.fac1[93,3]     0.069 -0.480 -0.801
p.fac1[94,3]    -0.936 -1.387 -0.572
p.fac1[95,3]     0.274  1.565 -1.850
p.fac1[96,3]     0.031  0.740 -0.161
p.fac1[97,3]     0.927  0.055 -0.865
p.fac1[98,3]     0.980  1.773 -0.745
p.fac1[99,3]    -0.712  1.106  0.245
p.fac1[100,3]    0.412  0.399 -1.954
p.fac1[101,3]    0.642  0.672  1.506
p.fac1[102,3]   -0.510 -0.110 -0.776
p.fac1[103,3]   -0.132  0.186 -0.475
p.global[1]      0.372 -1.431  1.378
p.global[2]      0.010  0.366 -0.290
p.global[3]     -0.374  1.260 -1.287
