
################################################################################
# Gelman-Rubin Diagnostic
################################################################################

Generally the Gelman diagnostic should be < 1.05


Out of 616 variables: 26 > 1.01

                      
4 > 1.05

                      
0 > 1.1


The worst variables are:

                Point est. Upper C.I.
p.fac1[101,2]     1.085244   1.183485
p.fac1[102,2]     1.073589   1.168144
loglik[102]       1.066373   1.164622
loglik[101]       1.053019   1.124604
ilr.fac1[102,2]   1.042148   1.096876
ilr.fac1[101,2]   1.038778   1.077310
p.fac1[102,3]     1.037905   1.096924
p.fac1[101,3]     1.031340   1.073436
p.fac1[8,2]       1.026015   1.042647
p.fac1[6,2]       1.022370   1.046128


And here are the Gelman diagnostics for all variables:

                Point est. Upper C.I.
deviance         1.0044369  1.0129194
ilr.fac1[1,1]          NaN        NaN
ilr.fac1[2,1]    0.9997789  1.0000719
ilr.fac1[3,1]    0.9998339  0.9999806
ilr.fac1[4,1]    1.0013791  1.0040728
ilr.fac1[5,1]    1.0003624  1.0015845
ilr.fac1[6,1]    1.0013296  1.0049031
ilr.fac1[7,1]    0.9998950  1.0000992
ilr.fac1[8,1]    1.0018105  1.0050337
ilr.fac1[9,1]    1.0000108  1.0003155
ilr.fac1[10,1]   1.0015231  1.0030240
ilr.fac1[11,1]   0.9996770  0.9996796
ilr.fac1[12,1]   1.0005344  1.0014573
ilr.fac1[13,1]   1.0010360  1.0043780
ilr.fac1[14,1]   1.0003893  1.0018516
ilr.fac1[15,1]   1.0000196  1.0001411
ilr.fac1[16,1]   0.9999952  1.0000175
ilr.fac1[17,1]   0.9997515  0.9999496
ilr.fac1[18,1]   1.0008180  1.0030566
ilr.fac1[19,1]   0.9998800  1.0001377
ilr.fac1[20,1]   1.0005174  1.0006365
ilr.fac1[21,1]   0.9998587  1.0002468
ilr.fac1[22,1]   1.0018150  1.0019415
ilr.fac1[23,1]   1.0012964  1.0036831
ilr.fac1[24,1]   1.0009073  1.0017401
ilr.fac1[25,1]   1.0003748  1.0020356
ilr.fac1[26,1]   1.0008615  1.0040512
ilr.fac1[27,1]   0.9998323  0.9998939
ilr.fac1[28,1]   0.9997074  0.9997490
ilr.fac1[29,1]   1.0001724  1.0007485
ilr.fac1[30,1]   1.0016648  1.0063305
ilr.fac1[31,1]   1.0025187  1.0086807
ilr.fac1[32,1]   1.0000518  1.0009056
ilr.fac1[33,1]   1.0000241  1.0001418
ilr.fac1[34,1]   1.0004920  1.0008697
ilr.fac1[35,1]   1.0002241  1.0010193
ilr.fac1[36,1]   1.0003530  1.0014351
ilr.fac1[37,1]   1.0002830  1.0014278
ilr.fac1[38,1]   1.0016227  1.0063690
ilr.fac1[39,1]   1.0042976  1.0058110
ilr.fac1[40,1]   1.0009752  1.0036600
ilr.fac1[41,1]   1.0006618  1.0009956
ilr.fac1[42,1]   1.0035561  1.0044445
ilr.fac1[43,1]   1.0009295  1.0040337
ilr.fac1[44,1]   1.0018800  1.0030376
ilr.fac1[45,1]   0.9999073  1.0003804
ilr.fac1[46,1]   1.0015084  1.0045320
ilr.fac1[47,1]   1.0050805  1.0112838
ilr.fac1[48,1]   0.9999610  1.0004068
ilr.fac1[49,1]   1.0047364  1.0131011
ilr.fac1[50,1]   0.9999835  1.0003653
ilr.fac1[51,1]   1.0009200  1.0024266
ilr.fac1[52,1]   1.0033212  1.0055816
ilr.fac1[53,1]   1.0007485  1.0029749
ilr.fac1[54,1]   1.0002923  1.0017659
ilr.fac1[55,1]   1.0020234  1.0081854
ilr.fac1[56,1]   1.0046875  1.0100339
ilr.fac1[57,1]   1.0006780  1.0016908
ilr.fac1[58,1]   1.0015839  1.0023756
ilr.fac1[59,1]   1.0076330  1.0145174
ilr.fac1[60,1]   1.0007968  1.0035791
ilr.fac1[61,1]   1.0035659  1.0075951
ilr.fac1[62,1]   1.0009954  1.0016341
ilr.fac1[63,1]   1.0009837  1.0040307
ilr.fac1[64,1]   1.0050437  1.0138410
ilr.fac1[65,1]   1.0007016  1.0027418
ilr.fac1[66,1]   1.0000743  1.0010847
ilr.fac1[67,1]   1.0007594  1.0036085
ilr.fac1[68,1]   1.0009352  1.0042474
ilr.fac1[69,1]   1.0012048  1.0033281
ilr.fac1[70,1]   1.0003738  1.0012855
ilr.fac1[71,1]   1.0017921  1.0030595
ilr.fac1[72,1]   1.0000981  1.0006708
ilr.fac1[73,1]   1.0006161  1.0017997
ilr.fac1[74,1]   0.9999426  1.0002580
ilr.fac1[75,1]   1.0006453  1.0012545
ilr.fac1[76,1]   1.0009346  1.0033075
ilr.fac1[77,1]   1.0018511  1.0072220
ilr.fac1[78,1]   1.0014322  1.0045833
ilr.fac1[79,1]   1.0005839  1.0015320
ilr.fac1[80,1]   1.0003771  1.0021206
ilr.fac1[81,1]   1.0007567  1.0034646
ilr.fac1[82,1]   1.0016775  1.0069798
ilr.fac1[83,1]   1.0007588  1.0010933
ilr.fac1[84,1]   1.0002494  1.0008585
ilr.fac1[85,1]   1.0004429  1.0009081
ilr.fac1[86,1]   1.0005740  1.0016839
ilr.fac1[87,1]   1.0012432  1.0033066
ilr.fac1[88,1]   1.0005267  1.0006933
ilr.fac1[89,1]   1.0016660  1.0022661
ilr.fac1[90,1]   1.0006484  1.0024587
ilr.fac1[91,1]   1.0006297  1.0016215
ilr.fac1[92,1]   1.0006889  1.0017535
ilr.fac1[93,1]   1.0018390  1.0063827
ilr.fac1[94,1]   0.9999542  1.0000061
ilr.fac1[95,1]   0.9999307  1.0003505
ilr.fac1[96,1]   1.0005997  1.0027096
ilr.fac1[97,1]   1.0002908  1.0017524
ilr.fac1[98,1]   1.0001903  1.0013710
ilr.fac1[99,1]   1.0047702  1.0171570
ilr.fac1[100,1]  1.0027076  1.0102120
ilr.fac1[101,1]  1.0164813  1.0425068
ilr.fac1[102,1]  1.0105292  1.0296374
ilr.fac1[1,2]          NaN        NaN
ilr.fac1[2,2]    1.0016757  1.0062065
ilr.fac1[3,2]    0.9998265  0.9999517
ilr.fac1[4,2]    1.0005606  1.0021833
ilr.fac1[5,2]    1.0000985  1.0011018
ilr.fac1[6,2]    1.0026205  1.0078935
ilr.fac1[7,2]    1.0002822  1.0006599
ilr.fac1[8,2]    1.0007264  1.0034554
ilr.fac1[9,2]    1.0012783  1.0052554
ilr.fac1[10,2]   0.9998110  0.9998947
ilr.fac1[11,2]   1.0011632  1.0042042
ilr.fac1[12,2]   1.0004242  1.0021689
ilr.fac1[13,2]   1.0003466  1.0021227
ilr.fac1[14,2]   1.0010303  1.0020656
ilr.fac1[15,2]   1.0002728  1.0010398
ilr.fac1[16,2]   1.0011373  1.0037241
ilr.fac1[17,2]   0.9998065  0.9998239
ilr.fac1[18,2]   1.0005997  1.0017013
ilr.fac1[19,2]   1.0000881  1.0008732
ilr.fac1[20,2]   0.9998527  1.0001134
ilr.fac1[21,2]   1.0002907  1.0005919
ilr.fac1[22,2]   1.0001058  1.0004451
ilr.fac1[23,2]   0.9997744  1.0000397
ilr.fac1[24,2]   1.0000337  1.0001009
ilr.fac1[25,2]   1.0002616  1.0012078
ilr.fac1[26,2]   1.0011113  1.0038482
ilr.fac1[27,2]   1.0012723  1.0028824
ilr.fac1[28,2]   1.0001302  1.0011443
ilr.fac1[29,2]   1.0005936  1.0020625
ilr.fac1[30,2]   1.0004214  1.0024268
ilr.fac1[31,2]   1.0001935  1.0007060
ilr.fac1[32,2]   1.0009629  1.0017553
ilr.fac1[33,2]   1.0004606  1.0013798
ilr.fac1[34,2]   1.0001749  1.0002316
ilr.fac1[35,2]   1.0009198  1.0011958
ilr.fac1[36,2]   1.0009299  1.0017508
ilr.fac1[37,2]   0.9997001  0.9997074
ilr.fac1[38,2]   0.9998364  0.9998481
ilr.fac1[39,2]   1.0000631  1.0005915
ilr.fac1[40,2]   1.0001872  1.0012238
ilr.fac1[41,2]   0.9997510  0.9999374
ilr.fac1[42,2]   0.9999850  1.0002483
ilr.fac1[43,2]   1.0007247  1.0016278
ilr.fac1[44,2]   0.9997872  1.0000866
ilr.fac1[45,2]   1.0002384  1.0014383
ilr.fac1[46,2]   1.0001657  1.0007291
ilr.fac1[47,2]   1.0003610  1.0006994
ilr.fac1[48,2]   1.0003067  1.0006260
ilr.fac1[49,2]   1.0004147  1.0011455
ilr.fac1[50,2]   1.0178327  1.0314241
ilr.fac1[51,2]   1.0030608  1.0118891
ilr.fac1[52,2]   1.0009753  1.0030890
ilr.fac1[53,2]   1.0002513  1.0017806
ilr.fac1[54,2]   1.0002672  1.0003468
ilr.fac1[55,2]   1.0015573  1.0041513
ilr.fac1[56,2]   1.0006580  1.0032896
ilr.fac1[57,2]   1.0006114  1.0021989
ilr.fac1[58,2]   1.0004631  1.0019947
ilr.fac1[59,2]   1.0003822  1.0009731
ilr.fac1[60,2]   1.0009977  1.0037778
ilr.fac1[61,2]   1.0027788  1.0106607
ilr.fac1[62,2]   1.0003526  1.0006503
ilr.fac1[63,2]   1.0008378  1.0020620
ilr.fac1[64,2]   0.9998690  0.9999222
ilr.fac1[65,2]   1.0005196  1.0026697
ilr.fac1[66,2]   1.0016231  1.0066146
ilr.fac1[67,2]   1.0017989  1.0045639
ilr.fac1[68,2]   1.0000125  1.0007350
ilr.fac1[69,2]   1.0004896  1.0016748
ilr.fac1[70,2]   1.0014114  1.0033515
ilr.fac1[71,2]   1.0009469  1.0040630
ilr.fac1[72,2]   1.0015846  1.0038854
ilr.fac1[73,2]   1.0016602  1.0037571
ilr.fac1[74,2]   1.0001762  1.0010051
ilr.fac1[75,2]   1.0009771  1.0013348
ilr.fac1[76,2]   1.0006021  1.0010749
ilr.fac1[77,2]   1.0061502  1.0117393
ilr.fac1[78,2]   1.0009882  1.0025969
ilr.fac1[79,2]   1.0004930  1.0022970
ilr.fac1[80,2]   0.9998435  0.9999700
ilr.fac1[81,2]   1.0002303  1.0005563
ilr.fac1[82,2]   1.0001407  1.0011348
ilr.fac1[83,2]   1.0010626  1.0011135
ilr.fac1[84,2]   1.0001700  1.0009724
ilr.fac1[85,2]   1.0002052  1.0004348
ilr.fac1[86,2]   1.0009848  1.0020312
ilr.fac1[87,2]   0.9998664  1.0001876
ilr.fac1[88,2]   0.9997965  0.9999141
ilr.fac1[89,2]   1.0000516  1.0007455
ilr.fac1[90,2]   1.0018894  1.0055157
ilr.fac1[91,2]   0.9997217  0.9997734
ilr.fac1[92,2]   1.0018038  1.0071852
ilr.fac1[93,2]   1.0018010  1.0071053
ilr.fac1[94,2]   1.0042942  1.0048509
ilr.fac1[95,2]   1.0002240  1.0008855
ilr.fac1[96,2]   0.9999932  1.0001192
ilr.fac1[97,2]   1.0012191  1.0046042
ilr.fac1[98,2]   1.0005941  1.0027040
ilr.fac1[99,2]   1.0116934  1.0158563
ilr.fac1[100,2]  1.0089532  1.0094326
ilr.fac1[101,2]  1.0387785  1.0773100
ilr.fac1[102,2]  1.0421476  1.0968756
loglik[1]        0.9998680  1.0000957
loglik[2]        1.0021649  1.0028425
loglik[3]        1.0002261  1.0006667
loglik[4]        1.0010406  1.0014388
loglik[5]        1.0005296  1.0017031
loglik[6]        1.0005316  1.0006789
loglik[7]        1.0008614  1.0020935
loglik[8]        1.0011014  1.0027259
loglik[9]        1.0001420  1.0004803
loglik[10]       1.0004998  1.0015249
loglik[11]       1.0003791  1.0010175
loglik[12]       1.0015929  1.0021027
loglik[13]       0.9999941  1.0001599
loglik[14]       0.9996820  0.9996878
loglik[15]       0.9998237  0.9998547
loglik[16]       1.0006858  1.0021529
loglik[17]       0.9998159  1.0001165
loglik[18]       1.0020838  1.0035053
loglik[19]       1.0015312  1.0047295
loglik[20]       1.0011910  1.0044534
loglik[21]       1.0002464  1.0017782
loglik[22]       1.0034174  1.0072011
loglik[23]       1.0024530  1.0045039
loglik[24]       1.0008532  1.0012942
loglik[25]       1.0007490  1.0030264
loglik[26]       1.0003555  1.0014982
loglik[27]       1.0016896  1.0017120
loglik[28]       0.9999673  1.0001259
loglik[29]       1.0014720  1.0039144
loglik[30]       0.9997419  0.9997998
loglik[31]       1.0004139  1.0021006
loglik[32]       1.0003171  1.0003434
loglik[33]       1.0007714  1.0033601
loglik[34]       1.0007005  1.0027238
loglik[35]       1.0009592  1.0021859
loglik[36]       1.0013007  1.0029915
loglik[37]       1.0000047  1.0006141
loglik[38]       1.0011968  1.0016832
loglik[39]       1.0004507  1.0024783
loglik[40]       1.0006493  1.0029867
loglik[41]       1.0001282  1.0005190
loglik[42]       1.0011028  1.0023834
loglik[43]       1.0009426  1.0013653
loglik[44]       1.0035435  1.0114479
loglik[45]       1.0005294  1.0018344
loglik[46]       1.0006480  1.0020822
loglik[47]       0.9999677  1.0004033
loglik[48]       1.0011525  1.0017953
loglik[49]       1.0004961  1.0008497
loglik[50]       1.0039525  1.0061550
loglik[51]       1.0092755  1.0313715
loglik[52]       1.0018627  1.0076257
loglik[53]       1.0041191  1.0142764
loglik[54]       1.0006531  1.0022703
loglik[55]       1.0021487  1.0087071
loglik[56]       1.0017855  1.0066651
loglik[57]       1.0010230  1.0017839
loglik[58]       1.0027421  1.0098508
loglik[59]       1.0000631  1.0006729
loglik[60]       1.0022895  1.0091366
loglik[61]       1.0047899  1.0166115
loglik[62]       1.0041839  1.0141906
loglik[63]       1.0014136  1.0058274
loglik[64]       1.0031043  1.0076619
loglik[65]       1.0000408  1.0008505
loglik[66]       0.9998678  1.0000853
loglik[67]       1.0017266  1.0062294
loglik[68]       1.0018979  1.0075953
loglik[69]       1.0023956  1.0072720
loglik[70]       1.0019923  1.0027038
loglik[71]       1.0018283  1.0039130
loglik[72]       1.0030033  1.0035640
loglik[73]       1.0015920  1.0017972
loglik[74]       1.0002794  1.0016817
loglik[75]       1.0014309  1.0026091
loglik[76]       1.0007831  1.0034382
loglik[77]       1.0009777  1.0020902
loglik[78]       1.0028970  1.0052522
loglik[79]       1.0026066  1.0062743
loglik[80]       1.0009120  1.0032240
loglik[81]       1.0005047  1.0013104
loglik[82]       1.0001938  1.0013293
loglik[83]       1.0003531  1.0010185
loglik[84]       1.0021215  1.0026084
loglik[85]       1.0010708  1.0033578
loglik[86]       1.0021350  1.0054436
loglik[87]       1.0030674  1.0062878
loglik[88]       1.0007669  1.0036006
loglik[89]       1.0012403  1.0014871
loglik[90]       1.0015275  1.0044613
loglik[91]       1.0002241  1.0008827
loglik[92]       1.0019038  1.0043439
loglik[93]       0.9998994  0.9999978
loglik[94]       1.0049230  1.0055022
loglik[95]       1.0018563  1.0027262
loglik[96]       1.0019969  1.0037982
loglik[97]       1.0014822  1.0024253
loglik[98]       1.0005121  1.0009506
loglik[99]       1.0075505  1.0096630
loglik[100]      1.0050959  1.0065408
loglik[101]      1.0530187  1.1246038
loglik[102]      1.0663730  1.1646217
p.fac1[1,1]      1.0002141  1.0015946
p.fac1[2,1]      1.0018610  1.0041145
p.fac1[3,1]      1.0001257  1.0002750
p.fac1[4,1]      1.0007985  1.0020780
p.fac1[5,1]      1.0000206  1.0002164
p.fac1[6,1]      1.0005080  1.0008522
p.fac1[7,1]      0.9998771  1.0000125
p.fac1[8,1]      1.0004839  1.0018475
p.fac1[9,1]      1.0001463  1.0007751
p.fac1[10,1]     1.0003082  1.0014693
p.fac1[11,1]     0.9999333  1.0004696
p.fac1[12,1]     1.0009453  1.0015181
p.fac1[13,1]     1.0009773  1.0027086
p.fac1[14,1]     0.9999814  1.0003337
p.fac1[15,1]     0.9997334  0.9998987
p.fac1[16,1]     1.0055338  1.0091615
p.fac1[17,1]     0.9999949  1.0002634
p.fac1[18,1]     1.0031285  1.0052296
p.fac1[19,1]     0.9999931  1.0000259
p.fac1[20,1]     1.0007322  1.0010154
p.fac1[21,1]     0.9998446  1.0001118
p.fac1[22,1]     1.0004646  1.0005528
p.fac1[23,1]     1.0013608  1.0034734
p.fac1[24,1]     0.9999271  1.0005098
p.fac1[25,1]     0.9999187  1.0003869
p.fac1[26,1]     1.0005303  1.0028262
p.fac1[27,1]     0.9999787  1.0000439
p.fac1[28,1]     0.9997959  1.0000921
p.fac1[29,1]     0.9998050  1.0001762
p.fac1[30,1]     1.0009663  1.0044029
p.fac1[31,1]     1.0028916  1.0097539
p.fac1[32,1]     1.0001915  1.0004160
p.fac1[33,1]     0.9998439  0.9999662
p.fac1[34,1]     1.0004894  1.0012963
p.fac1[35,1]     1.0003888  1.0011495
p.fac1[36,1]     1.0009975  1.0014761
p.fac1[37,1]     0.9999641  1.0006971
p.fac1[38,1]     1.0016901  1.0067958
p.fac1[39,1]     1.0014920  1.0036074
p.fac1[40,1]     1.0002469  1.0013118
p.fac1[41,1]     0.9997730  0.9998822
p.fac1[42,1]     1.0002675  1.0017511
p.fac1[43,1]     1.0017433  1.0068872
p.fac1[44,1]     1.0010708  1.0032715
p.fac1[45,1]     0.9999024  1.0004076
p.fac1[46,1]     1.0014060  1.0053848
p.fac1[47,1]     1.0020654  1.0062468
p.fac1[48,1]     0.9998500  1.0002970
p.fac1[49,1]     1.0028894  1.0102566
p.fac1[50,1]     1.0034659  1.0057822
p.fac1[51,1]     1.0004725  1.0007849
p.fac1[52,1]     1.0030755  1.0083264
p.fac1[53,1]     1.0001906  1.0004987
p.fac1[54,1]     1.0005280  1.0024129
p.fac1[55,1]     1.0006874  1.0032645
p.fac1[56,1]     1.0036372  1.0109962
p.fac1[57,1]     1.0005507  1.0026899
p.fac1[58,1]     1.0008857  1.0026093
p.fac1[59,1]     1.0030833  1.0090963
p.fac1[60,1]     1.0000192  1.0009164
p.fac1[61,1]     1.0039721  1.0119065
p.fac1[62,1]     1.0005988  1.0020061
p.fac1[63,1]     1.0022945  1.0073613
p.fac1[64,1]     1.0030480  1.0097433
p.fac1[65,1]     1.0003634  1.0014382
p.fac1[66,1]     1.0009713  1.0043108
p.fac1[67,1]     1.0011879  1.0042491
p.fac1[68,1]     1.0012867  1.0046834
p.fac1[69,1]     1.0014600  1.0057818
p.fac1[70,1]     1.0002095  1.0013876
p.fac1[71,1]     1.0008319  1.0036901
p.fac1[72,1]     1.0011714  1.0040414
p.fac1[73,1]     1.0001051  1.0012114
p.fac1[74,1]     0.9998895  1.0004769
p.fac1[75,1]     1.0003253  1.0013335
p.fac1[76,1]     1.0010472  1.0045992
p.fac1[77,1]     1.0030265  1.0113081
p.fac1[78,1]     1.0012323  1.0050735
p.fac1[79,1]     1.0005625  1.0015772
p.fac1[80,1]     1.0003941  1.0020769
p.fac1[81,1]     1.0007789  1.0036614
p.fac1[82,1]     1.0017164  1.0071180
p.fac1[83,1]     1.0001121  1.0005610
p.fac1[84,1]     1.0001204  1.0012938
p.fac1[85,1]     1.0001410  1.0008062
p.fac1[86,1]     1.0001986  1.0011963
p.fac1[87,1]     1.0008157  1.0028339
p.fac1[88,1]     0.9998711  1.0001824
p.fac1[89,1]     0.9998579  1.0001781
p.fac1[90,1]     1.0012765  1.0033543
p.fac1[91,1]     1.0004870  1.0021690
p.fac1[92,1]     1.0022689  1.0042330
p.fac1[93,1]     1.0011749  1.0051835
p.fac1[94,1]     1.0000620  1.0003631
p.fac1[95,1]     0.9999336  1.0000796
p.fac1[96,1]     1.0011672  1.0048690
p.fac1[97,1]     1.0001177  1.0012672
p.fac1[98,1]     0.9999250  1.0005727
p.fac1[99,1]     1.0023974  1.0085149
p.fac1[100,1]    1.0026630  1.0078606
p.fac1[101,1]    1.0045144  1.0051030
p.fac1[102,1]    1.0065282  1.0087512
p.fac1[1,2]      1.0043243  1.0146511
p.fac1[2,2]      1.0006884  1.0028268
p.fac1[3,2]      1.0062888  1.0079745
p.fac1[4,2]      1.0003340  1.0016084
p.fac1[5,2]      1.0162406  1.0247402
p.fac1[6,2]      1.0223702  1.0461282
p.fac1[7,2]      1.0102757  1.0149914
p.fac1[8,2]      1.0260148  1.0426471
p.fac1[9,2]      1.0001863  1.0006897
p.fac1[10,2]     1.0006410  1.0014594
p.fac1[11,2]     1.0002020  1.0010391
p.fac1[12,2]     1.0023406  1.0039334
p.fac1[13,2]     1.0002712  1.0011646
p.fac1[14,2]     0.9997380  0.9998807
p.fac1[15,2]     0.9999206  1.0000843
p.fac1[16,2]     1.0029842  1.0040992
p.fac1[17,2]     1.0005867  1.0019544
p.fac1[18,2]     1.0027866  1.0033847
p.fac1[19,2]     0.9998901  0.9999417
p.fac1[20,2]     1.0001585  1.0007724
p.fac1[21,2]     0.9996686  0.9996707
p.fac1[22,2]     1.0025873  1.0041550
p.fac1[23,2]     1.0020933  1.0049461
p.fac1[24,2]     1.0104790  1.0184333
p.fac1[25,2]     1.0016470  1.0055399
p.fac1[26,2]     1.0004919  1.0024363
p.fac1[27,2]     1.0003067  1.0010858
p.fac1[28,2]     0.9999967  1.0005849
p.fac1[29,2]     1.0000862  1.0009186
p.fac1[30,2]     1.0005569  1.0020864
p.fac1[31,2]     1.0012200  1.0052466
p.fac1[32,2]     1.0205963  1.0407961
p.fac1[33,2]     1.0002543  1.0015136
p.fac1[34,2]     1.0006273  1.0023662
p.fac1[35,2]     1.0002792  1.0005027
p.fac1[36,2]     1.0005617  1.0014619
p.fac1[37,2]     1.0003101  1.0010187
p.fac1[38,2]     1.0089432  1.0262298
p.fac1[39,2]     1.0089520  1.0164188
p.fac1[40,2]     1.0013155  1.0037920
p.fac1[41,2]     1.0048915  1.0087666
p.fac1[42,2]     1.0101056  1.0198405
p.fac1[43,2]     1.0005240  1.0017175
p.fac1[44,2]     1.0034958  1.0086007
p.fac1[45,2]     0.9997462  0.9999249
p.fac1[46,2]     1.0078323  1.0207919
p.fac1[47,2]     1.0187730  1.0386416
p.fac1[48,2]     1.0024167  1.0071648
p.fac1[49,2]     1.0137523  1.0394847
p.fac1[50,2]     1.0052768  1.0156138
p.fac1[51,2]     1.0005220  1.0017409
p.fac1[52,2]     1.0048040  1.0098848
p.fac1[53,2]     1.0000895  1.0003386
p.fac1[54,2]     0.9997623  0.9998762
p.fac1[55,2]     1.0010800  1.0047584
p.fac1[56,2]     1.0041965  1.0127508
p.fac1[57,2]     1.0040039  1.0111232
p.fac1[58,2]     1.0011192  1.0039548
p.fac1[59,2]     1.0142947  1.0321005
p.fac1[60,2]     1.0001994  1.0009471
p.fac1[61,2]     1.0045410  1.0099109
p.fac1[62,2]     1.0002758  1.0018611
p.fac1[63,2]     1.0005290  1.0020432
p.fac1[64,2]     1.0166810  1.0429918
p.fac1[65,2]     1.0002860  1.0018875
p.fac1[66,2]     1.0004633  1.0019607
p.fac1[67,2]     0.9999796  1.0002476
p.fac1[68,2]     1.0004997  1.0015849
p.fac1[69,2]     1.0025362  1.0087576
p.fac1[70,2]     1.0004069  1.0010810
p.fac1[71,2]     1.0005278  1.0021171
p.fac1[72,2]     0.9997905  0.9999715
p.fac1[73,2]     1.0013278  1.0037836
p.fac1[74,2]     1.0005695  1.0026811
p.fac1[75,2]     0.9998198  0.9999264
p.fac1[76,2]     0.9999982  1.0006381
p.fac1[77,2]     0.9998006  0.9999530
p.fac1[78,2]     1.0010930  1.0028801
p.fac1[79,2]     1.0005778  1.0015150
p.fac1[80,2]     0.9997970  0.9998836
p.fac1[81,2]     1.0005876  1.0020800
p.fac1[82,2]     1.0000110  1.0008718
p.fac1[83,2]     0.9999730  1.0001613
p.fac1[84,2]     1.0002558  1.0014123
p.fac1[85,2]     0.9999800  1.0001668
p.fac1[86,2]     1.0001150  1.0006460
p.fac1[87,2]     1.0004368  1.0018668
p.fac1[88,2]     1.0028424  1.0043281
p.fac1[89,2]     1.0047135  1.0069350
p.fac1[90,2]     1.0030727  1.0074832
p.fac1[91,2]     1.0020710  1.0057262
p.fac1[92,2]     1.0030417  1.0056534
p.fac1[93,2]     1.0024378  1.0085436
p.fac1[94,2]     1.0000099  1.0008854
p.fac1[95,2]     0.9999996  1.0007710
p.fac1[96,2]     1.0002086  1.0013180
p.fac1[97,2]     1.0006220  1.0028565
p.fac1[98,2]     1.0000391  1.0008783
p.fac1[99,2]     1.0177452  1.0375241
p.fac1[100,2]    1.0102450  1.0204298
p.fac1[101,2]    1.0852438  1.1834846
p.fac1[102,2]    1.0735887  1.1681436
p.fac1[1,3]      1.0091877  1.0295016
p.fac1[2,3]      1.0065918  1.0131475
p.fac1[3,3]      1.0092939  1.0110970
p.fac1[4,3]      1.0024244  1.0032547
p.fac1[5,3]      1.0009926  1.0035842
p.fac1[6,3]      1.0052248  1.0137684
p.fac1[7,3]      1.0013504  1.0040368
p.fac1[8,3]      1.0021462  1.0055532
p.fac1[9,3]      1.0018586  1.0019823
p.fac1[10,3]     1.0016164  1.0034322
p.fac1[11,3]     1.0029541  1.0065150
p.fac1[12,3]     1.0030768  1.0080354
p.fac1[13,3]     1.0023929  1.0032480
p.fac1[14,3]     1.0001804  1.0003469
p.fac1[15,3]     1.0003262  1.0018227
p.fac1[16,3]     1.0170343  1.0301505
p.fac1[17,3]     1.0022725  1.0036417
p.fac1[18,3]     1.0019385  1.0044791
p.fac1[19,3]     0.9996968  0.9997071
p.fac1[20,3]     1.0003939  1.0021785
p.fac1[21,3]     0.9999874  1.0006338
p.fac1[22,3]     1.0009119  1.0020460
p.fac1[23,3]     1.0007120  1.0014436
p.fac1[24,3]     1.0010346  1.0022076
p.fac1[25,3]     1.0012194  1.0042807
p.fac1[26,3]     1.0001927  1.0015887
p.fac1[27,3]     1.0010170  1.0040205
p.fac1[28,3]     1.0008939  1.0041607
p.fac1[29,3]     1.0006692  1.0028155
p.fac1[30,3]     1.0009976  1.0033877
p.fac1[31,3]     1.0004752  1.0011235
p.fac1[32,3]     1.0045418  1.0102299
p.fac1[33,3]     1.0028867  1.0051903
p.fac1[34,3]     1.0000890  1.0006930
p.fac1[35,3]     1.0010535  1.0027245
p.fac1[36,3]     1.0005906  1.0006723
p.fac1[37,3]     1.0012089  1.0032617
p.fac1[38,3]     1.0040877  1.0062013
p.fac1[39,3]     1.0009492  1.0020926
p.fac1[40,3]     1.0019498  1.0033900
p.fac1[41,3]     1.0020875  1.0042527
p.fac1[42,3]     1.0025802  1.0061047
p.fac1[43,3]     1.0023762  1.0044088
p.fac1[44,3]     1.0005788  1.0014054
p.fac1[45,3]     1.0003280  1.0008309
p.fac1[46,3]     1.0059417  1.0081900
p.fac1[47,3]     1.0017642  1.0047615
p.fac1[48,3]     1.0046059  1.0075561
p.fac1[49,3]     1.0047337  1.0109776
p.fac1[50,3]     1.0081351  1.0230248
p.fac1[51,3]     1.0009893  1.0038641
p.fac1[52,3]     0.9998892  1.0000264
p.fac1[53,3]     1.0000432  1.0003616
p.fac1[54,3]     1.0001887  1.0011504
p.fac1[55,3]     1.0017024  1.0038944
p.fac1[56,3]     1.0012163  1.0027031
p.fac1[57,3]     1.0023496  1.0036409
p.fac1[58,3]     1.0004829  1.0009722
p.fac1[59,3]     1.0015628  1.0038945
p.fac1[60,3]     0.9999584  1.0001917
p.fac1[61,3]     1.0005575  1.0020329
p.fac1[62,3]     1.0012115  1.0027406
p.fac1[63,3]     1.0013729  1.0059285
p.fac1[64,3]     1.0038878  1.0077145
p.fac1[65,3]     0.9999210  1.0004228
p.fac1[66,3]     1.0003926  1.0011252
p.fac1[67,3]     1.0011919  1.0051238
p.fac1[68,3]     1.0007049  1.0027338
p.fac1[69,3]     1.0010731  1.0021275
p.fac1[70,3]     1.0002237  1.0011924
p.fac1[71,3]     1.0005220  1.0008797
p.fac1[72,3]     1.0012283  1.0053840
p.fac1[73,3]     1.0003020  1.0015108
p.fac1[74,3]     1.0007386  1.0035917
p.fac1[75,3]     1.0002029  1.0012837
p.fac1[76,3]     1.0008522  1.0038723
p.fac1[77,3]     1.0018749  1.0068830
p.fac1[78,3]     1.0000017  1.0002927
p.fac1[79,3]     0.9998128  1.0001159
p.fac1[80,3]     1.0006524  1.0022196
p.fac1[81,3]     1.0010966  1.0020010
p.fac1[82,3]     1.0005648  1.0021793
p.fac1[83,3]     1.0000795  1.0000919
p.fac1[84,3]     1.0006057  1.0028112
p.fac1[85,3]     1.0002032  1.0010453
p.fac1[86,3]     1.0005194  1.0007065
p.fac1[87,3]     1.0030485  1.0080585
p.fac1[88,3]     1.0023676  1.0043652
p.fac1[89,3]     1.0025080  1.0059445
p.fac1[90,3]     1.0047354  1.0099547
p.fac1[91,3]     1.0010788  1.0027007
p.fac1[92,3]     1.0010662  1.0030410
p.fac1[93,3]     1.0014100  1.0058554
p.fac1[94,3]     1.0005875  1.0013370
p.fac1[95,3]     1.0003235  1.0010934
p.fac1[96,3]     1.0005828  1.0020978
p.fac1[97,3]     1.0016085  1.0059209
p.fac1[98,3]     1.0001520  1.0012505
p.fac1[99,3]     1.0060485  1.0095358
p.fac1[100,3]    1.0047790  1.0056089
p.fac1[101,3]    1.0313403  1.0734357
p.fac1[102,3]    1.0379055  1.0969238
p.global[1]      1.0002141  1.0015946
p.global[2]      1.0043243  1.0146511
p.global[3]      1.0091877  1.0295016

################################################################################
# Geweke Diagnostic
################################################################################

The Geweke diagnostic is a standard z-score, so we'd expect 5% to be outside +/-1.96
Number of variables outside +/-1.96 in each chain (out of 
616
):


       Chain 1 Chain 2 Chain 3
Geweke      19      31      66


And here are the Geweke diagnostics for all variables:

                chain1 chain2 chain3
deviance        -0.576 -0.678  3.371
ilr.fac1[2,1]   -0.764  1.103 -0.395
ilr.fac1[3,1]    0.785  0.107 -2.185
ilr.fac1[4,1]    1.125  0.014 -2.047
ilr.fac1[5,1]   -1.194 -0.248  1.090
ilr.fac1[6,1]   -1.207  0.599  0.378
ilr.fac1[7,1]   -0.681 -0.945 -2.439
ilr.fac1[8,1]   -1.174 -0.426 -0.027
ilr.fac1[9,1]    0.044  0.173 -1.891
ilr.fac1[10,1]   0.291 -1.788 -0.587
ilr.fac1[11,1]   0.556 -0.073  0.031
ilr.fac1[12,1]   0.680 -1.234 -0.738
ilr.fac1[13,1]  -0.538 -0.388 -1.072
ilr.fac1[14,1]   0.556 -0.412 -0.466
ilr.fac1[15,1]   0.336 -1.178  1.058
ilr.fac1[16,1]   0.090 -0.651 -0.061
ilr.fac1[17,1]  -1.051 -1.643 -1.237
ilr.fac1[18,1]   1.400  0.657 -0.494
ilr.fac1[19,1]  -0.260 -1.686 -1.113
ilr.fac1[20,1]   1.206 -1.627  2.157
ilr.fac1[21,1]  -2.609  0.852  0.219
ilr.fac1[22,1]  -0.021 -0.342 -0.334
ilr.fac1[23,1]   0.350 -0.252 -0.479
ilr.fac1[24,1]  -1.345  1.382 -1.731
ilr.fac1[25,1]   1.679 -0.242  1.860
ilr.fac1[26,1]   0.655  1.271  0.949
ilr.fac1[27,1]  -0.302  0.152  2.311
ilr.fac1[28,1]   1.138  1.188  1.142
ilr.fac1[29,1]   0.242 -1.901  1.540
ilr.fac1[30,1]  -0.766  1.374 -0.540
ilr.fac1[31,1]  -0.097 -0.550  1.341
ilr.fac1[32,1]  -0.899  0.230 -1.128
ilr.fac1[33,1]   0.678 -0.277 -0.458
ilr.fac1[34,1]   0.691 -0.334  0.829
ilr.fac1[35,1]  -0.315 -0.548  0.083
ilr.fac1[36,1]   0.628  0.141 -0.054
ilr.fac1[37,1]  -1.305  1.756  0.035
ilr.fac1[38,1]  -0.383 -0.238 -0.984
ilr.fac1[39,1]  -0.107  0.379 -1.304
ilr.fac1[40,1]   0.316  0.216 -3.448
ilr.fac1[41,1]   0.958  0.319 -2.217
ilr.fac1[42,1]  -0.709 -0.302 -0.625
ilr.fac1[43,1]   0.099 -2.841 -0.502
ilr.fac1[44,1]  -0.536 -1.292  1.075
ilr.fac1[45,1]  -0.058 -1.965  1.667
ilr.fac1[46,1]   0.694 -1.596 -1.954
ilr.fac1[47,1]   0.146  1.654  0.356
ilr.fac1[48,1]  -0.174 -0.538  2.494
ilr.fac1[49,1]  -1.147  0.659 -0.545
ilr.fac1[50,1]   0.943  1.693 -0.205
ilr.fac1[51,1]  -0.764  1.662  0.188
ilr.fac1[52,1]  -0.419 -1.000 -1.307
ilr.fac1[53,1]  -0.927 -0.244 -0.506
ilr.fac1[54,1]  -0.367  0.740  1.657
ilr.fac1[55,1]   1.904  1.638  0.611
ilr.fac1[56,1]  -0.596 -1.091 -1.313
ilr.fac1[57,1]   2.513 -0.164 -3.751
ilr.fac1[58,1]   0.033  0.221  1.487
ilr.fac1[59,1]   2.859 -0.726 -1.348
ilr.fac1[60,1]  -0.119 -0.036 -0.589
ilr.fac1[61,1]   0.856  0.558  0.010
ilr.fac1[62,1]   0.613 -0.799  0.240
ilr.fac1[63,1]   0.683 -0.436  2.520
ilr.fac1[64,1]  -0.383 -0.521 -1.210
ilr.fac1[65,1]   0.540 -1.364 -0.594
ilr.fac1[66,1]  -0.847 -0.837  0.306
ilr.fac1[67,1]  -1.022 -0.768  0.771
ilr.fac1[68,1]  -0.174  0.139 -0.211
ilr.fac1[69,1]  -1.243 -1.064 -0.333
ilr.fac1[70,1]  -0.307 -0.279 -0.149
ilr.fac1[71,1]  -1.449  0.770 -0.247
ilr.fac1[72,1]  -0.954 -1.053  0.755
ilr.fac1[73,1]  -0.026 -0.410 -0.870
ilr.fac1[74,1]   0.532  0.527  2.199
ilr.fac1[75,1]   0.657 -0.010  0.898
ilr.fac1[76,1]   1.072  0.590 -0.107
ilr.fac1[77,1]  -0.178  0.321 -1.514
ilr.fac1[78,1]  -0.680 -0.214 -0.622
ilr.fac1[79,1]   1.581 -1.636  1.323
ilr.fac1[80,1]  -0.230 -1.087  1.895
ilr.fac1[81,1]  -1.099 -0.954  0.352
ilr.fac1[82,1]  -0.316  0.635  0.321
ilr.fac1[83,1]  -0.671 -1.401 -1.485
ilr.fac1[84,1]  -0.470 -2.208 -2.784
ilr.fac1[85,1]  -0.026 -0.526  0.642
ilr.fac1[86,1]   2.018 -0.105  2.133
ilr.fac1[87,1]   1.347  2.824 -0.681
ilr.fac1[88,1]   0.905 -0.104  0.421
ilr.fac1[89,1]   0.167  0.258  0.306
ilr.fac1[90,1]   0.411 -0.398  1.262
ilr.fac1[91,1]  -0.265 -0.703 -0.840
ilr.fac1[92,1]  -0.987 -0.940  0.692
ilr.fac1[93,1]   0.608  0.222  0.447
ilr.fac1[94,1]   0.337 -0.049 -1.576
ilr.fac1[95,1]   0.818  1.216 -0.815
ilr.fac1[96,1]   1.372 -0.557  1.190
ilr.fac1[97,1]   0.410 -0.087  0.517
ilr.fac1[98,1]  -0.855  1.021  1.824
ilr.fac1[99,1]   0.045 -2.194 -2.015
ilr.fac1[100,1] -0.274  1.804  0.038
ilr.fac1[101,1]  1.025  0.679 -1.624
ilr.fac1[102,1]  1.068 -0.387 -1.733
ilr.fac1[2,2]    1.295 -1.219  0.758
ilr.fac1[3,2]    0.405 -0.217  0.669
ilr.fac1[4,2]   -1.391  0.065  0.075
ilr.fac1[5,2]   -1.259  0.898 -0.298
ilr.fac1[6,2]    0.917  0.825 -0.140
ilr.fac1[7,2]   -1.119  0.170 -0.892
ilr.fac1[8,2]   -0.179 -0.161 -0.216
ilr.fac1[9,2]   -1.074 -0.991  1.357
ilr.fac1[10,2]  -0.614  0.766  0.517
ilr.fac1[11,2]  -0.553  0.313  0.409
ilr.fac1[12,2]  -0.199  2.729  0.897
ilr.fac1[13,2]  -0.021  1.223  0.378
ilr.fac1[14,2]   1.283 -0.432  0.974
ilr.fac1[15,2]  -0.549  0.324 -1.002
ilr.fac1[16,2]  -0.968  0.980 -1.184
ilr.fac1[17,2]   1.005  2.282  0.579
ilr.fac1[18,2]  -0.990 -0.753  0.838
ilr.fac1[19,2]  -1.036 -0.513  0.749
ilr.fac1[20,2]   0.572  0.991 -1.001
ilr.fac1[21,2]   1.541  0.025  1.110
ilr.fac1[22,2]  -1.083 -2.232 -0.215
ilr.fac1[23,2]   1.167  0.192  0.673
ilr.fac1[24,2]  -0.032 -1.622 -0.628
ilr.fac1[25,2]  -1.929  0.097 -3.160
ilr.fac1[26,2]  -0.781 -2.077 -0.446
ilr.fac1[27,2]  -0.878  0.586 -2.262
ilr.fac1[28,2]  -0.096 -1.027 -1.856
ilr.fac1[29,2]  -0.147  1.659 -0.283
ilr.fac1[30,2]  -0.172 -0.928  0.624
ilr.fac1[31,2]   0.253  0.668 -0.252
ilr.fac1[32,2]  -0.898  0.108 -0.972
ilr.fac1[33,2]  -0.647  0.664 -0.118
ilr.fac1[34,2]  -0.511  1.697 -0.599
ilr.fac1[35,2]   0.246  2.311 -0.825
ilr.fac1[36,2]  -0.691 -0.490  0.216
ilr.fac1[37,2]   0.031  0.473 -2.380
ilr.fac1[38,2]  -1.135 -0.160 -1.586
ilr.fac1[39,2]  -0.541  0.325 -0.082
ilr.fac1[40,2]   0.645 -0.973 -0.139
ilr.fac1[41,2]  -0.719  0.702  0.467
ilr.fac1[42,2]  -0.200 -1.991 -0.287
ilr.fac1[43,2]   0.193  1.021  2.011
ilr.fac1[44,2]  -1.234  1.899 -0.320
ilr.fac1[45,2]   0.217  1.328 -1.236
ilr.fac1[46,2]   0.809  0.736 -0.935
ilr.fac1[47,2]  -0.285 -1.144 -1.250
ilr.fac1[48,2]   1.037  1.351 -0.420
ilr.fac1[49,2]   0.604  0.511 -1.817
ilr.fac1[50,2]  -0.735  0.120  2.887
ilr.fac1[51,2]  -1.528  0.123 -0.288
ilr.fac1[52,2]   0.221  0.271 -1.276
ilr.fac1[53,2]   0.504 -1.346  0.445
ilr.fac1[54,2]  -0.558 -1.283  1.181
ilr.fac1[55,2]  -0.644  0.435  0.607
ilr.fac1[56,2]   0.707 -1.809 -0.523
ilr.fac1[57,2]  -0.012 -0.055 -0.825
ilr.fac1[58,2]   0.172 -2.582 -0.188
ilr.fac1[59,2]   0.846  1.063 -2.295
ilr.fac1[60,2]  -0.082 -0.625  0.468
ilr.fac1[61,2]   0.627 -3.528 -0.225
ilr.fac1[62,2]   1.134  0.481 -0.595
ilr.fac1[63,2]  -0.758 -0.024  0.406
ilr.fac1[64,2]   0.583  0.795 -0.776
ilr.fac1[65,2]  -0.747  0.776  0.392
ilr.fac1[66,2]  -0.449  0.964  0.942
ilr.fac1[67,2]   0.472 -1.462  0.641
ilr.fac1[68,2]   0.574 -0.133  0.864
ilr.fac1[69,2]  -0.395 -1.301 -0.276
ilr.fac1[70,2]  -0.799  1.062 -0.213
ilr.fac1[71,2]  -0.652  0.085 -1.352
ilr.fac1[72,2]   0.228 -0.471 -0.135
ilr.fac1[73,2]  -1.818  0.002  0.822
ilr.fac1[74,2]  -0.721  0.272 -0.832
ilr.fac1[75,2]   1.174 -0.790 -0.001
ilr.fac1[76,2]  -0.840  0.216  1.461
ilr.fac1[77,2]   0.402  0.113  3.482
ilr.fac1[78,2]   0.605  1.237  1.468
ilr.fac1[79,2]  -0.476  1.608 -0.902
ilr.fac1[80,2]   1.586 -0.462 -0.860
ilr.fac1[81,2]  -0.234  0.364 -0.564
ilr.fac1[82,2]   0.728 -0.092 -1.100
ilr.fac1[83,2]   1.341 -0.083  1.313
ilr.fac1[84,2]  -0.046 -0.026  2.417
ilr.fac1[85,2]  -1.818 -0.368 -1.157
ilr.fac1[86,2]  -0.416  0.462 -1.065
ilr.fac1[87,2]   1.103  0.350 -0.804
ilr.fac1[88,2]  -0.201 -0.760 -1.218
ilr.fac1[89,2]   0.369  0.018  0.007
ilr.fac1[90,2]   0.738  0.115 -1.480
ilr.fac1[91,2]   1.671 -0.757  0.440
ilr.fac1[92,2]  -1.130 -0.393  0.952
ilr.fac1[93,2]  -0.764  1.571 -1.508
ilr.fac1[94,2]  -1.602  1.063  1.157
ilr.fac1[95,2]  -0.749  1.372 -1.540
ilr.fac1[96,2]  -0.914 -0.502  0.076
ilr.fac1[97,2]  -0.177 -0.360 -0.844
ilr.fac1[98,2]  -0.180  0.775 -0.867
ilr.fac1[99,2]   0.277  0.680  1.259
ilr.fac1[100,2]  0.110 -1.807  0.560
ilr.fac1[101,2] -1.222 -1.501  2.338
ilr.fac1[102,2] -1.628 -0.449  0.809
loglik[1]        0.937 -0.644  1.582
loglik[2]        0.683  0.752 -0.870
loglik[3]       -0.051  0.128 -1.135
loglik[4]        0.184  0.018 -2.306
loglik[5]       -0.355 -0.115 -0.397
loglik[6]        0.188  1.999 -1.563
loglik[7]       -0.818  0.093 -2.928
loglik[8]       -0.008  0.028 -0.648
loglik[9]        0.160 -0.642  0.123
loglik[10]      -0.107  0.191 -1.378
loglik[11]       1.308  1.211 -0.105
loglik[12]      -0.212  0.515 -1.458
loglik[13]      -0.398 -0.492 -0.137
loglik[14]       1.400 -0.450 -0.411
loglik[15]      -0.077 -0.910  0.076
loglik[16]      -0.017 -0.882 -1.203
loglik[17]       0.310 -0.089 -0.829
loglik[18]       0.540  0.533  0.337
loglik[19]      -0.069 -0.205 -1.257
loglik[20]       0.065  0.750 -1.302
loglik[21]      -1.926  1.938 -0.721
loglik[22]       1.095 -0.852  1.310
loglik[23]       0.533 -0.815  0.512
loglik[24]       0.526 -1.026 -0.592
loglik[25]       0.992  1.017  0.301
loglik[26]       0.384  1.745 -0.752
loglik[27]      -0.046 -0.283  1.994
loglik[28]       1.091  2.079  0.786
loglik[29]       0.718 -1.233  0.522
loglik[30]       2.150  0.646 -0.692
loglik[31]       0.992  1.766 -2.621
loglik[32]      -0.540 -1.366  0.366
loglik[33]       0.766  0.130 -0.157
loglik[34]       1.122  1.943  0.069
loglik[35]       0.039  1.654  0.070
loglik[36]       1.778 -1.104  0.933
loglik[37]      -0.934  0.754 -0.059
loglik[38]      -1.482  0.476 -0.582
loglik[39]      -0.045  0.748 -1.629
loglik[40]      -0.569  0.544 -0.798
loglik[41]       0.618  1.082 -1.695
loglik[42]      -1.447 -0.983 -1.267
loglik[43]      -1.047 -1.372 -0.510
loglik[44]       1.046 -0.288  0.377
loglik[45]       0.655  0.821  0.047
loglik[46]       1.470  0.696 -2.579
loglik[47]       0.235 -1.597 -1.362
loglik[48]       1.865  1.978 -0.715
loglik[49]       0.439  0.436 -0.285
loglik[50]      -0.045  0.340 -1.583
loglik[51]      -0.232 -0.744 -1.688
loglik[52]       1.560 -1.426 -2.609
loglik[53]       0.174  0.092 -1.369
loglik[54]       0.818  0.934 -3.433
loglik[55]      -0.224  0.653 -1.858
loglik[56]       1.102 -1.592 -1.456
loglik[57]      -0.934  0.341 -2.541
loglik[58]      -0.825 -1.526 -0.839
loglik[59]      -0.280  1.399 -0.729
loglik[60]       1.040 -0.911 -0.859
loglik[61]      -0.196 -0.411  0.910
loglik[62]       1.025  0.253 -0.842
loglik[63]      -0.562  1.170 -2.338
loglik[64]       2.007  0.886 -0.225
loglik[65]      -0.058  1.697  0.172
loglik[66]      -0.653  0.427 -0.855
loglik[67]       0.401  0.155 -1.761
loglik[68]       0.308  0.465 -0.971
loglik[69]       0.179  0.894 -1.012
loglik[70]      -0.166  0.750 -0.218
loglik[71]      -0.497 -0.401 -2.665
loglik[72]       0.066  1.135 -0.577
loglik[73]       0.009  0.773 -0.359
loglik[74]      -0.036  0.489 -1.563
loglik[75]      -1.317  0.774 -0.607
loglik[76]      -0.335  1.340 -1.741
loglik[77]      -0.169  0.546 -1.445
loglik[78]      -1.032  0.010 -1.760
loglik[79]       0.072 -1.394  0.488
loglik[80]      -0.802  0.623  0.244
loglik[81]      -0.355 -0.710 -0.811
loglik[82]      -1.028  0.019 -0.426
loglik[83]      -1.184 -1.071 -0.913
loglik[84]       0.316 -0.646 -2.737
loglik[85]       0.018  0.593  1.276
loglik[86]      -1.164  1.516 -0.906
loglik[87]      -0.102 -1.293 -0.571
loglik[88]      -0.428 -0.271 -0.103
loglik[89]       2.678  0.634 -0.400
loglik[90]       0.126  0.165 -0.190
loglik[91]       1.124  0.484  0.831
loglik[92]       0.187  0.085  0.437
loglik[93]       0.433 -1.330 -0.363
loglik[94]       0.266 -0.496 -1.521
loglik[95]      -0.163  0.596 -2.273
loglik[96]       1.002 -1.308 -0.753
loglik[97]       1.089  1.591 -2.448
loglik[98]      -0.635 -0.272 -0.200
loglik[99]      -0.772 -0.106 -1.536
loglik[100]     -0.326  1.617 -0.221
loglik[101]      2.106  2.316 -1.237
loglik[102]      1.284  0.206  0.115
p.fac1[1,1]      0.773  0.995 -1.156
p.fac1[2,1]      0.722  0.547 -0.667
p.fac1[3,1]      1.030  0.680 -2.214
p.fac1[4,1]      0.571  0.480 -2.498
p.fac1[5,1]     -0.982  0.593  1.115
p.fac1[6,1]     -0.458  0.829 -0.841
p.fac1[7,1]     -0.975  0.196 -1.705
p.fac1[8,1]     -0.731  0.431  0.366
p.fac1[9,1]     -0.163 -0.036 -0.848
p.fac1[10,1]    -0.039 -0.772 -1.272
p.fac1[11,1]     0.408  0.704 -0.569
p.fac1[12,1]     0.362  1.103 -0.808
p.fac1[13,1]    -0.646  0.185 -1.139
p.fac1[14,1]     1.470 -0.353 -0.252
p.fac1[15,1]    -0.130 -0.999  0.920
p.fac1[16,1]    -0.020 -0.348 -1.250
p.fac1[17,1]     0.300  0.173 -0.948
p.fac1[18,1]     0.532  0.788 -0.399
p.fac1[19,1]    -0.694 -1.993 -1.636
p.fac1[20,1]     1.640 -1.307  1.353
p.fac1[21,1]    -2.318  0.960  0.327
p.fac1[22,1]    -0.837 -0.663 -0.719
p.fac1[23,1]     1.107 -0.045 -0.139
p.fac1[24,1]    -1.002  0.548 -1.925
p.fac1[25,1]     0.898  0.333  0.125
p.fac1[26,1]     0.777  0.819  0.291
p.fac1[27,1]    -0.471  0.342  1.516
p.fac1[28,1]     1.707  1.175 -0.225
p.fac1[29,1]     0.545 -1.253  1.629
p.fac1[30,1]    -0.300  1.751 -0.601
p.fac1[31,1]     0.259 -0.687  1.246
p.fac1[32,1]    -0.760  0.656 -1.410
p.fac1[33,1]     0.295  0.403 -0.744
p.fac1[34,1]     0.778  0.593  0.357
p.fac1[35,1]     0.331 -0.094 -0.320
p.fac1[36,1]     0.578 -0.634  0.165
p.fac1[37,1]    -0.612  1.730 -1.376
p.fac1[38,1]    -0.723  0.180 -1.549
p.fac1[39,1]     0.011  0.689 -1.471
p.fac1[40,1]     0.586 -0.573 -2.982
p.fac1[41,1]     0.559  0.402 -1.789
p.fac1[42,1]    -0.347 -0.752 -1.417
p.fac1[43,1]     0.057 -1.872  0.285
p.fac1[44,1]    -0.929 -0.303  0.287
p.fac1[45,1]     0.515 -1.155  0.545
p.fac1[46,1]     0.957 -0.530 -2.686
p.fac1[47,1]     0.270  1.257 -0.607
p.fac1[48,1]     0.503  0.719  1.278
p.fac1[49,1]    -0.729  1.071 -1.151
p.fac1[50,1]     0.945  1.699  0.801
p.fac1[51,1]    -1.275  2.148  0.296
p.fac1[52,1]    -0.174 -0.102 -2.162
p.fac1[53,1]    -0.783 -0.584 -0.726
p.fac1[54,1]    -0.297  0.829  1.349
p.fac1[55,1]     1.732  2.058  0.739
p.fac1[56,1]    -0.221 -0.947 -1.631
p.fac1[57,1]     2.133  0.133 -3.860
p.fac1[58,1]     0.213  0.013  0.611
p.fac1[59,1]     2.593  0.026 -2.171
p.fac1[60,1]     0.139 -0.001 -1.117
p.fac1[61,1]     0.988  0.034 -0.120
p.fac1[62,1]     0.862 -0.387 -0.368
p.fac1[63,1]     0.161 -0.604  1.648
p.fac1[64,1]     0.173  0.019 -1.318
p.fac1[65,1]     0.290 -1.369 -0.377
p.fac1[66,1]    -0.699 -0.152 -0.099
p.fac1[67,1]    -1.100 -0.503  0.874
p.fac1[68,1]     0.306  0.147 -0.572
p.fac1[69,1]    -1.471 -0.750 -0.878
p.fac1[70,1]    -0.123  0.334 -0.618
p.fac1[71,1]    -1.511  0.959 -0.758
p.fac1[72,1]    -1.306 -0.844  0.069
p.fac1[73,1]    -0.359 -0.729 -0.896
p.fac1[74,1]     0.602  0.746  1.541
p.fac1[75,1]     1.543 -0.545  0.662
p.fac1[76,1]     0.849  1.084  0.316
p.fac1[77,1]     0.370  0.759 -0.748
p.fac1[78,1]    -0.273  0.841 -0.167
p.fac1[79,1]     1.983 -1.209  0.789
p.fac1[80,1]     0.367 -1.498  1.802
p.fac1[81,1]    -1.217 -0.017 -0.324
p.fac1[82,1]    -0.105  0.665  0.243
p.fac1[83,1]     0.259 -1.351 -1.578
p.fac1[84,1]    -0.046 -1.684 -3.449
p.fac1[85,1]    -0.593 -0.733 -0.078
p.fac1[86,1]     2.331 -0.594  1.939
p.fac1[87,1]     1.927  3.044 -1.579
p.fac1[88,1]     0.871 -0.359 -0.740
p.fac1[89,1]     0.826  0.436 -0.173
p.fac1[90,1]     0.722  0.265 -0.084
p.fac1[91,1]     1.477 -0.976 -0.381
p.fac1[92,1]    -1.104 -0.291  0.685
p.fac1[93,1]     0.837  0.601 -0.018
p.fac1[94,1]    -0.109  0.714 -1.249
p.fac1[95,1]     0.830  2.007 -1.976
p.fac1[96,1]     0.986 -0.297  0.942
p.fac1[97,1]     0.642 -0.496  0.220
p.fac1[98,1]    -1.001  1.715  1.282
p.fac1[99,1]     0.985 -1.625 -2.194
p.fac1[100,1]    0.315  0.245  0.180
p.fac1[101,1]    0.545 -0.561 -0.537
p.fac1[102,1]    0.072 -0.245 -1.319
p.fac1[1,2]      0.473 -1.068  1.370
p.fac1[2,2]      0.944 -1.772  1.303
p.fac1[3,2]     -1.025 -0.471  2.048
p.fac1[4,2]     -0.764 -0.892  2.529
p.fac1[5,2]      0.287  0.331 -0.781
p.fac1[6,2]      0.736 -0.940  0.649
p.fac1[7,2]      0.909  0.664  2.695
p.fac1[8,2]      0.110  0.288 -0.030
p.fac1[9,2]      0.234 -0.541  2.291
p.fac1[10,2]    -0.137  1.428  1.194
p.fac1[11,2]    -1.251 -0.596  0.635
p.fac1[12,2]    -0.672  0.850  1.364
p.fac1[13,2]     0.623  0.477  1.404
p.fac1[14,2]    -0.295 -0.322  0.744
p.fac1[15,2]    -0.288  0.515 -0.790
p.fac1[16,2]    -0.137  1.130  0.429
p.fac1[17,2]     0.916  0.845  1.529
p.fac1[18,2]    -1.250 -1.012  1.198
p.fac1[19,2]     0.001  0.776  2.073
p.fac1[20,2]    -0.770  1.505 -1.642
p.fac1[21,2]     3.028 -1.119  0.335
p.fac1[22,2]     0.293 -0.005  0.300
p.fac1[23,2]     0.073  0.321  0.756
p.fac1[24,2]     0.895 -1.248  1.820
p.fac1[25,2]    -1.197 -0.417 -1.449
p.fac1[26,2]    -0.496 -1.656 -0.130
p.fac1[27,2]    -0.413 -0.093 -2.499
p.fac1[28,2]    -1.080 -1.350 -0.949
p.fac1[29,2]    -0.060  1.514 -1.286
p.fac1[30,2]     0.708 -2.257  0.799
p.fac1[31,2]    -0.101  0.621 -1.187
p.fac1[32,2]     0.817 -0.210  1.325
p.fac1[33,2]    -0.621  0.375  0.477
p.fac1[34,2]    -0.632  0.582  0.045
p.fac1[35,2]     0.281  0.588  0.351
p.fac1[36,2]    -0.805 -0.238  0.635
p.fac1[37,2]     1.396 -1.570 -0.072
p.fac1[38,2]     0.137 -0.233  1.038
p.fac1[39,2]     0.009 -0.566  1.816
p.fac1[40,2]     0.510 -0.303  3.256
p.fac1[41,2]    -1.165 -1.177  2.155
p.fac1[42,2]     0.227 -0.335  0.498
p.fac1[43,2]     0.325  2.966  0.987
p.fac1[44,2]     0.515  1.609 -0.512
p.fac1[45,2]     0.174  1.590 -0.877
p.fac1[46,2]     0.297  1.737  1.405
p.fac1[47,2]    -0.360 -2.880 -0.068
p.fac1[48,2]     0.467  0.342 -2.225
p.fac1[49,2]     1.222 -0.442  0.989
p.fac1[50,2]    -0.787 -1.635  2.117
p.fac1[51,2]     0.676 -1.507 -0.290
p.fac1[52,2]     0.051 -0.237  1.363
p.fac1[53,2]     0.740 -1.004  0.716
p.fac1[54,2]     0.188 -1.239 -0.724
p.fac1[55,2]    -1.433 -1.109  0.254
p.fac1[56,2]     1.095 -0.362  1.346
p.fac1[57,2]    -1.777 -0.243  2.844
p.fac1[58,2]     0.190 -1.621 -0.843
p.fac1[59,2]    -2.581  0.650  0.963
p.fac1[60,2]     0.397 -0.635  1.116
p.fac1[61,2]    -0.355 -1.556  0.821
p.fac1[62,2]     0.150  0.821  0.104
p.fac1[63,2]    -0.608  0.045 -1.338
p.fac1[64,2]     0.927  0.199  1.479
p.fac1[65,2]    -0.372  1.271  0.873
p.fac1[66,2]     0.235  0.758  0.610
p.fac1[67,2]     1.186  0.141  0.023
p.fac1[68,2]     0.540 -0.344  0.404
p.fac1[69,2]     0.705  0.263  0.673
p.fac1[70,2]     0.024  0.053  0.182
p.fac1[71,2]     0.966 -1.333 -0.104
p.fac1[72,2]     1.199  0.385 -0.039
p.fac1[73,2]    -0.420  0.408  1.231
p.fac1[74,2]    -0.317 -0.481 -1.885
p.fac1[75,2]     0.086 -0.781 -0.156
p.fac1[76,2]    -0.997 -0.460  0.994
p.fac1[77,2]     0.769 -0.474  3.448
p.fac1[78,2]     1.105 -0.001  1.153
p.fac1[79,2]    -1.347  1.693 -1.241
p.fac1[80,2]     1.039  0.551 -1.619
p.fac1[81,2]     0.841  0.424 -0.267
p.fac1[82,2]     0.632 -0.599 -0.257
p.fac1[83,2]     1.225  0.601  3.074
p.fac1[84,2]     0.624  1.560  3.430
p.fac1[85,2]    -0.337  0.005 -0.427
p.fac1[86,2]    -1.716  0.102 -1.850
p.fac1[87,2]    -0.913 -2.910  0.776
p.fac1[88,2]    -0.299 -0.416  0.041
p.fac1[89,2]    -0.934 -0.591  0.682
p.fac1[90,2]     0.248 -0.347 -0.443
p.fac1[91,2]     0.800  0.607  0.942
p.fac1[92,2]     0.335 -0.417  0.000
p.fac1[93,2]    -0.332  0.260 -0.508
p.fac1[94,2]    -0.764  0.142  2.043
p.fac1[95,2]    -0.951 -1.513  1.255
p.fac1[96,2]    -1.002 -0.109 -0.385
p.fac1[97,2]    -0.121 -0.152 -0.502
p.fac1[98,2]     0.530 -0.688 -1.297
p.fac1[99,2]     0.158  1.522  1.851
p.fac1[100,2]    0.341 -2.237  0.670
p.fac1[101,2]   -2.335 -1.412  1.938
p.fac1[102,2]   -1.737 -0.605  1.645
p.fac1[1,3]     -1.871  0.253 -1.002
p.fac1[2,3]     -1.487  0.614 -0.382
p.fac1[3,3]     -0.684 -0.722  0.788
p.fac1[4,3]      0.107  0.193  0.518
p.fac1[5,3]      1.030 -0.932 -0.903
p.fac1[6,3]      0.194 -0.535  0.370
p.fac1[7,3]      0.705 -0.646  0.479
p.fac1[8,3]      0.791 -0.569 -0.381
p.fac1[9,3]     -0.037  0.719 -1.779
p.fac1[10,3]     0.189 -0.551  0.621
p.fac1[11,3]     0.617 -0.299 -0.061
p.fac1[12,3]     0.250 -2.586 -0.433
p.fac1[13,3]     0.352 -0.954  0.067
p.fac1[14,3]    -1.681  0.848 -0.539
p.fac1[15,3]     0.665  0.956 -0.363
p.fac1[16,3]     0.137 -0.801  1.526
p.fac1[17,3]    -1.721 -1.215 -0.874
p.fac1[18,3]     0.652 -0.115 -1.602
p.fac1[19,3]     0.961  1.512 -0.866
p.fac1[20,3]    -0.885 -0.727  1.341
p.fac1[21,3]    -1.277  0.400 -1.118
p.fac1[22,3]     0.726  0.728  0.505
p.fac1[23,3]    -1.704 -0.255 -0.576
p.fac1[24,3]     0.714  0.082  0.836
p.fac1[25,3]     0.427 -0.022  1.735
p.fac1[26,3]    -0.360  1.854 -0.212
p.fac1[27,3]     1.197 -0.300  1.880
p.fac1[28,3]    -1.133  0.437  1.539
p.fac1[29,3]    -0.890 -0.564  0.219
p.fac1[30,3]    -0.554  0.697 -0.364
p.fac1[31,3]    -0.266 -0.110  0.213
p.fac1[32,3]     0.445 -0.690  0.210
p.fac1[33,3]     0.388 -0.922  0.320
p.fac1[34,3]    -0.463 -1.440 -0.551
p.fac1[35,3]    -1.650 -1.459  0.024
p.fac1[36,3]     0.201  1.019 -0.957
p.fac1[37,3]    -0.786 -0.427  1.584
p.fac1[38,3]     0.797  0.059  0.850
p.fac1[39,3]    -0.022 -0.337 -0.195
p.fac1[40,3]    -1.337  0.940  0.338
p.fac1[41,3]     0.201  0.367 -0.049
p.fac1[42,3]     0.266  1.328  1.247
p.fac1[43,3]    -0.466 -1.424 -1.759
p.fac1[44,3]     0.378 -1.456  0.247
p.fac1[45,3]    -0.714 -0.814  0.571
p.fac1[46,3]    -1.455 -1.633  1.003
p.fac1[47,3]    -0.030  0.564  0.970
p.fac1[48,3]    -1.161 -1.186  1.114
p.fac1[49,3]    -0.343 -1.021  0.484
p.fac1[50,3]     0.054  0.340 -2.889
p.fac1[51,3]     0.567 -0.513 -0.200
p.fac1[52,3]     0.180  0.433  1.138
p.fac1[53,3]    -0.286  2.147 -0.188
p.fac1[54,3]     0.006  1.052 -0.194
p.fac1[55,3]     0.416 -0.587 -1.265
p.fac1[56,3]    -1.296  1.547  0.628
p.fac1[57,3]    -1.073  0.104 -0.163
p.fac1[58,3]    -0.557  2.073  0.369
p.fac1[59,3]    -0.908 -0.779  1.799
p.fac1[60,3]    -0.867  1.100 -0.353
p.fac1[61,3]    -0.793  2.758 -1.164
p.fac1[62,3]    -2.118 -0.940  0.314
p.fac1[63,3]     0.778  0.443  0.241
p.fac1[64,3]    -1.135 -0.250 -0.063
p.fac1[65,3]     0.225 -0.568 -0.790
p.fac1[66,3]     0.530 -0.760 -0.636
p.fac1[67,3]    -0.734  0.400 -1.001
p.fac1[68,3]    -1.334  0.399  0.041
p.fac1[69,3]     1.106  0.633  0.182
p.fac1[70,3]     0.128 -0.490  0.336
p.fac1[71,3]     0.499  0.776  1.425
p.fac1[72,3]    -0.469  0.255 -0.004
p.fac1[73,3]     1.027  0.199 -0.702
p.fac1[74,3]    -0.144 -0.038  0.895
p.fac1[75,3]    -1.503  1.405 -0.368
p.fac1[76,3]     0.499 -0.396 -1.508
p.fac1[77,3]    -1.219 -0.083 -3.568
p.fac1[78,3]    -1.335 -0.882 -1.434
p.fac1[79,3]    -0.217 -1.180  1.059
p.fac1[80,3]    -1.808  0.839  0.110
p.fac1[81,3]     0.280 -0.504  0.749
p.fac1[82,3]    -0.888  0.207  0.112
p.fac1[83,3]    -2.117  0.337 -1.589
p.fac1[84,3]    -0.600 -0.373 -2.119
p.fac1[85,3]     1.025  0.682  0.654
p.fac1[86,3]     0.002  0.417  0.522
p.fac1[87,3]    -1.167 -0.209  0.919
p.fac1[88,3]    -1.051  0.842  0.842
p.fac1[89,3]    -0.472 -0.169 -0.282
p.fac1[90,3]    -1.184  0.039  0.642
p.fac1[91,3]    -2.774  0.614 -0.396
p.fac1[92,3]     1.100  0.644 -0.916
p.fac1[93,3]    -0.474 -1.142  0.781
p.fac1[94,3]     0.899 -0.774 -1.342
p.fac1[95,3]     0.097 -0.840  0.883
p.fac1[96,3]     0.227  0.425 -0.407
p.fac1[97,3]    -0.545  0.807  0.464
p.fac1[98,3]     0.269 -0.940  0.416
p.fac1[99,3]    -1.018  0.287 -0.976
p.fac1[100,3]   -0.533  1.342 -0.765
p.fac1[101,3]    0.972  1.412 -2.285
p.fac1[102,3]    1.133  0.408 -1.268
p.global[1]      0.773  0.995 -1.156
p.global[2]      0.473 -1.068  1.370
p.global[3]     -1.871  0.253 -1.002
