
################################################################################
# Gelman-Rubin Diagnostic
################################################################################

Generally the Gelman diagnostic should be < 1.05


Out of 853 variables: 0 > 1.01

                      
0 > 1.05

                      
0 > 1.1


The worst variables are:

              Point est. Upper C.I.
p.fac1[23,4]    1.001461   1.001787
p.fac1[75,4]    1.000968   1.001226
p.fac1[66,4]    1.000760   1.000774
p.fac1[46,4]    1.000623   1.000851
p.fac1[91,4]    1.000614   1.000918
p.fac1[100,4]   1.000589   1.000762
p.fac1[47,4]    1.000569   1.000675
p.fac1[95,4]    1.000564   1.000762
p.fac1[18,4]    1.000522   1.000803
p.fac1[16,4]    1.000518   1.001197


And here are the Gelman diagnostics for all variables:

                Point est. Upper C.I.
deviance         0.9999780  1.0000266
ilr.fac1[1,1]          NaN        NaN
ilr.fac1[1,2]          NaN        NaN
ilr.fac1[1,3]          NaN        NaN
ilr.fac1[10,1]   1.0000169  1.0000723
ilr.fac1[10,2]   1.0000053  1.0001415
ilr.fac1[10,3]   1.0000389  1.0001491
ilr.fac1[100,1]  1.0000684  1.0003465
ilr.fac1[100,2]  0.9999929  1.0000423
ilr.fac1[100,3]  1.0000676  1.0003259
ilr.fac1[101,1]  1.0000840  1.0003086
ilr.fac1[101,2]  1.0000443  1.0002732
ilr.fac1[101,3]  0.9999924  1.0000114
ilr.fac1[102,1]  1.0000415  1.0001516
ilr.fac1[102,2]  0.9999834  1.0000634
ilr.fac1[102,3]  1.0001015  1.0004112
ilr.fac1[103,1]  0.9999747  1.0000209
ilr.fac1[103,2]  0.9999860  1.0000814
ilr.fac1[103,3]  0.9999674  0.9999681
ilr.fac1[104,1]  1.0000589  1.0001062
ilr.fac1[104,2]  1.0001246  1.0002760
ilr.fac1[104,3]  1.0000328  1.0001480
ilr.fac1[105,1]  1.0001217  1.0004284
ilr.fac1[105,2]  1.0000994  1.0004367
ilr.fac1[105,3]  1.0001456  1.0004632
ilr.fac1[106,1]  1.0000222  1.0002027
ilr.fac1[106,2]  1.0001505  1.0006794
ilr.fac1[106,3]  1.0000013  1.0000873
ilr.fac1[11,1]   1.0000743  1.0001830
ilr.fac1[11,2]   1.0001457  1.0003769
ilr.fac1[11,3]   1.0001250  1.0005769
ilr.fac1[12,1]   1.0000843  1.0003597
ilr.fac1[12,2]   1.0001678  1.0004327
ilr.fac1[12,3]   1.0002372  1.0009896
ilr.fac1[13,1]   0.9999908  1.0000443
ilr.fac1[13,2]   1.0000306  1.0001415
ilr.fac1[13,3]   0.9999686  0.9999811
ilr.fac1[14,1]   1.0000189  1.0000835
ilr.fac1[14,2]   1.0001096  1.0005147
ilr.fac1[14,3]   1.0000345  1.0002253
ilr.fac1[15,1]   1.0000729  1.0003750
ilr.fac1[15,2]   1.0000552  1.0000926
ilr.fac1[15,3]   0.9999584  0.9999760
ilr.fac1[16,1]   0.9999713  1.0000217
ilr.fac1[16,2]   1.0000054  1.0001293
ilr.fac1[16,3]   1.0002756  1.0009972
ilr.fac1[17,1]   1.0000409  1.0002449
ilr.fac1[17,2]   0.9999637  0.9999757
ilr.fac1[17,3]   0.9999715  0.9999906
ilr.fac1[18,1]   1.0000275  1.0001254
ilr.fac1[18,2]   1.0000961  1.0003739
ilr.fac1[18,3]   1.0001576  1.0005256
ilr.fac1[19,1]   1.0000128  1.0001598
ilr.fac1[19,2]   1.0000661  1.0001899
ilr.fac1[19,3]   1.0000379  1.0001450
ilr.fac1[2,1]    0.9999643  0.9999977
ilr.fac1[2,2]    1.0000299  1.0000788
ilr.fac1[2,3]    1.0001853  1.0006367
ilr.fac1[20,1]   1.0000108  1.0001201
ilr.fac1[20,2]   1.0000336  1.0002407
ilr.fac1[20,3]   1.0000356  1.0002434
ilr.fac1[21,1]   1.0001385  1.0005217
ilr.fac1[21,2]   1.0001070  1.0001710
ilr.fac1[21,3]   1.0000006  1.0000278
ilr.fac1[22,1]   1.0000328  1.0001815
ilr.fac1[22,2]   1.0000669  1.0003451
ilr.fac1[22,3]   1.0002267  1.0007520
ilr.fac1[23,1]   0.9999605  0.9999652
ilr.fac1[23,2]   1.0001241  1.0004223
ilr.fac1[23,3]   1.0000729  1.0001443
ilr.fac1[24,1]   1.0000010  1.0000986
ilr.fac1[24,2]   0.9999912  1.0000908
ilr.fac1[24,3]   1.0000449  1.0002549
ilr.fac1[25,1]   0.9999941  1.0000632
ilr.fac1[25,2]   1.0000879  1.0001741
ilr.fac1[25,3]   1.0000570  1.0001149
ilr.fac1[26,1]   1.0000123  1.0000551
ilr.fac1[26,2]   1.0001046  1.0002117
ilr.fac1[26,3]   0.9999664  1.0000017
ilr.fac1[27,1]   1.0000198  1.0001197
ilr.fac1[27,2]   0.9999993  1.0001261
ilr.fac1[27,3]   0.9999849  1.0000375
ilr.fac1[28,1]   1.0000229  1.0000351
ilr.fac1[28,2]   1.0000714  1.0003541
ilr.fac1[28,3]   0.9999759  1.0000244
ilr.fac1[29,1]   0.9999823  0.9999834
ilr.fac1[29,2]   1.0000260  1.0001371
ilr.fac1[29,3]   1.0001172  1.0003850
ilr.fac1[3,1]    0.9999840  1.0000472
ilr.fac1[3,2]    1.0000957  1.0004427
ilr.fac1[3,3]    1.0000630  1.0003481
ilr.fac1[30,1]   1.0000364  1.0001745
ilr.fac1[30,2]   0.9999844  1.0000270
ilr.fac1[30,3]   1.0001119  1.0004383
ilr.fac1[31,1]   1.0000420  1.0001165
ilr.fac1[31,2]   1.0001644  1.0006295
ilr.fac1[31,3]   0.9999768  0.9999777
ilr.fac1[32,1]   1.0001360  1.0003273
ilr.fac1[32,2]   0.9999899  1.0000932
ilr.fac1[32,3]   1.0000253  1.0001343
ilr.fac1[33,1]   1.0001008  1.0004321
ilr.fac1[33,2]   1.0000658  1.0003354
ilr.fac1[33,3]   1.0000576  1.0003414
ilr.fac1[34,1]   1.0001320  1.0005151
ilr.fac1[34,2]   0.9999720  1.0000082
ilr.fac1[34,3]   1.0000223  1.0000605
ilr.fac1[35,1]   0.9999746  1.0000320
ilr.fac1[35,2]   0.9999884  0.9999903
ilr.fac1[35,3]   0.9999916  1.0000981
ilr.fac1[36,1]   1.0000150  1.0000554
ilr.fac1[36,2]   1.0000242  1.0001372
ilr.fac1[36,3]   1.0000434  1.0002366
ilr.fac1[37,1]   1.0000429  1.0002166
ilr.fac1[37,2]   0.9999767  1.0000432
ilr.fac1[37,3]   1.0000532  1.0001274
ilr.fac1[38,1]   1.0000750  1.0002330
ilr.fac1[38,2]   0.9999888  1.0000328
ilr.fac1[38,3]   1.0001512  1.0004605
ilr.fac1[39,1]   1.0000783  1.0001239
ilr.fac1[39,2]   0.9999763  1.0000230
ilr.fac1[39,3]   1.0000444  1.0000964
ilr.fac1[4,1]    1.0001151  1.0005433
ilr.fac1[4,2]    1.0000552  1.0002037
ilr.fac1[4,3]    1.0000944  1.0001655
ilr.fac1[40,1]   0.9999977  1.0000871
ilr.fac1[40,2]   1.0000660  1.0003575
ilr.fac1[40,3]   1.0000485  1.0000723
ilr.fac1[41,1]   1.0000508  1.0001518
ilr.fac1[41,2]   1.0001310  1.0002398
ilr.fac1[41,3]   1.0000431  1.0000953
ilr.fac1[42,1]   1.0001158  1.0004865
ilr.fac1[42,2]   1.0001698  1.0006979
ilr.fac1[42,3]   1.0000551  1.0001744
ilr.fac1[43,1]   1.0000955  1.0004420
ilr.fac1[43,2]   1.0000297  1.0002106
ilr.fac1[43,3]   1.0000325  1.0002229
ilr.fac1[44,1]   1.0000093  1.0001458
ilr.fac1[44,2]   1.0000957  1.0004785
ilr.fac1[44,3]   0.9999860  1.0000082
ilr.fac1[45,1]   1.0000415  1.0002587
ilr.fac1[45,2]   1.0001216  1.0005446
ilr.fac1[45,3]   1.0000219  1.0001198
ilr.fac1[46,1]   1.0001451  1.0003540
ilr.fac1[46,2]   1.0000918  1.0003140
ilr.fac1[46,3]   1.0000533  1.0000892
ilr.fac1[47,1]   1.0000162  1.0001901
ilr.fac1[47,2]   1.0000166  1.0001534
ilr.fac1[47,3]   1.0000191  1.0000960
ilr.fac1[48,1]   0.9999749  0.9999989
ilr.fac1[48,2]   0.9999968  1.0000587
ilr.fac1[48,3]   1.0000132  1.0000886
ilr.fac1[49,1]   1.0000462  1.0000728
ilr.fac1[49,2]   1.0000598  1.0001231
ilr.fac1[49,3]   1.0000509  1.0002679
ilr.fac1[5,1]    1.0000140  1.0000792
ilr.fac1[5,2]    1.0000269  1.0001582
ilr.fac1[5,3]    1.0000052  1.0000567
ilr.fac1[50,1]   1.0001399  1.0005775
ilr.fac1[50,2]   1.0001925  1.0008086
ilr.fac1[50,3]   0.9999958  1.0000568
ilr.fac1[51,1]   0.9999986  1.0000774
ilr.fac1[51,2]   1.0000150  1.0001223
ilr.fac1[51,3]   1.0000403  1.0001870
ilr.fac1[52,1]   1.0000507  1.0001088
ilr.fac1[52,2]   1.0002799  1.0008014
ilr.fac1[52,3]   1.0000043  1.0000839
ilr.fac1[53,1]   1.0002566  1.0002875
ilr.fac1[53,2]   0.9999836  1.0000223
ilr.fac1[53,3]   1.0002917  1.0007900
ilr.fac1[54,1]   1.0000112  1.0000186
ilr.fac1[54,2]   1.0000160  1.0000203
ilr.fac1[54,3]   1.0000226  1.0002165
ilr.fac1[55,1]   0.9999691  1.0000017
ilr.fac1[55,2]   0.9999928  1.0000667
ilr.fac1[55,3]   1.0000627  1.0001668
ilr.fac1[56,1]   0.9999896  1.0000223
ilr.fac1[56,2]   1.0001211  1.0002390
ilr.fac1[56,3]   1.0001926  1.0007442
ilr.fac1[57,1]   1.0000502  1.0003044
ilr.fac1[57,2]   1.0002210  1.0006406
ilr.fac1[57,3]   0.9999868  1.0000667
ilr.fac1[58,1]   0.9999844  1.0000098
ilr.fac1[58,2]   0.9999677  1.0000062
ilr.fac1[58,3]   1.0000143  1.0000225
ilr.fac1[59,1]   1.0000098  1.0001352
ilr.fac1[59,2]   1.0001034  1.0004900
ilr.fac1[59,3]   1.0000420  1.0002460
ilr.fac1[6,1]    1.0000338  1.0002499
ilr.fac1[6,2]    1.0000049  1.0000520
ilr.fac1[6,3]    1.0001453  1.0004024
ilr.fac1[60,1]   0.9999824  1.0000085
ilr.fac1[60,2]   0.9999937  1.0000877
ilr.fac1[60,3]   1.0000256  1.0000739
ilr.fac1[61,1]   1.0002405  1.0006401
ilr.fac1[61,2]   1.0002685  1.0008023
ilr.fac1[61,3]   1.0000355  1.0000997
ilr.fac1[62,1]   1.0000808  1.0001822
ilr.fac1[62,2]   0.9999555  0.9999656
ilr.fac1[62,3]   1.0000219  1.0001092
ilr.fac1[63,1]   1.0000138  1.0000592
ilr.fac1[63,2]   1.0000161  1.0001779
ilr.fac1[63,3]   1.0000042  1.0000290
ilr.fac1[64,1]   1.0002057  1.0008613
ilr.fac1[64,2]   0.9999831  1.0000549
ilr.fac1[64,3]   1.0000099  1.0000663
ilr.fac1[65,1]   0.9999886  1.0000398
ilr.fac1[65,2]   1.0001016  1.0001731
ilr.fac1[65,3]   1.0002734  1.0009909
ilr.fac1[66,1]   1.0000257  1.0001189
ilr.fac1[66,2]   1.0000439  1.0002475
ilr.fac1[66,3]   1.0000603  1.0002705
ilr.fac1[67,1]   1.0000184  1.0001800
ilr.fac1[67,2]   1.0000021  1.0000482
ilr.fac1[67,3]   1.0001468  1.0003363
ilr.fac1[68,1]   1.0000336  1.0001807
ilr.fac1[68,2]   1.0000098  1.0000659
ilr.fac1[68,3]   0.9999783  1.0000531
ilr.fac1[69,1]   1.0001458  1.0003624
ilr.fac1[69,2]   1.0000244  1.0000844
ilr.fac1[69,3]   0.9999844  1.0000462
ilr.fac1[7,1]    1.0000247  1.0001335
ilr.fac1[7,2]    1.0001098  1.0001112
ilr.fac1[7,3]    1.0001422  1.0005761
ilr.fac1[70,1]   0.9999872  1.0000648
ilr.fac1[70,2]   0.9999971  1.0000507
ilr.fac1[70,3]   1.0000667  1.0003396
ilr.fac1[71,1]   0.9999896  1.0000639
ilr.fac1[71,2]   1.0000693  1.0000782
ilr.fac1[71,3]   0.9999746  0.9999971
ilr.fac1[72,1]   1.0000817  1.0003268
ilr.fac1[72,2]   0.9999914  1.0001021
ilr.fac1[72,3]   0.9999953  1.0000274
ilr.fac1[73,1]   1.0000904  1.0003491
ilr.fac1[73,2]   1.0000488  1.0001357
ilr.fac1[73,3]   0.9999836  1.0000185
ilr.fac1[74,1]   1.0003557  1.0012516
ilr.fac1[74,2]   1.0000345  1.0001891
ilr.fac1[74,3]   1.0001395  1.0003848
ilr.fac1[75,1]   0.9999925  1.0000565
ilr.fac1[75,2]   1.0000534  1.0001076
ilr.fac1[75,3]   1.0001005  1.0004929
ilr.fac1[76,1]   1.0001739  1.0004528
ilr.fac1[76,2]   1.0001416  1.0004970
ilr.fac1[76,3]   1.0000002  1.0000766
ilr.fac1[77,1]   1.0001334  1.0003432
ilr.fac1[77,2]   1.0001369  1.0005832
ilr.fac1[77,3]   1.0000553  1.0002315
ilr.fac1[78,1]   1.0001353  1.0006294
ilr.fac1[78,2]   1.0002608  1.0010063
ilr.fac1[78,3]   0.9999992  1.0001137
ilr.fac1[79,1]   1.0003110  1.0008230
ilr.fac1[79,2]   1.0000197  1.0002060
ilr.fac1[79,3]   1.0001065  1.0003636
ilr.fac1[8,1]    1.0000911  1.0002111
ilr.fac1[8,2]    1.0002414  1.0010081
ilr.fac1[8,3]    1.0000029  1.0001000
ilr.fac1[80,1]   1.0000006  1.0001116
ilr.fac1[80,2]   1.0000694  1.0003222
ilr.fac1[80,3]   0.9999985  1.0000669
ilr.fac1[81,1]   0.9999696  1.0000176
ilr.fac1[81,2]   1.0000525  1.0001771
ilr.fac1[81,3]   0.9999656  0.9999668
ilr.fac1[82,1]   1.0000738  1.0003573
ilr.fac1[82,2]   1.0001870  1.0007774
ilr.fac1[82,3]   1.0000474  1.0002935
ilr.fac1[83,1]   1.0000843  1.0004440
ilr.fac1[83,2]   1.0001157  1.0003397
ilr.fac1[83,3]   1.0001799  1.0005836
ilr.fac1[84,1]   1.0001246  1.0005905
ilr.fac1[84,2]   1.0001714  1.0002010
ilr.fac1[84,3]   1.0000515  1.0001747
ilr.fac1[85,1]   1.0000434  1.0001292
ilr.fac1[85,2]   1.0000586  1.0001329
ilr.fac1[85,3]   1.0000858  1.0002041
ilr.fac1[86,1]   1.0000337  1.0000864
ilr.fac1[86,2]   0.9999752  1.0000338
ilr.fac1[86,3]   1.0000010  1.0001348
ilr.fac1[87,1]   0.9999688  0.9999761
ilr.fac1[87,2]   1.0001568  1.0006008
ilr.fac1[87,3]   0.9999812  1.0000595
ilr.fac1[88,1]   0.9999996  1.0000010
ilr.fac1[88,2]   1.0000091  1.0001545
ilr.fac1[88,3]   0.9999587  0.9999726
ilr.fac1[89,1]   0.9999878  0.9999993
ilr.fac1[89,2]   1.0000615  1.0001646
ilr.fac1[89,3]   1.0000669  1.0002276
ilr.fac1[9,1]    1.0000353  1.0000836
ilr.fac1[9,2]    1.0000125  1.0001004
ilr.fac1[9,3]    0.9999900  1.0000945
ilr.fac1[90,1]   1.0001958  1.0008051
ilr.fac1[90,2]   1.0001021  1.0003921
ilr.fac1[90,3]   1.0002033  1.0007912
ilr.fac1[91,1]   0.9999749  1.0000153
ilr.fac1[91,2]   1.0001092  1.0003758
ilr.fac1[91,3]   1.0000641  1.0002558
ilr.fac1[92,1]   1.0000929  1.0003897
ilr.fac1[92,2]   1.0000310  1.0000338
ilr.fac1[92,3]   1.0000613  1.0003285
ilr.fac1[93,1]   1.0000520  1.0001330
ilr.fac1[93,2]   0.9999627  0.9999921
ilr.fac1[93,3]   1.0000996  1.0004956
ilr.fac1[94,1]   1.0002523  1.0009352
ilr.fac1[94,2]   1.0001724  1.0007422
ilr.fac1[94,3]   0.9999832  1.0000628
ilr.fac1[95,1]   1.0001088  1.0002532
ilr.fac1[95,2]   0.9999980  1.0000765
ilr.fac1[95,3]   1.0000876  1.0002041
ilr.fac1[96,1]   1.0000520  1.0001627
ilr.fac1[96,2]   1.0000118  1.0001588
ilr.fac1[96,3]   1.0001490  1.0005026
ilr.fac1[97,1]   1.0001413  1.0003672
ilr.fac1[97,2]   1.0000172  1.0001164
ilr.fac1[97,3]   0.9999571  0.9999632
ilr.fac1[98,1]   1.0000762  1.0002929
ilr.fac1[98,2]   0.9999725  0.9999908
ilr.fac1[98,3]   1.0001072  1.0003944
ilr.fac1[99,1]   1.0000044  1.0000700
ilr.fac1[99,2]   0.9999909  1.0000054
ilr.fac1[99,3]   0.9999707  1.0000228
loglik[1]        1.0000263  1.0000715
loglik[10]       1.0000613  1.0001258
loglik[100]      1.0001149  1.0002949
loglik[101]      1.0001818  1.0005267
loglik[102]      1.0000246  1.0001920
loglik[103]      0.9999961  1.0000558
loglik[104]      1.0000269  1.0001061
loglik[105]      1.0001383  1.0005136
loglik[106]      1.0001181  1.0005432
loglik[11]       1.0001620  1.0004592
loglik[12]       1.0001954  1.0006613
loglik[13]       1.0000510  1.0002580
loglik[14]       1.0001106  1.0004278
loglik[15]       0.9999838  1.0000624
loglik[16]       1.0001139  1.0003825
loglik[17]       0.9999680  0.9999903
loglik[18]       1.0000012  1.0000837
loglik[19]       0.9999553  0.9999579
loglik[2]        1.0001583  1.0006957
loglik[20]       0.9999884  1.0000637
loglik[21]       1.0000657  1.0001477
loglik[22]       1.0000745  1.0002743
loglik[23]       1.0000619  1.0001285
loglik[24]       1.0000785  1.0002118
loglik[25]       1.0000141  1.0001727
loglik[26]       0.9999574  0.9999717
loglik[27]       1.0000052  1.0000959
loglik[28]       0.9999606  0.9999704
loglik[29]       1.0000352  1.0001323
loglik[3]        0.9999980  1.0001099
loglik[30]       0.9999853  1.0000688
loglik[31]       0.9999868  1.0000005
loglik[32]       1.0000551  1.0001464
loglik[33]       0.9999680  1.0000143
loglik[34]       1.0000264  1.0000800
loglik[35]       0.9999576  0.9999707
loglik[36]       0.9999898  1.0000437
loglik[37]       0.9999953  1.0001080
loglik[38]       1.0000975  1.0001577
loglik[39]       0.9999997  1.0000546
loglik[4]        1.0000850  1.0001091
loglik[40]       1.0000131  1.0001473
loglik[41]       0.9999655  0.9999710
loglik[42]       1.0001326  1.0001936
loglik[43]       0.9999876  1.0000699
loglik[44]       1.0000814  1.0000866
loglik[45]       1.0000257  1.0000629
loglik[46]       1.0000617  1.0003610
loglik[47]       0.9999664  0.9999782
loglik[48]       1.0001332  1.0003578
loglik[49]       1.0000429  1.0002037
loglik[5]        1.0000544  1.0003344
loglik[50]       1.0000350  1.0001822
loglik[51]       1.0001071  1.0003996
loglik[52]       1.0000056  1.0001276
loglik[53]       1.0000724  1.0001097
loglik[54]       1.0003018  1.0006115
loglik[55]       1.0000160  1.0001329
loglik[56]       1.0000265  1.0002106
loglik[57]       1.0000094  1.0001599
loglik[58]       1.0001211  1.0001853
loglik[59]       0.9999785  0.9999864
loglik[6]        0.9999572  0.9999655
loglik[60]       1.0000999  1.0004241
loglik[61]       1.0001675  1.0005026
loglik[62]       0.9999640  0.9999684
loglik[63]       1.0000152  1.0000461
loglik[64]       1.0000258  1.0002052
loglik[65]       1.0001287  1.0005457
loglik[66]       1.0000579  1.0001607
loglik[67]       1.0003724  1.0008871
loglik[68]       0.9999921  1.0000973
loglik[69]       1.0000465  1.0001556
loglik[7]        1.0000220  1.0000630
loglik[70]       0.9999806  1.0000395
loglik[71]       1.0000405  1.0000575
loglik[72]       1.0001065  1.0001766
loglik[73]       0.9999904  1.0000337
loglik[74]       1.0002641  1.0009685
loglik[75]       1.0002359  1.0009689
loglik[76]       1.0000018  1.0001237
loglik[77]       1.0001000  1.0003570
loglik[78]       1.0001778  1.0002537
loglik[79]       1.0000510  1.0002586
loglik[8]        1.0002170  1.0008321
loglik[80]       1.0001779  1.0002301
loglik[81]       1.0000643  1.0001160
loglik[82]       1.0001266  1.0001760
loglik[83]       1.0000842  1.0002564
loglik[84]       1.0001623  1.0003148
loglik[85]       1.0000153  1.0000813
loglik[86]       0.9999925  1.0000239
loglik[87]       1.0000735  1.0001383
loglik[88]       0.9999939  1.0000099
loglik[89]       0.9999699  0.9999901
loglik[9]        0.9999722  1.0000319
loglik[90]       1.0000123  1.0001542
loglik[91]       1.0001706  1.0005555
loglik[92]       1.0000984  1.0004334
loglik[93]       0.9999953  1.0000568
loglik[94]       0.9999843  1.0000619
loglik[95]       1.0000893  1.0003092
loglik[96]       0.9999765  1.0000354
loglik[97]       0.9999704  0.9999726
loglik[98]       1.0000579  1.0000649
loglik[99]       0.9999668  0.9999823
p.fac1[1,1]      1.0000690  1.0000702
p.fac1[1,2]      1.0000826  1.0000875
p.fac1[1,3]      0.9999860  1.0000107
p.fac1[1,4]      0.9999911  1.0000604
p.fac1[10,1]     1.0001135  1.0002942
p.fac1[10,2]     0.9999956  1.0000477
p.fac1[10,3]     0.9999919  1.0000983
p.fac1[10,4]     1.0002781  1.0004047
p.fac1[100,1]    1.0001258  1.0003915
p.fac1[100,2]    1.0000580  1.0002517
p.fac1[100,3]    0.9999943  1.0000123
p.fac1[100,4]    1.0005887  1.0007624
p.fac1[101,1]    1.0000298  1.0002296
p.fac1[101,2]    1.0001098  1.0002064
p.fac1[101,3]    1.0001121  1.0003876
p.fac1[101,4]    1.0001801  1.0002105
p.fac1[102,1]    0.9999665  1.0000022
p.fac1[102,2]    1.0000004  1.0000689
p.fac1[102,3]    0.9999604  0.9999806
p.fac1[102,4]    1.0004770  1.0008596
p.fac1[103,1]    0.9999729  0.9999927
p.fac1[103,2]    0.9999649  0.9999754
p.fac1[103,3]    1.0000284  1.0001189
p.fac1[103,4]    1.0000573  1.0000677
p.fac1[104,1]    0.9999884  1.0000426
p.fac1[104,2]    0.9999881  1.0000236
p.fac1[104,3]    1.0002937  1.0006512
p.fac1[104,4]    1.0000227  1.0000789
p.fac1[105,1]    1.0003841  1.0006576
p.fac1[105,2]    1.0001827  1.0005978
p.fac1[105,3]    1.0001215  1.0003655
p.fac1[105,4]    1.0000705  1.0003808
p.fac1[106,1]    1.0000227  1.0001679
p.fac1[106,2]    1.0001122  1.0004795
p.fac1[106,3]    1.0001544  1.0005999
p.fac1[106,4]    0.9999548  0.9999633
p.fac1[11,1]     1.0000785  1.0001818
p.fac1[11,2]     1.0000416  1.0002208
p.fac1[11,3]     1.0000219  1.0001062
p.fac1[11,4]     1.0000223  1.0001543
p.fac1[12,1]     1.0000108  1.0001627
p.fac1[12,2]     1.0000565  1.0003016
p.fac1[12,3]     1.0000814  1.0001827
p.fac1[12,4]     1.0002008  1.0007515
p.fac1[13,1]     0.9999698  1.0000039
p.fac1[13,2]     0.9999975  1.0001016
p.fac1[13,3]     1.0000429  1.0002262
p.fac1[13,4]     1.0000370  1.0000528
p.fac1[14,1]     1.0000282  1.0002095
p.fac1[14,2]     0.9999950  1.0000610
p.fac1[14,3]     1.0000834  1.0004378
p.fac1[14,4]     0.9999912  1.0000965
p.fac1[15,1]     1.0000458  1.0002668
p.fac1[15,2]     1.0000092  1.0001305
p.fac1[15,3]     1.0000085  1.0000392
p.fac1[15,4]     1.0000519  1.0000613
p.fac1[16,1]     0.9999705  1.0000207
p.fac1[16,2]     1.0000221  1.0001471
p.fac1[16,3]     1.0000122  1.0001253
p.fac1[16,4]     1.0005184  1.0011967
p.fac1[17,1]     0.9999888  1.0000153
p.fac1[17,2]     1.0000524  1.0002247
p.fac1[17,3]     0.9999594  0.9999722
p.fac1[17,4]     1.0002547  1.0003652
p.fac1[18,1]     1.0000855  1.0002808
p.fac1[18,2]     0.9999834  1.0000623
p.fac1[18,3]     1.0000654  1.0003288
p.fac1[18,4]     1.0005224  1.0008026
p.fac1[19,1]     1.0000032  1.0001267
p.fac1[19,2]     0.9999752  1.0000030
p.fac1[19,3]     1.0000003  1.0001020
p.fac1[19,4]     0.9999752  1.0000030
p.fac1[2,1]      0.9999909  1.0000139
p.fac1[2,2]      1.0000087  1.0001180
p.fac1[2,3]      1.0001566  1.0002422
p.fac1[2,4]      1.0001212  1.0003716
p.fac1[20,1]     1.0000257  1.0002209
p.fac1[20,2]     0.9999892  1.0000566
p.fac1[20,3]     1.0001589  1.0004066
p.fac1[20,4]     1.0001624  1.0003525
p.fac1[21,1]     1.0000690  1.0002910
p.fac1[21,2]     1.0000680  1.0003274
p.fac1[21,3]     1.0000304  1.0000457
p.fac1[21,4]     1.0000215  1.0000334
p.fac1[22,1]     1.0000228  1.0001784
p.fac1[22,2]     0.9999701  1.0000166
p.fac1[22,3]     1.0000742  1.0003538
p.fac1[22,4]     1.0001286  1.0004311
p.fac1[23,1]     1.0000631  1.0002605
p.fac1[23,2]     1.0000075  1.0001035
p.fac1[23,3]     1.0000566  1.0002986
p.fac1[23,4]     1.0014606  1.0017874
p.fac1[24,1]     1.0000262  1.0001575
p.fac1[24,2]     1.0000320  1.0002171
p.fac1[24,3]     1.0000434  1.0002432
p.fac1[24,4]     0.9999741  1.0000213
p.fac1[25,1]     1.0000061  1.0000242
p.fac1[25,2]     1.0001716  1.0003245
p.fac1[25,3]     1.0000297  1.0000825
p.fac1[25,4]     1.0004303  1.0004571
p.fac1[26,1]     1.0000126  1.0000274
p.fac1[26,2]     1.0000326  1.0000799
p.fac1[26,3]     1.0000560  1.0001247
p.fac1[26,4]     1.0000568  1.0000794
p.fac1[27,1]     0.9999769  1.0000240
p.fac1[27,2]     0.9999603  0.9999774
p.fac1[27,3]     0.9999666  0.9999976
p.fac1[27,4]     0.9999783  0.9999789
p.fac1[28,1]     1.0000572  1.0001197
p.fac1[28,2]     0.9999984  1.0000047
p.fac1[28,3]     1.0000184  1.0001740
p.fac1[28,4]     0.9999742  1.0000008
p.fac1[29,1]     1.0000223  1.0000502
p.fac1[29,2]     0.9999677  0.9999721
p.fac1[29,3]     1.0000449  1.0001178
p.fac1[29,4]     1.0000515  1.0001042
p.fac1[3,1]      1.0001628  1.0004964
p.fac1[3,2]      1.0000807  1.0001945
p.fac1[3,3]      1.0001901  1.0006518
p.fac1[3,4]      1.0003529  1.0008252
p.fac1[30,1]     1.0000191  1.0000782
p.fac1[30,2]     0.9999861  1.0000718
p.fac1[30,3]     1.0000617  1.0000899
p.fac1[30,4]     0.9999895  1.0000454
p.fac1[31,1]     1.0002947  1.0005706
p.fac1[31,2]     0.9999926  1.0000842
p.fac1[31,3]     1.0002392  1.0008343
p.fac1[31,4]     1.0001183  1.0001750
p.fac1[32,1]     0.9999834  1.0000521
p.fac1[32,2]     1.0000706  1.0003815
p.fac1[32,3]     0.9999918  1.0001013
p.fac1[32,4]     1.0003044  1.0006274
p.fac1[33,1]     1.0000890  1.0004127
p.fac1[33,2]     1.0000040  1.0001011
p.fac1[33,3]     1.0000205  1.0001556
p.fac1[33,4]     1.0003324  1.0005554
p.fac1[34,1]     1.0000717  1.0003709
p.fac1[34,2]     1.0000413  1.0002544
p.fac1[34,3]     1.0001470  1.0002997
p.fac1[34,4]     1.0003665  1.0005938
p.fac1[35,1]     0.9999561  0.9999646
p.fac1[35,2]     0.9999607  0.9999706
p.fac1[35,3]     0.9999682  0.9999728
p.fac1[35,4]     1.0000127  1.0000767
p.fac1[36,1]     1.0000293  1.0001433
p.fac1[36,2]     1.0000786  1.0002148
p.fac1[36,3]     1.0000245  1.0001069
p.fac1[36,4]     1.0000076  1.0000421
p.fac1[37,1]     1.0001341  1.0003317
p.fac1[37,2]     1.0002904  1.0004557
p.fac1[37,3]     0.9999970  1.0000890
p.fac1[37,4]     1.0000063  1.0000065
p.fac1[38,1]     1.0000536  1.0001956
p.fac1[38,2]     0.9999985  1.0001107
p.fac1[38,3]     0.9999875  1.0000165
p.fac1[38,4]     0.9999885  1.0000806
p.fac1[39,1]     0.9999645  0.9999894
p.fac1[39,2]     0.9999659  0.9999923
p.fac1[39,3]     0.9999614  0.9999866
p.fac1[39,4]     1.0002207  1.0002305
p.fac1[4,1]      1.0001105  1.0004406
p.fac1[4,2]      1.0002871  1.0003840
p.fac1[4,3]      1.0000102  1.0001668
p.fac1[4,4]      0.9999940  1.0000305
p.fac1[40,1]     1.0001842  1.0004609
p.fac1[40,2]     1.0000373  1.0000884
p.fac1[40,3]     1.0003184  1.0006916
p.fac1[40,4]     1.0003175  1.0003358
p.fac1[41,1]     1.0001670  1.0004228
p.fac1[41,2]     0.9999588  0.9999601
p.fac1[41,3]     1.0000433  1.0001855
p.fac1[41,4]     1.0002647  1.0004452
p.fac1[42,1]     1.0003403  1.0012023
p.fac1[42,2]     1.0000434  1.0001915
p.fac1[42,3]     1.0000797  1.0003801
p.fac1[42,4]     1.0001071  1.0003715
p.fac1[43,1]     1.0000111  1.0001117
p.fac1[43,2]     1.0002778  1.0004940
p.fac1[43,3]     1.0000186  1.0001241
p.fac1[43,4]     1.0001403  1.0003951
p.fac1[44,1]     1.0000462  1.0002771
p.fac1[44,2]     1.0000657  1.0002264
p.fac1[44,3]     1.0000689  1.0003881
p.fac1[44,4]     1.0001138  1.0001647
p.fac1[45,1]     1.0000326  1.0000606
p.fac1[45,2]     1.0003146  1.0006059
p.fac1[45,3]     1.0001044  1.0003452
p.fac1[45,4]     1.0000839  1.0001775
p.fac1[46,1]     1.0001125  1.0003514
p.fac1[46,2]     1.0000896  1.0003124
p.fac1[46,3]     0.9999930  1.0000443
p.fac1[46,4]     1.0006226  1.0008513
p.fac1[47,1]     0.9999760  1.0000094
p.fac1[47,2]     1.0003026  1.0006674
p.fac1[47,3]     1.0000021  1.0001093
p.fac1[47,4]     1.0005688  1.0006751
p.fac1[48,1]     0.9999698  1.0000114
p.fac1[48,2]     0.9999642  0.9999707
p.fac1[48,3]     1.0000725  1.0001149
p.fac1[48,4]     0.9999904  1.0000077
p.fac1[49,1]     1.0000326  1.0001310
p.fac1[49,2]     0.9999751  0.9999928
p.fac1[49,3]     0.9999983  1.0000553
p.fac1[49,4]     1.0000001  1.0000522
p.fac1[5,1]      1.0000164  1.0001310
p.fac1[5,2]      0.9999586  0.9999795
p.fac1[5,3]      0.9999922  1.0001023
p.fac1[5,4]      1.0002080  1.0003031
p.fac1[50,1]     1.0000902  1.0003541
p.fac1[50,2]     1.0002725  1.0007831
p.fac1[50,3]     1.0002778  1.0005623
p.fac1[50,4]     1.0003457  1.0004827
p.fac1[51,1]     1.0000117  1.0001038
p.fac1[51,2]     0.9999930  1.0000176
p.fac1[51,3]     0.9999820  1.0000280
p.fac1[51,4]     1.0000649  1.0001321
p.fac1[52,1]     1.0000918  1.0002773
p.fac1[52,2]     1.0002871  1.0004859
p.fac1[52,3]     1.0003937  1.0008300
p.fac1[52,4]     1.0003525  1.0003529
p.fac1[53,1]     1.0000115  1.0001078
p.fac1[53,2]     0.9999888  1.0000025
p.fac1[53,3]     0.9999588  0.9999676
p.fac1[53,4]     1.0002899  1.0006194
p.fac1[54,1]     0.9999854  1.0000243
p.fac1[54,2]     0.9999811  0.9999860
p.fac1[54,3]     1.0000183  1.0000613
p.fac1[54,4]     1.0000070  1.0000978
p.fac1[55,1]     0.9999712  1.0000085
p.fac1[55,2]     1.0000264  1.0001354
p.fac1[55,3]     1.0000110  1.0001035
p.fac1[55,4]     1.0000400  1.0001457
p.fac1[56,1]     1.0000827  1.0002789
p.fac1[56,2]     1.0000608  1.0001602
p.fac1[56,3]     1.0002616  1.0005791
p.fac1[56,4]     1.0001485  1.0005898
p.fac1[57,1]     1.0000339  1.0002452
p.fac1[57,2]     1.0001123  1.0003275
p.fac1[57,3]     1.0000366  1.0001741
p.fac1[57,4]     1.0001664  1.0002178
p.fac1[58,1]     0.9999887  1.0000272
p.fac1[58,2]     1.0000832  1.0001255
p.fac1[58,3]     1.0000610  1.0002261
p.fac1[58,4]     0.9999692  0.9999754
p.fac1[59,1]     1.0000237  1.0001839
p.fac1[59,2]     1.0000238  1.0002133
p.fac1[59,3]     1.0000795  1.0004271
p.fac1[59,4]     1.0000464  1.0001399
p.fac1[6,1]      0.9999795  0.9999966
p.fac1[6,2]      1.0000233  1.0000438
p.fac1[6,3]      0.9999675  0.9999856
p.fac1[6,4]      1.0001179  1.0002066
p.fac1[60,1]     0.9999674  1.0000005
p.fac1[60,2]     1.0000957  1.0002371
p.fac1[60,3]     1.0000419  1.0002621
p.fac1[60,4]     1.0000937  1.0003345
p.fac1[61,1]     1.0003795  1.0008691
p.fac1[61,2]     1.0001847  1.0004785
p.fac1[61,3]     1.0004554  1.0008105
p.fac1[61,4]     1.0004213  1.0006723
p.fac1[62,1]     1.0000353  1.0000985
p.fac1[62,2]     1.0000054  1.0000062
p.fac1[62,3]     0.9999760  1.0000118
p.fac1[62,4]     0.9999967  1.0000642
p.fac1[63,1]     1.0000632  1.0001867
p.fac1[63,2]     1.0000373  1.0001059
p.fac1[63,3]     0.9999923  1.0001004
p.fac1[63,4]     0.9999737  0.9999873
p.fac1[64,1]     1.0003307  1.0012090
p.fac1[64,2]     1.0002297  1.0006622
p.fac1[64,3]     0.9999930  1.0000425
p.fac1[64,4]     0.9999923  1.0000129
p.fac1[65,1]     0.9999853  0.9999959
p.fac1[65,2]     1.0002482  1.0003623
p.fac1[65,3]     1.0000009  1.0000219
p.fac1[65,4]     1.0003241  1.0004310
p.fac1[66,1]     1.0000053  1.0000808
p.fac1[66,2]     1.0000778  1.0002791
p.fac1[66,3]     1.0000153  1.0001535
p.fac1[66,4]     1.0007602  1.0007739
p.fac1[67,1]     1.0000242  1.0001879
p.fac1[67,2]     0.9999675  1.0000140
p.fac1[67,3]     1.0000038  1.0000454
p.fac1[67,4]     1.0004034  1.0007398
p.fac1[68,1]     1.0000210  1.0000858
p.fac1[68,2]     1.0000079  1.0000401
p.fac1[68,3]     1.0000085  1.0000612
p.fac1[68,4]     1.0002293  1.0002611
p.fac1[69,1]     1.0000035  1.0001256
p.fac1[69,2]     1.0000209  1.0001607
p.fac1[69,3]     0.9999961  1.0000335
p.fac1[69,4]     1.0001741  1.0002596
p.fac1[7,1]      1.0000119  1.0001079
p.fac1[7,2]      1.0000776  1.0002005
p.fac1[7,3]      0.9999977  1.0000376
p.fac1[7,4]      1.0004330  1.0004937
p.fac1[70,1]     0.9999853  1.0000570
p.fac1[70,2]     0.9999612  0.9999895
p.fac1[70,3]     1.0000135  1.0000343
p.fac1[70,4]     1.0002161  1.0005017
p.fac1[71,1]     1.0000305  1.0001281
p.fac1[71,2]     0.9999585  0.9999706
p.fac1[71,3]     1.0000705  1.0001432
p.fac1[71,4]     1.0000047  1.0000394
p.fac1[72,1]     1.0000765  1.0003315
p.fac1[72,2]     0.9999980  1.0000995
p.fac1[72,3]     0.9999969  1.0000987
p.fac1[72,4]     1.0001454  1.0002818
p.fac1[73,1]     1.0001422  1.0005320
p.fac1[73,2]     1.0000234  1.0001757
p.fac1[73,3]     1.0000776  1.0003739
p.fac1[73,4]     0.9999810  1.0000423
p.fac1[74,1]     1.0004138  1.0011784
p.fac1[74,2]     1.0002430  1.0008806
p.fac1[74,3]     0.9999646  0.9999782
p.fac1[74,4]     1.0001798  1.0006894
p.fac1[75,1]     0.9999761  1.0000348
p.fac1[75,2]     1.0000386  1.0001039
p.fac1[75,3]     1.0000392  1.0001562
p.fac1[75,4]     1.0009682  1.0012258
p.fac1[76,1]     1.0002020  1.0006236
p.fac1[76,2]     0.9999698  0.9999773
p.fac1[76,3]     1.0002314  1.0009033
p.fac1[76,4]     0.9999961  1.0000675
p.fac1[77,1]     1.0000371  1.0001884
p.fac1[77,2]     1.0000968  1.0003590
p.fac1[77,3]     1.0001818  1.0006818
p.fac1[77,4]     1.0002208  1.0004756
p.fac1[78,1]     1.0002313  1.0009749
p.fac1[78,2]     1.0000149  1.0001020
p.fac1[78,3]     1.0001206  1.0005575
p.fac1[78,4]     0.9999882  1.0000270
p.fac1[79,1]     1.0001375  1.0004752
p.fac1[79,2]     1.0002038  1.0006730
p.fac1[79,3]     1.0000150  1.0001057
p.fac1[79,4]     1.0003051  1.0006791
p.fac1[8,1]      1.0001451  1.0005555
p.fac1[8,2]      1.0000533  1.0002233
p.fac1[8,3]      1.0001937  1.0007525
p.fac1[8,4]      1.0004365  1.0007062
p.fac1[80,1]     0.9999706  0.9999913
p.fac1[80,2]     1.0000009  1.0001187
p.fac1[80,3]     1.0000289  1.0002159
p.fac1[80,4]     1.0000274  1.0001249
p.fac1[81,1]     1.0000263  1.0001330
p.fac1[81,2]     1.0000213  1.0000354
p.fac1[81,3]     1.0000057  1.0000738
p.fac1[81,4]     0.9999967  1.0000461
p.fac1[82,1]     1.0001879  1.0007663
p.fac1[82,2]     0.9999881  0.9999921
p.fac1[82,3]     1.0002263  1.0008179
p.fac1[82,4]     1.0005128  1.0008758
p.fac1[83,1]     1.0000489  1.0002260
p.fac1[83,2]     1.0000933  1.0003991
p.fac1[83,3]     1.0004246  1.0008087
p.fac1[83,4]     1.0001687  1.0004350
p.fac1[84,1]     1.0000887  1.0003513
p.fac1[84,2]     1.0001186  1.0005008
p.fac1[84,3]     1.0001976  1.0003320
p.fac1[84,4]     1.0000643  1.0001738
p.fac1[85,1]     1.0000531  1.0000877
p.fac1[85,2]     1.0000633  1.0002679
p.fac1[85,3]     1.0002999  1.0004716
p.fac1[85,4]     1.0002414  1.0004295
p.fac1[86,1]     0.9999627  0.9999698
p.fac1[86,2]     0.9999978  1.0000994
p.fac1[86,3]     0.9999671  1.0000036
p.fac1[86,4]     1.0000788  1.0001900
p.fac1[87,1]     1.0000348  1.0001516
p.fac1[87,2]     1.0000305  1.0002139
p.fac1[87,3]     1.0003282  1.0009589
p.fac1[87,4]     1.0000853  1.0001331
p.fac1[88,1]     0.9999842  0.9999930
p.fac1[88,2]     0.9999984  1.0000426
p.fac1[88,3]     1.0000331  1.0002183
p.fac1[88,4]     1.0000099  1.0000539
p.fac1[89,1]     1.0000434  1.0001407
p.fac1[89,2]     0.9999720  0.9999729
p.fac1[89,3]     1.0000672  1.0002045
p.fac1[89,4]     1.0000621  1.0000661
p.fac1[9,1]      0.9999761  0.9999886
p.fac1[9,2]      1.0000646  1.0001671
p.fac1[9,3]      0.9999751  0.9999970
p.fac1[9,4]      1.0003826  1.0004993
p.fac1[90,1]     1.0002122  1.0007275
p.fac1[90,2]     1.0001264  1.0002337
p.fac1[90,3]     1.0001424  1.0005025
p.fac1[90,4]     1.0003065  1.0007145
p.fac1[91,1]     1.0000243  1.0001145
p.fac1[91,2]     0.9999946  1.0000456
p.fac1[91,3]     1.0002146  1.0005326
p.fac1[91,4]     1.0006140  1.0009180
p.fac1[92,1]     0.9999980  1.0000766
p.fac1[92,2]     1.0000610  1.0003589
p.fac1[92,3]     0.9999964  1.0000183
p.fac1[92,4]     1.0002126  1.0005163
p.fac1[93,1]     0.9999985  1.0000875
p.fac1[93,2]     0.9999587  0.9999789
p.fac1[93,3]     0.9999680  0.9999913
p.fac1[93,4]     1.0004788  1.0009308
p.fac1[94,1]     1.0002552  1.0008794
p.fac1[94,2]     1.0000248  1.0002205
p.fac1[94,3]     1.0001254  1.0005761
p.fac1[94,4]     0.9999610  0.9999673
p.fac1[95,1]     1.0000071  1.0000897
p.fac1[95,2]     1.0000031  1.0001298
p.fac1[95,3]     1.0000036  1.0000521
p.fac1[95,4]     1.0005642  1.0007623
p.fac1[96,1]     1.0001367  1.0003237
p.fac1[96,2]     1.0000037  1.0001421
p.fac1[96,3]     1.0000581  1.0001360
p.fac1[96,4]     1.0004405  1.0008914
p.fac1[97,1]     1.0000381  1.0001710
p.fac1[97,2]     0.9999956  1.0000390
p.fac1[97,3]     0.9999668  1.0000075
p.fac1[97,4]     1.0000679  1.0001028
p.fac1[98,1]     1.0000501  1.0003044
p.fac1[98,2]     0.9999978  1.0001159
p.fac1[98,3]     0.9999891  1.0000811
p.fac1[98,4]     1.0001731  1.0004444
p.fac1[99,1]     0.9999956  1.0000639
p.fac1[99,2]     0.9999791  1.0000298
p.fac1[99,3]     0.9999553  0.9999621
p.fac1[99,4]     1.0002947  1.0005048
p.global[1]      1.0000690  1.0000702
p.global[2]      1.0000826  1.0000875
p.global[3]      0.9999860  1.0000107
p.global[4]      0.9999911  1.0000604

################################################################################
# Geweke Diagnostic
################################################################################

The Geweke diagnostic is a standard z-score, so we'd expect 5% to be outside +/-1.96
Number of variables outside +/-1.96 in each chain (out of 
853
):


       Chain 1 Chain 2 Chain 3
Geweke      50      57      43


And here are the Geweke diagnostics for all variables:

                chain1 chain2 chain3
deviance         0.242 -0.939 -0.172
ilr.fac1[10,1]   0.156 -0.390 -0.388
ilr.fac1[10,2]  -0.503  0.417  1.289
ilr.fac1[10,3]  -0.290 -0.523  1.259
ilr.fac1[100,1] -0.827  2.170 -1.083
ilr.fac1[100,2] -0.446  2.251 -0.601
ilr.fac1[100,3]  0.330 -0.963  0.286
ilr.fac1[101,1] -0.543  0.413 -1.423
ilr.fac1[101,2] -2.486 -2.057  1.282
ilr.fac1[101,3] -2.074 -1.395 -0.269
ilr.fac1[102,1] -0.013 -0.437  0.205
ilr.fac1[102,2] -0.206 -0.450  0.428
ilr.fac1[102,3] -0.157  0.207  0.608
ilr.fac1[103,1]  0.680  0.354 -1.981
ilr.fac1[103,2]  0.694 -0.925  1.218
ilr.fac1[103,3]  0.781  0.889  1.091
ilr.fac1[104,1] -2.261  0.885  0.136
ilr.fac1[104,2] -0.406 -0.513 -0.648
ilr.fac1[104,3]  1.748 -0.773 -0.438
ilr.fac1[105,1] -0.284 -0.499 -1.189
ilr.fac1[105,2]  0.794  1.749 -0.039
ilr.fac1[105,3]  0.009  0.305  0.790
ilr.fac1[106,1] -0.283  0.937 -1.641
ilr.fac1[106,2] -1.581 -0.742 -0.338
ilr.fac1[106,3] -0.908 -0.845  0.076
ilr.fac1[11,1]  -0.335 -0.106  1.188
ilr.fac1[11,2]   0.260 -0.670 -0.733
ilr.fac1[11,3]   1.556 -1.503 -0.733
ilr.fac1[12,1]  -0.192 -2.196  1.280
ilr.fac1[12,2]   0.527 -0.718  0.924
ilr.fac1[12,3]   0.649 -0.070  0.178
ilr.fac1[13,1]   0.566  1.286  0.598
ilr.fac1[13,2]   1.762  1.816  0.626
ilr.fac1[13,3]  -0.075 -0.452 -2.232
ilr.fac1[14,1]  -0.624  1.033  0.753
ilr.fac1[14,2]   1.121  1.977 -1.072
ilr.fac1[14,3]  -0.265 -1.263 -0.201
ilr.fac1[15,1]   0.426  0.521  0.478
ilr.fac1[15,2]  -0.287  0.486  0.582
ilr.fac1[15,3]  -0.206  0.365  0.722
ilr.fac1[16,1]  -0.956 -1.184 -0.819
ilr.fac1[16,2]  -0.580 -1.659 -1.389
ilr.fac1[16,3]   0.743  0.963  2.003
ilr.fac1[17,1]   0.977  0.568  1.473
ilr.fac1[17,2]  -0.996 -1.721 -0.564
ilr.fac1[17,3]   0.014  1.653  0.778
ilr.fac1[18,1]   0.538  2.357 -0.789
ilr.fac1[18,2]  -0.898  0.831 -2.195
ilr.fac1[18,3]   1.192 -0.168  0.806
ilr.fac1[19,1]   0.197 -1.051 -2.671
ilr.fac1[19,2]  -0.362 -1.582 -1.060
ilr.fac1[19,3]   1.141  1.836  0.422
ilr.fac1[2,1]    0.585 -1.324 -0.379
ilr.fac1[2,2]   -0.012 -0.967 -0.124
ilr.fac1[2,3]   -0.902  0.688  0.107
ilr.fac1[20,1]   0.901 -0.178 -0.400
ilr.fac1[20,2]  -0.483  0.803  0.626
ilr.fac1[20,3]  -1.789 -0.556 -0.100
ilr.fac1[21,1]  -0.219  0.370 -0.589
ilr.fac1[21,2]  -0.647  0.462  0.307
ilr.fac1[21,3]   0.420 -0.392  0.941
ilr.fac1[22,1]   0.861  0.399  1.170
ilr.fac1[22,2]  -0.566  0.988  0.084
ilr.fac1[22,3]  -0.281 -1.503 -0.710
ilr.fac1[23,1]   1.391 -0.684 -1.983
ilr.fac1[23,2]   0.354 -1.761  0.068
ilr.fac1[23,3]  -1.466  0.861  0.071
ilr.fac1[24,1]  -0.128  0.297 -0.189
ilr.fac1[24,2]  -0.306  0.322 -0.370
ilr.fac1[24,3]   0.327 -0.792  0.073
ilr.fac1[25,1]  -0.514 -0.830  1.414
ilr.fac1[25,2]   1.465  0.518 -0.410
ilr.fac1[25,3]   0.656  0.642  0.704
ilr.fac1[26,1]  -1.600  1.302 -1.475
ilr.fac1[26,2]  -0.961 -1.615  0.599
ilr.fac1[26,3]   0.761 -0.684  0.473
ilr.fac1[27,1]   0.727 -0.239 -0.087
ilr.fac1[27,2]   2.140 -0.642 -0.417
ilr.fac1[27,3]  -0.591 -1.310 -1.169
ilr.fac1[28,1]   0.595  0.115 -0.169
ilr.fac1[28,2]   1.358 -2.795 -0.514
ilr.fac1[28,3]  -0.757 -0.630 -0.154
ilr.fac1[29,1]  -1.358 -0.514  0.144
ilr.fac1[29,2]  -1.088 -0.279 -0.480
ilr.fac1[29,3]   1.122 -0.331  0.580
ilr.fac1[3,1]   -0.096 -0.661 -1.443
ilr.fac1[3,2]    0.202  0.899  1.139
ilr.fac1[3,3]   -0.662 -1.364 -0.885
ilr.fac1[30,1]  -0.552 -0.120  1.457
ilr.fac1[30,2]  -0.814  0.749  0.682
ilr.fac1[30,3]   1.396  0.774 -0.632
ilr.fac1[31,1]   0.499  1.073 -0.017
ilr.fac1[31,2]   1.089 -0.603 -0.500
ilr.fac1[31,3]  -0.785  0.356  0.600
ilr.fac1[32,1]  -0.748 -0.221  0.803
ilr.fac1[32,2]   0.147  0.695  0.726
ilr.fac1[32,3]   0.876 -0.505 -0.386
ilr.fac1[33,1]  -1.291 -1.517 -0.315
ilr.fac1[33,2]  -0.237 -1.814  0.722
ilr.fac1[33,3]   1.307  0.078 -0.663
ilr.fac1[34,1]  -0.124  0.545  0.632
ilr.fac1[34,2]  -0.055  0.528 -1.573
ilr.fac1[34,3]  -0.066 -0.548 -1.091
ilr.fac1[35,1]  -0.165 -0.671  0.318
ilr.fac1[35,2]   0.522  2.464 -0.182
ilr.fac1[35,3]  -0.399 -0.564 -1.437
ilr.fac1[36,1]   0.801 -0.378 -0.189
ilr.fac1[36,2]  -2.585  1.132 -1.692
ilr.fac1[36,3]  -1.301 -1.336  0.366
ilr.fac1[37,1]   0.286 -0.750  0.055
ilr.fac1[37,2]   2.197  0.349 -1.005
ilr.fac1[37,3]  -2.437 -1.359  1.757
ilr.fac1[38,1]  -1.283 -0.229  0.585
ilr.fac1[38,2]   1.071 -0.562 -1.618
ilr.fac1[38,3]  -0.634  0.134 -0.757
ilr.fac1[39,1]   0.241 -1.915 -1.298
ilr.fac1[39,2]  -0.239 -0.417 -0.252
ilr.fac1[39,3]  -0.182  0.650 -1.501
ilr.fac1[4,1]    0.705  0.083  0.505
ilr.fac1[4,2]    0.177  0.599  0.071
ilr.fac1[4,3]   -0.294  0.556 -0.902
ilr.fac1[40,1]   1.436 -0.038 -0.935
ilr.fac1[40,2]   1.343  0.206 -0.013
ilr.fac1[40,3]   0.231  0.273  0.894
ilr.fac1[41,1]   0.035 -2.043  0.814
ilr.fac1[41,2]   0.365  0.519  1.909
ilr.fac1[41,3]   0.607 -0.270 -1.759
ilr.fac1[42,1]  -0.645 -1.565  0.139
ilr.fac1[42,2]   0.057 -0.254  0.076
ilr.fac1[42,3]   0.625  0.377 -0.154
ilr.fac1[43,1]   0.356  0.836  1.328
ilr.fac1[43,2]  -0.438 -0.469  0.160
ilr.fac1[43,3]  -1.018 -0.177  1.049
ilr.fac1[44,1]  -0.163  0.319  0.146
ilr.fac1[44,2]   0.428 -3.237 -0.443
ilr.fac1[44,3]   1.296  1.250  2.137
ilr.fac1[45,1]   0.939  0.109  0.199
ilr.fac1[45,2]   0.170  1.306 -1.116
ilr.fac1[45,3]   0.587  0.164  0.326
ilr.fac1[46,1]  -0.375 -0.157 -0.247
ilr.fac1[46,2]   2.284  0.390  0.484
ilr.fac1[46,3]  -0.764  1.293 -0.405
ilr.fac1[47,1]  -0.582 -0.841  1.165
ilr.fac1[47,2]  -0.906  0.560  0.056
ilr.fac1[47,3]  -0.220  0.436  0.961
ilr.fac1[48,1]  -3.121 -0.504  1.433
ilr.fac1[48,2]   0.789  1.461  0.032
ilr.fac1[48,3]   0.633 -1.227  1.016
ilr.fac1[49,1]  -0.696 -0.938 -0.068
ilr.fac1[49,2]   1.001 -1.523  0.443
ilr.fac1[49,3]   0.788  2.099 -0.019
ilr.fac1[5,1]   -1.922 -0.148  0.282
ilr.fac1[5,2]   -2.078  0.774  0.272
ilr.fac1[5,3]    0.538 -0.579  0.261
ilr.fac1[50,1]  -0.488 -0.593 -2.114
ilr.fac1[50,2]   1.387  2.234  0.681
ilr.fac1[50,3]  -0.696  0.084 -1.548
ilr.fac1[51,1]  -0.087  0.083  1.857
ilr.fac1[51,2]  -0.235 -0.554  0.929
ilr.fac1[51,3]   0.831 -0.191 -0.852
ilr.fac1[52,1]  -0.124 -0.009 -2.039
ilr.fac1[52,2]   0.035 -1.089 -1.498
ilr.fac1[52,3]  -0.520  1.118 -0.809
ilr.fac1[53,1]  -0.367  0.576  0.114
ilr.fac1[53,2]   1.783  0.817  0.483
ilr.fac1[53,3]  -0.463  0.162  0.407
ilr.fac1[54,1]  -0.503 -1.723  0.157
ilr.fac1[54,2]  -0.509 -1.320 -0.563
ilr.fac1[54,3]  -0.318 -1.054  0.205
ilr.fac1[55,1]  -1.400  0.174  0.591
ilr.fac1[55,2]   0.922 -0.167  0.262
ilr.fac1[55,3]   0.333  1.484  0.330
ilr.fac1[56,1]  -1.696  2.635 -0.419
ilr.fac1[56,2]  -0.184  1.318  1.236
ilr.fac1[56,3]  -1.109  0.469  0.570
ilr.fac1[57,1]   0.479 -0.711  1.092
ilr.fac1[57,2]  -1.000 -0.795  0.991
ilr.fac1[57,3]  -0.167 -0.172  1.813
ilr.fac1[58,1]  -0.349  1.321  1.059
ilr.fac1[58,2]  -0.205  0.571 -0.591
ilr.fac1[58,3]   0.160 -0.377  0.908
ilr.fac1[59,1]  -1.247 -0.038 -0.086
ilr.fac1[59,2]  -0.714 -0.458  0.070
ilr.fac1[59,3]   0.470 -1.449  1.787
ilr.fac1[6,1]    1.263 -0.213  0.464
ilr.fac1[6,2]   -0.765 -0.531  0.711
ilr.fac1[6,3]   -0.552  0.463 -1.268
ilr.fac1[60,1]  -0.038 -0.416 -0.488
ilr.fac1[60,2]  -0.871 -0.945 -0.801
ilr.fac1[60,3]  -0.710 -0.041  0.779
ilr.fac1[61,1]  -1.657  0.752 -1.053
ilr.fac1[61,2]  -0.837  0.024  1.596
ilr.fac1[61,3]  -1.541  1.460  1.023
ilr.fac1[62,1]   0.661  0.384 -0.823
ilr.fac1[62,2]  -0.703  0.888  0.175
ilr.fac1[62,3]  -0.433  0.369  0.845
ilr.fac1[63,1]   0.500 -0.531  1.510
ilr.fac1[63,2]  -1.306 -0.019  0.850
ilr.fac1[63,3]  -0.430 -0.012 -0.807
ilr.fac1[64,1]   1.667 -1.193  1.609
ilr.fac1[64,2]   2.076  1.072  0.059
ilr.fac1[64,3]  -1.194  3.323  0.805
ilr.fac1[65,1]  -0.056  0.704  1.568
ilr.fac1[65,2]  -0.067  1.706 -0.490
ilr.fac1[65,3]  -1.380 -1.087 -0.048
ilr.fac1[66,1]   0.828  0.247 -0.294
ilr.fac1[66,2]  -0.600  1.383 -0.599
ilr.fac1[66,3]   0.783 -1.313 -1.132
ilr.fac1[67,1]   1.145  0.795 -1.725
ilr.fac1[67,2]   0.943 -0.868 -1.648
ilr.fac1[67,3]   0.158  1.194 -0.007
ilr.fac1[68,1]  -0.384  0.021  1.444
ilr.fac1[68,2]  -0.807  0.057 -0.558
ilr.fac1[68,3]  -0.001  0.370  0.121
ilr.fac1[69,1]  -0.482 -0.542 -0.572
ilr.fac1[69,2]   0.228 -2.181  1.020
ilr.fac1[69,3]   0.351  0.706  0.671
ilr.fac1[7,1]    2.527  1.356 -1.621
ilr.fac1[7,2]    1.805  0.148 -0.654
ilr.fac1[7,3]   -0.971 -1.899  1.947
ilr.fac1[70,1]   2.211  0.105  0.883
ilr.fac1[70,2]  -1.309 -0.802 -0.895
ilr.fac1[70,3]  -1.257  0.652 -0.452
ilr.fac1[71,1]   1.178 -1.432  0.824
ilr.fac1[71,2]  -0.468 -0.361  0.511
ilr.fac1[71,3]  -0.339  2.315  0.240
ilr.fac1[72,1]   0.201  0.006  0.664
ilr.fac1[72,2]   0.816  0.143  1.094
ilr.fac1[72,3]  -1.941 -1.452  1.764
ilr.fac1[73,1]  -2.751 -0.752 -0.287
ilr.fac1[73,2]  -0.041 -0.246 -0.087
ilr.fac1[73,3]   1.180 -0.879 -0.991
ilr.fac1[74,1]   0.822  0.085  0.481
ilr.fac1[74,2]  -0.073  2.697  1.958
ilr.fac1[74,3]   0.460 -0.721  1.248
ilr.fac1[75,1]  -0.787  0.673 -1.305
ilr.fac1[75,2]   1.112  1.027 -0.639
ilr.fac1[75,3]  -0.229 -1.770 -0.429
ilr.fac1[76,1]   2.815  0.617  0.504
ilr.fac1[76,2]   0.897 -0.241  2.821
ilr.fac1[76,3]  -1.802 -0.253  0.550
ilr.fac1[77,1]   0.754  0.782 -1.224
ilr.fac1[77,2]   0.252 -0.298  1.029
ilr.fac1[77,3]  -0.975 -0.330  0.997
ilr.fac1[78,1]  -0.216  0.178  0.589
ilr.fac1[78,2]  -1.195  0.837  1.720
ilr.fac1[78,3]   0.572 -0.180  0.075
ilr.fac1[79,1]   0.746  1.145  1.004
ilr.fac1[79,2]  -0.213 -0.337  0.844
ilr.fac1[79,3]  -0.355 -2.301  1.269
ilr.fac1[8,1]   -0.957 -1.187  0.444
ilr.fac1[8,2]   -2.489 -0.835  0.894
ilr.fac1[8,3]    1.448 -0.747 -0.263
ilr.fac1[80,1]  -0.552 -0.485  1.224
ilr.fac1[80,2]  -2.112  1.208 -0.188
ilr.fac1[80,3]  -0.536 -1.098  0.410
ilr.fac1[81,1]   1.204 -1.342 -1.016
ilr.fac1[81,2]   0.292  0.189 -0.534
ilr.fac1[81,3]   0.317 -1.118  0.390
ilr.fac1[82,1]   0.430 -1.769  0.156
ilr.fac1[82,2]   0.519 -0.018 -1.614
ilr.fac1[82,3]   0.377  0.498 -0.417
ilr.fac1[83,1]   0.079  1.431  0.612
ilr.fac1[83,2]  -1.075 -1.713 -0.602
ilr.fac1[83,3]  -0.916  0.770 -1.684
ilr.fac1[84,1]  -0.568 -2.154  0.062
ilr.fac1[84,2]  -0.503  0.009  2.583
ilr.fac1[84,3]  -0.728 -0.946  1.047
ilr.fac1[85,1]   0.759  1.821 -0.456
ilr.fac1[85,2]   1.203 -0.587  1.311
ilr.fac1[85,3]  -0.282 -0.794  0.323
ilr.fac1[86,1]   0.406  0.436 -0.151
ilr.fac1[86,2]  -0.037  0.992  1.549
ilr.fac1[86,3]   1.375 -1.471  1.719
ilr.fac1[87,1]  -1.149  1.198 -1.478
ilr.fac1[87,2]   0.823 -0.005  0.911
ilr.fac1[87,3]  -0.829  0.474  2.177
ilr.fac1[88,1]   1.860  0.513  0.390
ilr.fac1[88,2]   0.848  1.131 -0.143
ilr.fac1[88,3]  -1.343  0.108  0.452
ilr.fac1[89,1]   0.745 -0.030 -1.704
ilr.fac1[89,2]   0.651  0.646 -0.834
ilr.fac1[89,3]   0.055 -0.687  0.877
ilr.fac1[9,1]    0.177  0.290 -0.619
ilr.fac1[9,2]   -0.749  0.401 -0.413
ilr.fac1[9,3]    0.495 -1.006 -0.724
ilr.fac1[90,1]  -0.068  1.567  0.480
ilr.fac1[90,2]  -0.314 -1.140 -0.829
ilr.fac1[90,3]  -0.137 -1.527 -2.048
ilr.fac1[91,1]   0.348  0.074  0.578
ilr.fac1[91,2]   1.010  0.020 -0.300
ilr.fac1[91,3]   1.043  0.349  0.398
ilr.fac1[92,1]   0.810  0.599  0.444
ilr.fac1[92,2]  -0.604 -0.092  0.593
ilr.fac1[92,3]   1.123 -2.029 -0.007
ilr.fac1[93,1]   0.615 -2.052 -1.042
ilr.fac1[93,2]   2.205  1.196 -0.146
ilr.fac1[93,3]   1.004  1.238 -0.926
ilr.fac1[94,1]  -0.628  0.816 -0.219
ilr.fac1[94,2]   1.534 -0.310 -0.927
ilr.fac1[94,3]   0.830 -2.061  2.144
ilr.fac1[95,1]  -0.828 -0.486  2.151
ilr.fac1[95,2]  -0.394 -1.724  0.545
ilr.fac1[95,3]   0.210  0.712 -2.132
ilr.fac1[96,1]  -0.183  2.310  0.063
ilr.fac1[96,2]  -0.238  0.829  0.319
ilr.fac1[96,3]   0.349 -3.569 -0.409
ilr.fac1[97,1]  -1.241  0.976  1.006
ilr.fac1[97,2]   0.053  1.067 -0.090
ilr.fac1[97,3]   1.042 -0.822 -0.896
ilr.fac1[98,1]  -0.367  0.940 -0.439
ilr.fac1[98,2]  -0.285  0.070  1.629
ilr.fac1[98,3]   0.345 -0.165  0.267
ilr.fac1[99,1]   2.496  0.063 -0.207
ilr.fac1[99,2]   1.514 -1.047  0.370
ilr.fac1[99,3]  -0.017 -1.297  1.177
loglik[1]        1.318 -1.075  0.067
loglik[10]      -0.395  0.173  0.339
loglik[100]      0.305 -1.160  0.364
loglik[101]      0.022 -1.028  1.424
loglik[102]      0.225  0.541  0.750
loglik[103]      0.033  0.331  2.286
loglik[104]      2.006 -0.728 -0.681
loglik[105]      0.086  1.574  1.237
loglik[106]     -0.250  0.027  1.414
loglik[11]       1.125 -1.407 -0.665
loglik[12]       0.149 -0.198  1.202
loglik[13]      -0.467 -0.804 -1.242
loglik[14]      -0.599 -1.448 -0.942
loglik[15]       0.612 -0.011  1.527
loglik[16]       0.559  1.864  1.383
loglik[17]       1.155  2.185  0.869
loglik[18]       1.089 -0.393  2.216
loglik[19]       0.454  2.049 -0.737
loglik[2]       -0.540 -0.919 -0.237
loglik[20]      -1.715  0.741  0.689
loglik[21]       1.274  1.019 -0.077
loglik[22]      -0.113 -0.003 -2.245
loglik[23]      -0.897  1.424 -1.145
loglik[24]       0.410 -1.031  0.099
loglik[25]      -0.673 -0.266  0.836
loglik[26]      -0.081 -1.007  0.271
loglik[27]      -1.335 -0.849 -0.640
loglik[28]      -0.300 -0.472  0.517
loglik[29]       0.787  0.193  0.473
loglik[3]       -0.275 -1.353 -1.497
loglik[30]       0.636  0.303 -2.016
loglik[31]      -1.014  0.030  0.181
loglik[32]      -0.087 -0.125 -0.202
loglik[33]       0.137  0.189 -0.050
loglik[34]      -0.358 -0.319 -0.167
loglik[35]      -0.573 -0.879 -0.916
loglik[36]      -0.003 -1.877  1.315
loglik[37]      -2.634 -0.706  1.912
loglik[38]       0.808  0.629 -1.725
loglik[39]       0.020 -0.249 -0.126
loglik[4]        0.690 -0.886 -0.879
loglik[40]       1.462  0.202 -0.081
loglik[41]      -0.369 -1.575 -1.699
loglik[42]      -1.126  0.972 -1.117
loglik[43]      -0.002  1.079  0.104
loglik[44]      -1.340  2.536 -0.144
loglik[45]       0.909  0.268  0.178
loglik[46]       0.279  0.997 -0.344
loglik[47]      -0.816 -0.057  0.586
loglik[48]      -0.347  0.981 -1.784
loglik[49]      -0.726  1.485 -1.369
loglik[5]        1.090  0.679  0.640
loglik[50]       0.070 -0.255 -1.324
loglik[51]       0.274 -1.396 -0.041
loglik[52]      -1.223 -0.134 -1.230
loglik[53]      -1.091  1.007 -1.387
loglik[54]       0.634  0.884  1.097
loglik[55]      -1.037  0.369  0.140
loglik[56]      -1.086  1.887  1.440
loglik[57]       0.241 -1.232  1.685
loglik[58]      -0.829  0.794 -2.681
loglik[59]      -0.187  0.774  0.243
loglik[6]        0.262 -0.746 -1.795
loglik[60]       0.438  2.507  0.088
loglik[61]      -1.879  0.659 -0.302
loglik[62]      -0.609 -0.137  0.333
loglik[63]      -0.603  0.169  0.215
loglik[64]      -0.535  1.362 -0.582
loglik[65]      -0.855 -0.749  1.101
loglik[66]       0.946 -1.600 -0.682
loglik[67]      -0.021  1.430  0.847
loglik[68]       0.089  0.282  0.780
loglik[69]       0.836 -0.010  2.161
loglik[7]       -0.938 -1.605  1.051
loglik[70]      -0.643 -0.218 -0.730
loglik[71]      -0.377  0.997  0.268
loglik[72]      -0.296  1.022  0.013
loglik[73]       1.027  0.874 -0.101
loglik[74]       0.382  1.207  0.548
loglik[75]      -1.385 -1.107 -1.119
loglik[76]      -1.041 -0.383  0.631
loglik[77]      -0.955 -0.662  1.787
loglik[78]      -0.805  0.023  1.856
loglik[79]      -0.691 -0.305  0.996
loglik[8]        2.792  0.835 -0.261
loglik[80]      -0.776  1.019 -0.876
loglik[81]      -0.337  0.794 -0.777
loglik[82]      -1.636  3.171  0.088
loglik[83]      -0.762 -0.248 -0.295
loglik[84]       0.062  0.511  1.707
loglik[85]      -0.075 -1.279  1.508
loglik[86]       1.673 -1.043  1.489
loglik[87]      -0.909  0.891  0.438
loglik[88]      -1.282  0.665  0.057
loglik[89]      -0.462 -0.422  0.953
loglik[9]        0.690 -0.867 -0.963
loglik[90]       0.113 -1.331 -2.460
loglik[91]       0.520 -0.159  0.545
loglik[92]       0.710 -0.752 -0.779
loglik[93]       1.417 -0.033 -0.879
loglik[94]      -0.632 -1.589  1.467
loglik[95]       0.702  0.112 -1.202
loglik[96]      -0.120 -2.025 -0.749
loglik[97]       1.964  0.158 -1.842
loglik[98]       0.700  0.122  0.029
loglik[99]       0.756 -1.706  0.816
p.fac1[1,1]     -0.604  0.462 -0.796
p.fac1[1,2]      0.597 -0.685  0.392
p.fac1[1,3]      0.344  0.036  0.594
p.fac1[1,4]     -0.391  1.161  0.625
p.fac1[10,1]    -0.330  0.097  0.170
p.fac1[10,2]     0.366  0.028  1.513
p.fac1[10,3]     0.022 -0.452 -1.569
p.fac1[10,4]     0.038  1.002 -0.572
p.fac1[100,1]   -1.564  2.726 -1.113
p.fac1[100,2]    1.150 -1.470  0.820
p.fac1[100,3]    0.628 -1.801 -0.094
p.fac1[100,4]   -0.893  0.923  0.793
p.fac1[101,1]   -1.442 -0.488 -0.455
p.fac1[101,2]   -0.879 -2.000  0.752
p.fac1[101,3]    2.356  2.083 -0.781
p.fac1[101,4]    2.145  1.927  0.457
p.fac1[102,1]   -0.460  0.079 -0.389
p.fac1[102,2]   -0.023 -0.528  0.412
p.fac1[102,3]    0.702  0.669 -0.036
p.fac1[102,4]   -0.378  0.654 -0.078
p.fac1[103,1]    0.555  0.693 -1.926
p.fac1[103,2]    0.014 -0.926  2.272
p.fac1[103,3]   -0.246  0.689 -1.329
p.fac1[103,4]   -0.974  0.454 -1.591
p.fac1[104,1]   -2.078  0.759 -1.220
p.fac1[104,2]    2.426 -1.770  0.076
p.fac1[104,3]   -0.717  0.475  1.100
p.fac1[104,4]   -2.202  1.983  0.497
p.fac1[105,1]   -0.659  0.450 -1.323
p.fac1[105,2]    1.011  0.571  1.208
p.fac1[105,3]   -0.557 -2.319 -0.424
p.fac1[105,4]   -1.101  0.132 -1.041
p.fac1[106,1]   -0.887  0.510 -1.772
p.fac1[106,2]   -0.004 -1.526  1.004
p.fac1[106,3]    1.193  0.387  0.838
p.fac1[106,4]    0.174  1.050 -0.384
p.fac1[11,1]    -0.788  0.065 -0.341
p.fac1[11,2]     0.876 -1.023 -0.705
p.fac1[11,3]     0.201  0.804  1.305
p.fac1[11,4]    -1.671  2.424  0.504
p.fac1[12,1]    -0.449 -1.124  0.539
p.fac1[12,2]     1.270  0.583 -0.025
p.fac1[12,3]    -0.352  0.674 -0.715
p.fac1[12,4]    -1.717  0.630  0.283
p.fac1[13,1]     1.042  2.099 -0.417
p.fac1[13,2]     0.200 -1.210  0.219
p.fac1[13,3]    -1.261 -1.640 -0.117
p.fac1[13,4]    -0.456  1.227  1.324
p.fac1[14,1]    -0.443  1.596 -0.209
p.fac1[14,2]     1.700 -0.399 -1.270
p.fac1[14,3]    -0.368 -1.675  0.941
p.fac1[14,4]    -0.808  1.420 -0.104
p.fac1[15,1]    -0.424  0.919  0.561
p.fac1[15,2]    -0.229 -0.507 -0.220
p.fac1[15,3]     0.914 -0.525 -0.220
p.fac1[15,4]    -0.447  0.191 -0.621
p.fac1[16,1]    -0.989 -0.622 -1.883
p.fac1[16,2]     1.310 -0.288  0.361
p.fac1[16,3]     0.115  1.199  2.157
p.fac1[16,4]    -1.383 -0.137 -2.090
p.fac1[17,1]    -0.505 -0.591 -0.496
p.fac1[17,2]    -1.573 -3.193 -0.946
p.fac1[17,3]     1.114  1.902  0.892
p.fac1[17,4]    -0.516 -0.986 -0.572
p.fac1[18,1]    -0.534  1.502 -2.090
p.fac1[18,2]    -0.471 -1.855  0.019
p.fac1[18,3]     0.983 -0.354  2.494
p.fac1[18,4]    -1.410 -0.125 -1.751
p.fac1[19,1]    -0.485 -0.666 -2.740
p.fac1[19,2]     0.303 -1.237  2.334
p.fac1[19,3]     0.585  1.678  0.933
p.fac1[19,4]    -1.488 -1.099  0.362
p.fac1[2,1]     -0.152 -0.698 -0.584
p.fac1[2,2]     -0.220 -0.105  0.709
p.fac1[2,3]     -0.116  0.995  0.608
p.fac1[2,4]      0.887  0.353  0.118
p.fac1[20,1]    -0.002  0.482  0.050
p.fac1[20,2]    -0.955 -0.675  0.547
p.fac1[20,3]     1.108 -0.108 -0.604
p.fac1[20,4]     1.207  1.069 -1.177
p.fac1[21,1]    -1.023  0.973 -0.509
p.fac1[21,2]     0.178 -0.593  1.176
p.fac1[21,3]     0.923 -0.260 -0.087
p.fac1[21,4]    -0.634 -0.415 -0.765
p.fac1[22,1]    -0.148  1.281  0.300
p.fac1[22,2]    -0.329 -0.846 -0.610
p.fac1[22,3]     0.471 -1.288  0.133
p.fac1[22,4]     0.392  1.519  0.811
p.fac1[23,1]     0.140 -1.211 -1.607
p.fac1[23,2]    -0.829 -0.750  0.805
p.fac1[23,3]     0.182  1.602  0.490
p.fac1[23,4]     0.952  0.092  0.820
p.fac1[24,1]    -0.616  0.526 -0.128
p.fac1[24,2]     0.568 -0.875  0.115
p.fac1[24,3]     0.068 -0.023  0.190
p.fac1[24,4]     0.323  0.332 -0.512
p.fac1[25,1]     0.443  0.083 -0.214
p.fac1[25,2]     1.735 -0.013 -0.493
p.fac1[25,3]    -1.411 -0.386  0.576
p.fac1[25,4]     0.650  1.305 -0.591
p.fac1[26,1]    -1.797  0.842 -1.447
p.fac1[26,2]     0.840 -2.263  2.085
p.fac1[26,3]     1.670  0.959 -0.303
p.fac1[26,4]    -0.414  0.832  0.016
p.fac1[27,1]     1.342  0.317 -0.981
p.fac1[27,2]     0.100 -0.712  0.291
p.fac1[27,3]    -2.674  0.694  0.369
p.fac1[27,4]     0.828  0.931  0.921
p.fac1[28,1]     0.330  0.083 -0.732
p.fac1[28,2]     0.348 -0.779  0.344
p.fac1[28,3]    -1.073  2.203  0.089
p.fac1[28,4]    -0.270  0.687  0.187
p.fac1[29,1]    -2.036 -0.206  0.251
p.fac1[29,2]     1.097 -0.359 -0.139
p.fac1[29,3]     0.796  0.261  0.074
p.fac1[29,4]    -0.938  1.200 -0.130
p.fac1[3,1]      0.219  1.157 -0.484
p.fac1[3,2]      0.189  0.295  2.248
p.fac1[3,3]     -0.232 -1.142 -0.676
p.fac1[3,4]     -0.024  0.748  0.919
p.fac1[30,1]    -0.960  0.204  1.289
p.fac1[30,2]     0.519 -0.257 -0.808
p.fac1[30,3]     1.049 -0.239 -0.494
p.fac1[30,4]    -1.339  0.741  0.770
p.fac1[31,1]     0.276  1.187 -0.069
p.fac1[31,2]     0.078 -1.191  0.136
p.fac1[31,3]    -0.788  0.362 -0.023
p.fac1[31,4]     0.265 -0.113 -0.260
p.fac1[32,1]    -0.854  0.549  0.223
p.fac1[32,2]     1.186 -0.338  0.090
p.fac1[32,3]     0.029 -0.552 -0.831
p.fac1[32,4]    -1.167  0.165  1.103
p.fac1[33,1]    -0.932 -1.629  0.144
p.fac1[33,2]     1.049 -0.100  0.224
p.fac1[33,3]    -0.223  1.970 -0.800
p.fac1[33,4]    -0.640  0.411  0.431
p.fac1[34,1]    -0.738  1.017 -1.293
p.fac1[34,2]     0.516 -1.654 -0.872
p.fac1[34,3]     0.279 -0.208  1.903
p.fac1[34,4]     0.445  0.442  1.740
p.fac1[35,1]    -0.131  1.482 -0.488
p.fac1[35,2]     1.006  1.071 -0.241
p.fac1[35,3]    -0.465 -1.707  0.078
p.fac1[35,4]     0.827 -0.416  1.943
p.fac1[36,1]    -1.597  0.951 -1.846
p.fac1[36,2]    -2.216 -0.122 -0.537
p.fac1[36,3]     2.800 -1.200  2.203
p.fac1[36,4]     0.383  1.537 -0.317
p.fac1[37,1]     1.422  0.573 -0.860
p.fac1[37,2]     1.921 -1.184 -0.950
p.fac1[37,3]    -2.340 -0.391  1.340
p.fac1[37,4]     2.041  1.088 -1.912
p.fac1[38,1]    -0.435  0.616 -1.540
p.fac1[38,2]     1.442 -0.863 -1.253
p.fac1[38,3]    -1.121  0.385  1.884
p.fac1[38,4]    -0.278  0.071  1.304
p.fac1[39,1]     0.129 -0.390 -0.899
p.fac1[39,2]    -0.632 -0.352  0.408
p.fac1[39,3]     0.145  0.539  0.517
p.fac1[39,4]    -0.319 -0.571  0.215
p.fac1[4,1]      0.122  1.576 -0.148
p.fac1[4,2]      0.053 -0.591 -0.389
p.fac1[4,3]     -0.360 -1.172 -0.172
p.fac1[4,4]      0.743 -0.077  1.595
p.fac1[40,1]     1.394  0.150 -0.830
p.fac1[40,2]    -0.247 -0.973  0.233
p.fac1[40,3]    -1.483  0.658  0.973
p.fac1[40,4]    -0.813 -1.209  0.128
p.fac1[41,1]     0.188 -0.054  1.737
p.fac1[41,2]     0.312  1.194  1.156
p.fac1[41,3]    -0.217 -0.563 -1.962
p.fac1[41,4]    -0.167  0.847  1.272
p.fac1[42,1]    -0.699 -0.550 -0.420
p.fac1[42,2]     0.646  0.707  0.019
p.fac1[42,3]     0.294 -0.171  0.012
p.fac1[42,4]    -0.529 -0.143  0.448
p.fac1[43,1]    -0.347 -0.001  0.371
p.fac1[43,2]    -0.926 -2.299 -0.914
p.fac1[43,3]     0.371  0.591  0.125
p.fac1[43,4]     0.805  0.451 -0.623
p.fac1[44,1]     0.069 -1.472  0.220
p.fac1[44,2]     0.872 -2.217 -0.449
p.fac1[44,3]    -0.354  3.721  0.888
p.fac1[44,4]    -1.214 -0.500 -1.923
p.fac1[45,1]     0.628  1.289 -0.774
p.fac1[45,2]     0.753 -1.126 -0.484
p.fac1[45,3]    -1.219 -1.546  1.326
p.fac1[45,4]    -0.374  0.674  0.038
p.fac1[46,1]     0.185  1.018 -0.192
p.fac1[46,2]     1.274 -0.096  0.367
p.fac1[46,3]    -2.269 -0.858 -0.305
p.fac1[46,4]    -0.335 -1.498 -0.321
p.fac1[47,1]    -1.070  0.211  0.516
p.fac1[47,2]    -0.193  0.433 -0.727
p.fac1[47,3]     1.076 -0.645 -0.101
p.fac1[47,4]     0.876  0.669 -0.302
p.fac1[48,1]    -2.266 -0.671  1.248
p.fac1[48,2]     2.897 -0.122 -0.106
p.fac1[48,3]    -0.678 -2.050  0.276
p.fac1[48,4]    -0.719  1.232 -1.118
p.fac1[49,1]    -0.449 -0.993 -0.003
p.fac1[49,2]     1.871 -1.141  0.620
p.fac1[49,3]    -0.688  1.815 -0.464
p.fac1[49,4]    -0.182 -1.356  0.301
p.fac1[5,1]     -2.163  0.904 -0.003
p.fac1[5,2]      0.344 -0.723 -0.057
p.fac1[5,3]      1.631 -0.462 -0.020
p.fac1[5,4]     -0.472 -0.110  0.225
p.fac1[50,1]     0.442  0.960 -1.419
p.fac1[50,2]     0.635  0.669  2.298
p.fac1[50,3]    -0.923 -2.105 -0.371
p.fac1[50,4]    -0.441  0.404  2.115
p.fac1[51,1]    -0.365  0.046  0.992
p.fac1[51,2]     0.198 -0.901 -0.721
p.fac1[51,3]     0.694  0.863 -0.659
p.fac1[51,4]    -1.011  0.641  0.618
p.fac1[52,1]    -0.306  0.093 -2.289
p.fac1[52,2]     0.384 -0.701  1.499
p.fac1[52,3]     0.323  0.769  1.870
p.fac1[52,4]    -0.209 -1.021  1.979
p.fac1[53,1]     0.260  1.295  0.634
p.fac1[53,2]     1.252 -0.492 -0.323
p.fac1[53,3]    -1.394 -1.016 -0.273
p.fac1[53,4]     0.075  0.921 -0.031
p.fac1[54,1]    -1.365 -2.610 -0.245
p.fac1[54,2]     0.740 -0.963 -0.072
p.fac1[54,3]     0.686 -0.497  0.613
p.fac1[54,4]    -0.265  1.075 -0.180
p.fac1[55,1]    -0.883  0.798  0.805
p.fac1[55,2]     2.078 -0.726 -0.701
p.fac1[55,3]    -1.282  0.222 -0.156
p.fac1[55,4]    -0.172 -0.296  0.160
p.fac1[56,1]    -1.587  2.534 -0.254
p.fac1[56,2]     1.215 -1.503  1.209
p.fac1[56,3]     0.842 -1.665 -0.929
p.fac1[56,4]     0.672 -0.006 -0.024
p.fac1[57,1]    -0.386 -0.670  1.211
p.fac1[57,2]    -1.121 -0.319 -0.636
p.fac1[57,3]     1.278  0.860 -0.325
p.fac1[57,4]     0.339  0.751 -2.541
p.fac1[58,1]    -0.890  1.065  0.357
p.fac1[58,2]     0.775 -0.999 -0.884
p.fac1[58,3]     0.836 -0.385  1.248
p.fac1[58,4]    -1.048  0.728 -0.454
p.fac1[59,1]    -1.114 -1.680 -0.191
p.fac1[59,2]     0.541 -1.558  0.829
p.fac1[59,3]     1.039 -0.732 -0.368
p.fac1[59,4]    -0.397  1.071 -0.350
p.fac1[6,1]      0.072  0.128  0.379
p.fac1[6,2]     -1.580 -1.241  0.237
p.fac1[6,3]      0.566  0.372 -0.688
p.fac1[6,4]     -0.151 -0.068  1.317
p.fac1[60,1]    -1.045 -0.645 -1.142
p.fac1[60,2]    -0.521 -1.352 -0.041
p.fac1[60,3]     1.018  1.309  1.114
p.fac1[60,4]     0.706  0.787 -0.358
p.fac1[61,1]    -2.268  1.297 -0.597
p.fac1[61,2]     1.921 -0.987  2.421
p.fac1[61,3]     1.021 -0.754 -0.854
p.fac1[61,4]     2.766 -1.459 -0.116
p.fac1[62,1]     0.294  0.797 -1.217
p.fac1[62,2]    -0.292 -0.476  0.968
p.fac1[62,3]    -0.072 -0.705  0.421
p.fac1[62,4]     0.141  0.696 -0.102
p.fac1[63,1]    -0.423 -0.224  0.889
p.fac1[63,2]    -0.989 -0.222 -0.900
p.fac1[63,3]     1.013  0.041 -1.001
p.fac1[63,4]     0.839  1.166  1.388
p.fac1[64,1]     2.022  0.205  0.788
p.fac1[64,2]    -0.165  1.020 -1.395
p.fac1[64,3]    -2.018 -0.698  0.667
p.fac1[64,4]     0.406 -1.954 -0.181
p.fac1[65,1]    -0.622  2.160 -0.018
p.fac1[65,2]     0.984 -0.719 -0.782
p.fac1[65,3]     0.072 -2.114  0.260
p.fac1[65,4]     0.410  0.912  0.083
p.fac1[66,1]    -0.371  1.534 -0.628
p.fac1[66,2]    -1.212 -0.388 -1.043
p.fac1[66,3]     0.647 -1.491  0.523
p.fac1[66,4]     0.092  1.066  1.648
p.fac1[67,1]     0.893  0.669 -2.022
p.fac1[67,2]     0.061 -0.889  0.531
p.fac1[67,3]    -0.678  0.950  1.618
p.fac1[67,4]    -0.469 -0.469 -0.393
p.fac1[68,1]    -1.038  0.284  0.806
p.fac1[68,2]     0.588 -0.758 -1.279
p.fac1[68,3]     1.098  0.061 -0.339
p.fac1[68,4]    -0.304  0.089  0.159
p.fac1[69,1]    -1.023 -0.621 -0.382
p.fac1[69,2]     0.637 -0.643  0.816
p.fac1[69,3]     0.342  2.244 -0.557
p.fac1[69,4]     0.281 -0.557 -0.498
p.fac1[7,1]      2.373  1.029 -1.951
p.fac1[7,2]     -0.702 -2.139  1.383
p.fac1[7,3]     -2.400 -0.334  1.127
p.fac1[7,4]      0.684  1.285  0.257
p.fac1[70,1]     0.112  0.729 -0.225
p.fac1[70,2]    -1.357 -0.699 -0.930
p.fac1[70,3]     0.871  0.069  1.115
p.fac1[70,4]     1.342 -0.292  0.736
p.fac1[71,1]     0.050 -0.158  0.646
p.fac1[71,2]    -0.769  0.585 -0.096
p.fac1[71,3]     0.731  0.455 -0.477
p.fac1[71,4]     0.291 -1.599 -0.028
p.fac1[72,1]    -0.148 -0.228  1.015
p.fac1[72,2]     0.252 -0.859 -0.001
p.fac1[72,3]    -1.071  0.148 -0.231
p.fac1[72,4]     1.330  1.882 -1.320
p.fac1[73,1]    -1.823 -0.851 -0.819
p.fac1[73,2]     2.501 -0.229  0.032
p.fac1[73,3]    -0.219  0.388  0.502
p.fac1[73,4]    -1.826  1.537  0.500
p.fac1[74,1]     0.525  0.656  0.665
p.fac1[74,2]    -0.335  0.097  0.350
p.fac1[74,3]     0.213 -1.512 -1.286
p.fac1[74,4]    -0.242  0.473 -0.457
p.fac1[75,1]    -0.214  1.198 -1.664
p.fac1[75,2]     1.393 -1.864  1.192
p.fac1[75,3]    -0.744 -0.435  0.497
p.fac1[75,4]    -0.245  1.820  0.794
p.fac1[76,1]     1.707  1.027  1.120
p.fac1[76,2]    -1.483 -1.506  1.192
p.fac1[76,3]    -0.459  0.275 -2.445
p.fac1[76,4]     0.649  0.624 -0.929
p.fac1[77,1]     0.433  0.993 -0.795
p.fac1[77,2]    -0.578 -0.922  1.403
p.fac1[77,3]     0.186  0.720 -0.910
p.fac1[77,4]     0.530  0.521 -0.610
p.fac1[78,1]    -1.184  0.629  1.165
p.fac1[78,2]     0.393 -0.155  0.714
p.fac1[78,3]     0.975 -0.609 -1.836
p.fac1[78,4]    -0.683  0.305 -0.741
p.fac1[79,1]    -0.066  0.869  1.022
p.fac1[79,2]    -0.402 -1.553 -0.298
p.fac1[79,3]     0.660  1.129 -0.912
p.fac1[79,4]     0.538  1.867 -0.032
p.fac1[8,1]     -2.234 -0.613  0.535
p.fac1[8,2]     -1.393 -0.879  1.212
p.fac1[8,3]      2.377  0.657 -0.788
p.fac1[8,4]     -2.461  0.582 -0.284
p.fac1[80,1]    -1.883 -0.280  1.212
p.fac1[80,2]     0.025 -0.285 -0.699
p.fac1[80,3]     1.770 -1.250  0.182
p.fac1[80,4]    -0.059  0.931 -0.355
p.fac1[81,1]     1.033 -2.024 -1.105
p.fac1[81,2]     0.330 -0.372  0.533
p.fac1[81,3]    -0.448 -1.863  0.710
p.fac1[81,4]    -0.583  1.028 -0.278
p.fac1[82,1]     0.237 -0.696 -0.440
p.fac1[82,2]    -0.002  0.572 -0.845
p.fac1[82,3]     0.125 -0.158  1.672
p.fac1[82,4]    -1.025  0.066  0.222
p.fac1[83,1]    -0.632  0.879 -0.338
p.fac1[83,2]    -0.702 -1.923 -0.681
p.fac1[83,3]     1.401  1.347  0.952
p.fac1[83,4]     1.347  0.087  1.243
p.fac1[84,1]    -1.258 -0.610  0.223
p.fac1[84,2]     0.239  0.307  0.628
p.fac1[84,3]     0.872  0.458 -1.512
p.fac1[84,4]     1.029  0.433 -0.091
p.fac1[85,1]     0.317  1.487 -0.154
p.fac1[85,2]    -0.326 -2.447  0.877
p.fac1[85,3]    -0.227  0.884 -1.530
p.fac1[85,4]     0.589  1.948  0.414
p.fac1[86,1]     0.105  1.520  0.414
p.fac1[86,2]     0.325 -1.473  0.894
p.fac1[86,3]    -0.059 -0.949 -1.037
p.fac1[86,4]    -1.377  1.392 -1.636
p.fac1[87,1]    -0.966  0.650 -0.889
p.fac1[87,2]     1.220 -0.601  1.663
p.fac1[87,3]    -0.939  0.052 -0.175
p.fac1[87,4]     0.289  0.264 -2.268
p.fac1[88,1]     0.990  0.852 -0.415
p.fac1[88,2]    -1.217 -0.257  0.054
p.fac1[88,3]     0.123 -0.772  0.494
p.fac1[88,4]     1.128 -0.082 -0.233
p.fac1[89,1]     0.174  0.001 -1.320
p.fac1[89,2]     0.284 -0.247  1.083
p.fac1[89,3]    -0.523 -0.209  0.591
p.fac1[89,4]    -0.399  1.551 -1.312
p.fac1[9,1]     -1.023  0.950 -0.944
p.fac1[9,2]     -0.081 -0.785  0.247
p.fac1[9,3]      0.894 -0.893  0.666
p.fac1[9,4]     -0.114  1.846  0.543
p.fac1[90,1]    -0.632  0.589 -0.213
p.fac1[90,2]     0.167 -1.529 -0.808
p.fac1[90,3]     0.489  1.609  1.032
p.fac1[90,4]     0.159  1.924  1.081
p.fac1[91,1]     0.133  0.237  0.166
p.fac1[91,2]     0.589 -0.111  0.010
p.fac1[91,3]    -0.678 -0.126 -0.100
p.fac1[91,4]    -1.105 -0.213 -0.346
p.fac1[92,1]    -0.053  0.614  0.226
p.fac1[92,2]    -0.068 -0.859 -0.230
p.fac1[92,3]     0.355 -0.453 -0.090
p.fac1[92,4]    -0.571  2.516  0.329
p.fac1[93,1]     0.919 -0.445 -0.811
p.fac1[93,2]     1.191  1.426  0.817
p.fac1[93,3]    -1.915 -0.450 -0.037
p.fac1[93,4]    -1.065 -1.621  1.318
p.fac1[94,1]     0.082  0.806 -0.548
p.fac1[94,2]     1.966 -1.733 -0.172
p.fac1[94,3]    -1.516 -0.056  1.138
p.fac1[94,4]    -0.955  2.283 -1.523
p.fac1[95,1]    -1.435 -0.468  1.146
p.fac1[95,2]     1.366 -0.375 -1.232
p.fac1[95,3]     0.283  1.330 -0.517
p.fac1[95,4]    -1.243  0.142  1.919
p.fac1[96,1]    -0.497  1.326 -0.425
p.fac1[96,2]     0.587 -1.505  0.331
p.fac1[96,3]    -0.048 -0.242 -0.353
p.fac1[96,4]    -0.542  3.020  0.856
p.fac1[97,1]    -1.578  0.944  0.548
p.fac1[97,2]     1.842 -0.726 -0.674
p.fac1[97,3]    -0.307 -0.437  0.266
p.fac1[97,4]    -0.863  0.720  0.513
p.fac1[98,1]    -0.361  0.719 -0.329
p.fac1[98,2]     0.189 -1.137  1.216
p.fac1[98,3]     0.376  0.294 -1.488
p.fac1[98,4]    -0.540  0.910  0.409
p.fac1[99,1]     1.721  0.315 -1.241
p.fac1[99,2]    -1.030 -1.342  1.265
p.fac1[99,3]    -1.244  0.987  0.160
p.fac1[99,4]     0.831  0.986 -0.761
p.global[1]     -0.604  0.462 -0.796
p.global[2]      0.597 -0.685  0.392
p.global[3]      0.344  0.036  0.594
p.global[4]     -0.391  1.161  0.625
