
################################################################################
# Gelman-Rubin Diagnostic
################################################################################

Generally the Gelman diagnostic should be < 1.05


Out of 670 variables: 0 > 1.01

                      
0 > 1.05

                      
0 > 1.1


The worst variables are:

             Point est. Upper C.I.
p.fac1[80,3]   1.008414   1.010255
p.fac1[12,3]   1.006510   1.008896
p.fac1[14,3]   1.003747   1.005373
p.fac1[13,3]   1.003616   1.004338
p.fac1[19,3]   1.003375   1.004062
p.fac1[95,3]   1.003346   1.003902
p.fac1[53,3]   1.003128   1.003646
p.fac1[31,3]   1.003063   1.003538
p.fac1[24,3]   1.002772   1.002901
p.fac1[67,3]   1.002537   1.003796


And here are the Gelman diagnostics for all variables:

                Point est. Upper C.I.
deviance         0.9999691  1.0002040
ilr.fac1[1,1]          NaN        NaN
ilr.fac1[1,2]          NaN        NaN
ilr.fac1[10,1]   0.9999223  0.9999974
ilr.fac1[10,2]   0.9999216  1.0000388
ilr.fac1[100,1]  1.0002497  1.0005906
ilr.fac1[100,2]  1.0001117  1.0002578
ilr.fac1[101,1]  1.0001741  1.0007373
ilr.fac1[101,2]  1.0000792  1.0004953
ilr.fac1[102,1]  1.0014682  1.0022920
ilr.fac1[102,2]  0.9999032  0.9999716
ilr.fac1[103,1]  1.0021375  1.0045757
ilr.fac1[103,2]  1.0004277  1.0013980
ilr.fac1[104,1]  1.0013273  1.0013637
ilr.fac1[104,2]  0.9999818  1.0001658
ilr.fac1[105,1]  1.0007209  1.0013275
ilr.fac1[105,2]  1.0002245  1.0007508
ilr.fac1[106,1]  1.0006675  1.0007415
ilr.fac1[106,2]  1.0002289  1.0010047
ilr.fac1[107,1]  1.0003661  1.0007651
ilr.fac1[107,2]  1.0006430  1.0027380
ilr.fac1[108,1]  1.0001982  1.0003340
ilr.fac1[108,2]  1.0001110  1.0007584
ilr.fac1[109,1]  1.0002487  1.0011823
ilr.fac1[109,2]  0.9999666  1.0000423
ilr.fac1[11,1]   1.0001881  1.0010436
ilr.fac1[11,2]   1.0000821  1.0007183
ilr.fac1[110,1]  1.0005069  1.0005920
ilr.fac1[110,2]  0.9999439  1.0000201
ilr.fac1[111,1]  0.9999953  1.0003952
ilr.fac1[111,2]  1.0001292  1.0008170
ilr.fac1[12,1]   0.9999127  1.0000182
ilr.fac1[12,2]   1.0009702  1.0030128
ilr.fac1[13,1]   0.9999918  1.0002219
ilr.fac1[13,2]   1.0001282  1.0006019
ilr.fac1[14,1]   1.0002544  1.0006880
ilr.fac1[14,2]   1.0002947  1.0010147
ilr.fac1[15,1]   1.0002432  1.0003659
ilr.fac1[15,2]   1.0003342  1.0016229
ilr.fac1[16,1]   1.0004359  1.0012956
ilr.fac1[16,2]   1.0005230  1.0010787
ilr.fac1[17,1]   1.0014275  1.0024867
ilr.fac1[17,2]   0.9999669  1.0002946
ilr.fac1[18,1]   1.0000721  1.0006885
ilr.fac1[18,2]   1.0001543  1.0003610
ilr.fac1[19,1]   0.9999720  1.0002529
ilr.fac1[19,2]   1.0002833  1.0013747
ilr.fac1[2,1]    1.0003058  1.0011344
ilr.fac1[2,2]    1.0003518  1.0014115
ilr.fac1[20,1]   1.0003355  1.0010463
ilr.fac1[20,2]   1.0002234  1.0012636
ilr.fac1[21,1]   1.0001774  1.0002763
ilr.fac1[21,2]   1.0001415  1.0009018
ilr.fac1[22,1]   1.0001452  1.0009162
ilr.fac1[22,2]   1.0003414  1.0011316
ilr.fac1[23,1]   0.9998969  1.0000630
ilr.fac1[23,2]   1.0000082  1.0004685
ilr.fac1[24,1]   1.0003744  1.0009067
ilr.fac1[24,2]   0.9999578  1.0000361
ilr.fac1[25,1]   1.0012078  1.0036043
ilr.fac1[25,2]   1.0000222  1.0005174
ilr.fac1[26,1]   1.0000658  1.0003789
ilr.fac1[26,2]   1.0000533  1.0005622
ilr.fac1[27,1]   1.0001444  1.0007298
ilr.fac1[27,2]   1.0001528  1.0005999
ilr.fac1[28,1]   1.0002471  1.0004813
ilr.fac1[28,2]   0.9999449  1.0000232
ilr.fac1[29,1]   1.0001898  1.0005493
ilr.fac1[29,2]   1.0001560  1.0004941
ilr.fac1[3,1]    1.0000447  1.0003915
ilr.fac1[3,2]    1.0000660  1.0005662
ilr.fac1[30,1]   1.0000069  1.0000150
ilr.fac1[30,2]   0.9999828  1.0001939
ilr.fac1[31,1]   1.0001183  1.0007796
ilr.fac1[31,2]   1.0001810  1.0004139
ilr.fac1[32,1]   1.0002122  1.0010095
ilr.fac1[32,2]   1.0001457  1.0003119
ilr.fac1[33,1]   1.0000967  1.0006496
ilr.fac1[33,2]   1.0000267  1.0000588
ilr.fac1[34,1]   1.0008047  1.0026688
ilr.fac1[34,2]   0.9999922  1.0001911
ilr.fac1[35,1]   0.9999351  1.0001200
ilr.fac1[35,2]   0.9999663  1.0001559
ilr.fac1[36,1]   1.0000705  1.0005807
ilr.fac1[36,2]   1.0009170  1.0028596
ilr.fac1[37,1]   1.0004943  1.0015347
ilr.fac1[37,2]   0.9999354  1.0000496
ilr.fac1[38,1]   1.0013084  1.0032503
ilr.fac1[38,2]   1.0004923  1.0007871
ilr.fac1[39,1]   1.0000531  1.0001507
ilr.fac1[39,2]   1.0002219  1.0006179
ilr.fac1[4,1]    1.0000146  1.0004508
ilr.fac1[4,2]    0.9999954  1.0003866
ilr.fac1[40,1]   1.0000981  1.0006922
ilr.fac1[40,2]   1.0000438  1.0004344
ilr.fac1[41,1]   0.9999074  1.0000641
ilr.fac1[41,2]   0.9998791  0.9999509
ilr.fac1[42,1]   1.0003605  1.0013649
ilr.fac1[42,2]   1.0002089  1.0011823
ilr.fac1[43,1]   1.0003810  1.0014347
ilr.fac1[43,2]   1.0001483  1.0008019
ilr.fac1[44,1]   1.0005065  1.0017414
ilr.fac1[44,2]   1.0002104  1.0008136
ilr.fac1[45,1]   0.9999804  1.0001715
ilr.fac1[45,2]   0.9999897  1.0002706
ilr.fac1[46,1]   1.0002334  1.0009270
ilr.fac1[46,2]   0.9999987  1.0003186
ilr.fac1[47,1]   0.9998572  0.9998920
ilr.fac1[47,2]   0.9999859  0.9999901
ilr.fac1[48,1]   0.9998811  0.9999174
ilr.fac1[48,2]   0.9999327  0.9999560
ilr.fac1[49,1]   1.0004688  1.0012008
ilr.fac1[49,2]   1.0001913  1.0002938
ilr.fac1[5,1]    1.0003164  1.0004792
ilr.fac1[5,2]    0.9999356  1.0000654
ilr.fac1[50,1]   1.0000533  1.0005476
ilr.fac1[50,2]   0.9999853  1.0003256
ilr.fac1[51,1]   1.0002793  1.0011367
ilr.fac1[51,2]   1.0000935  1.0006307
ilr.fac1[52,1]   1.0000058  1.0001247
ilr.fac1[52,2]   1.0003936  1.0006983
ilr.fac1[53,1]   0.9999239  1.0000672
ilr.fac1[53,2]   1.0000800  1.0003268
ilr.fac1[54,1]   1.0000142  1.0001236
ilr.fac1[54,2]   1.0001154  1.0006907
ilr.fac1[55,1]   1.0001788  1.0009409
ilr.fac1[55,2]   1.0005329  1.0013384
ilr.fac1[56,1]   0.9998607  0.9999148
ilr.fac1[56,2]   1.0003771  1.0014248
ilr.fac1[57,1]   1.0010605  1.0024404
ilr.fac1[57,2]   0.9999766  1.0002129
ilr.fac1[58,1]   1.0002248  1.0002650
ilr.fac1[58,2]   1.0004996  1.0018639
ilr.fac1[59,1]   1.0003238  1.0014365
ilr.fac1[59,2]   0.9999086  0.9999784
ilr.fac1[6,1]    1.0000872  1.0005577
ilr.fac1[6,2]    1.0001427  1.0005297
ilr.fac1[60,1]   1.0000227  1.0002423
ilr.fac1[60,2]   0.9999735  1.0002842
ilr.fac1[61,1]   1.0001826  1.0008967
ilr.fac1[61,2]   1.0004839  1.0012927
ilr.fac1[62,1]   1.0009081  1.0022225
ilr.fac1[62,2]   1.0004900  1.0021008
ilr.fac1[63,1]   1.0002682  1.0012072
ilr.fac1[63,2]   1.0000300  1.0002140
ilr.fac1[64,1]   1.0014628  1.0021372
ilr.fac1[64,2]   1.0003347  1.0015984
ilr.fac1[65,1]   0.9999304  1.0001543
ilr.fac1[65,2]   1.0000897  1.0002975
ilr.fac1[66,1]   1.0004545  1.0012817
ilr.fac1[66,2]   1.0001866  1.0008482
ilr.fac1[67,1]   1.0007942  1.0008602
ilr.fac1[67,2]   1.0002029  1.0011251
ilr.fac1[68,1]   1.0005073  1.0013195
ilr.fac1[68,2]   0.9998911  0.9999788
ilr.fac1[69,1]   1.0011351  1.0042540
ilr.fac1[69,2]   1.0001072  1.0007023
ilr.fac1[7,1]    1.0002462  1.0012385
ilr.fac1[7,2]    0.9999679  1.0000442
ilr.fac1[70,1]   1.0000761  1.0000885
ilr.fac1[70,2]   0.9999652  1.0002730
ilr.fac1[71,1]   1.0000941  1.0005397
ilr.fac1[71,2]   1.0002052  1.0010365
ilr.fac1[72,1]   0.9999707  1.0001452
ilr.fac1[72,2]   0.9999825  1.0002791
ilr.fac1[73,1]   1.0014641  1.0034114
ilr.fac1[73,2]   1.0000017  1.0003585
ilr.fac1[74,1]   1.0003454  1.0011717
ilr.fac1[74,2]   0.9999377  1.0001467
ilr.fac1[75,1]   1.0004612  1.0009543
ilr.fac1[75,2]   1.0001337  1.0002503
ilr.fac1[76,1]   1.0007865  1.0020611
ilr.fac1[76,2]   1.0002298  1.0007845
ilr.fac1[77,1]   1.0002517  1.0004723
ilr.fac1[77,2]   1.0002458  1.0013128
ilr.fac1[78,1]   1.0001346  1.0002278
ilr.fac1[78,2]   0.9998921  0.9999530
ilr.fac1[79,1]   0.9998651  0.9998897
ilr.fac1[79,2]   1.0001370  1.0005783
ilr.fac1[8,1]    1.0003363  1.0006902
ilr.fac1[8,2]    1.0001288  1.0005941
ilr.fac1[80,1]   1.0014646  1.0027589
ilr.fac1[80,2]   1.0004961  1.0010661
ilr.fac1[81,1]   1.0005529  1.0017128
ilr.fac1[81,2]   1.0000906  1.0006819
ilr.fac1[82,1]   1.0014995  1.0035740
ilr.fac1[82,2]   1.0000038  1.0003323
ilr.fac1[83,1]   0.9999391  0.9999522
ilr.fac1[83,2]   1.0009562  1.0010345
ilr.fac1[84,1]   1.0001610  1.0006878
ilr.fac1[84,2]   1.0003013  1.0010815
ilr.fac1[85,1]   1.0001195  1.0006192
ilr.fac1[85,2]   1.0003700  1.0017083
ilr.fac1[86,1]   1.0001975  1.0009234
ilr.fac1[86,2]   1.0007529  1.0032140
ilr.fac1[87,1]   1.0004621  1.0014993
ilr.fac1[87,2]   1.0006135  1.0023499
ilr.fac1[88,1]   1.0004292  1.0014035
ilr.fac1[88,2]   0.9999975  1.0003455
ilr.fac1[89,1]   0.9998824  0.9999319
ilr.fac1[89,2]   0.9999934  0.9999963
ilr.fac1[9,1]    1.0001549  1.0007209
ilr.fac1[9,2]    1.0000769  1.0005349
ilr.fac1[90,1]   1.0000800  1.0001457
ilr.fac1[90,2]   1.0002588  1.0006680
ilr.fac1[91,1]   1.0000834  1.0004597
ilr.fac1[91,2]   0.9999286  1.0000989
ilr.fac1[92,1]   1.0004905  1.0012406
ilr.fac1[92,2]   1.0002708  1.0009476
ilr.fac1[93,1]   0.9998415  0.9998522
ilr.fac1[93,2]   1.0001206  1.0003441
ilr.fac1[94,1]   1.0004256  1.0014050
ilr.fac1[94,2]   1.0001146  1.0008321
ilr.fac1[95,1]   1.0004918  1.0013157
ilr.fac1[95,2]   0.9999455  1.0001241
ilr.fac1[96,1]   1.0008030  1.0025238
ilr.fac1[96,2]   1.0002604  1.0013449
ilr.fac1[97,1]   0.9999452  1.0001955
ilr.fac1[97,2]   1.0001256  1.0004749
ilr.fac1[98,1]   1.0005901  1.0006777
ilr.fac1[98,2]   1.0001856  1.0004238
ilr.fac1[99,1]   1.0001745  1.0005857
ilr.fac1[99,2]   1.0001004  1.0002176
loglik[1]        1.0000453  1.0001775
loglik[10]       1.0011113  1.0019654
loglik[100]      1.0002542  1.0003519
loglik[101]      1.0003688  1.0010174
loglik[102]      1.0000959  1.0004901
loglik[103]      1.0008396  1.0021495
loglik[104]      1.0005203  1.0005703
loglik[105]      1.0000368  1.0000826
loglik[106]      1.0002166  1.0008401
loglik[107]      1.0004599  1.0019300
loglik[108]      1.0000038  1.0003989
loglik[109]      1.0011707  1.0025821
loglik[11]       1.0002375  1.0008405
loglik[110]      1.0006933  1.0017993
loglik[111]      1.0001962  1.0004418
loglik[12]       0.9999770  1.0000052
loglik[13]       1.0000847  1.0003752
loglik[14]       1.0019262  1.0043649
loglik[15]       1.0002892  1.0004473
loglik[16]       1.0003300  1.0003831
loglik[17]       1.0005569  1.0018467
loglik[18]       1.0000294  1.0004014
loglik[19]       1.0001237  1.0004812
loglik[2]        1.0002167  1.0003022
loglik[20]       1.0007792  1.0029217
loglik[21]       1.0006016  1.0007220
loglik[22]       0.9998868  0.9998889
loglik[23]       0.9998778  0.9999511
loglik[24]       0.9999739  1.0003396
loglik[25]       1.0000059  1.0004449
loglik[26]       0.9999175  1.0001352
loglik[27]       1.0005559  1.0007056
loglik[28]       1.0002534  1.0009058
loglik[29]       1.0005840  1.0008998
loglik[3]        1.0004802  1.0011044
loglik[30]       1.0001271  1.0007776
loglik[31]       1.0001340  1.0004551
loglik[32]       1.0000257  1.0001161
loglik[33]       1.0001093  1.0004721
loglik[34]       1.0002962  1.0004722
loglik[35]       1.0001214  1.0008321
loglik[36]       1.0001784  1.0008501
loglik[37]       1.0003257  1.0011858
loglik[38]       1.0002137  1.0005318
loglik[39]       0.9999803  1.0001053
loglik[4]        1.0000738  1.0004185
loglik[40]       0.9998585  0.9999185
loglik[41]       0.9999386  1.0001586
loglik[42]       1.0000226  1.0000721
loglik[43]       1.0000094  1.0001343
loglik[44]       1.0003338  1.0003851
loglik[45]       1.0002822  1.0004756
loglik[46]       1.0005243  1.0009417
loglik[47]       1.0017000  1.0020652
loglik[48]       1.0001184  1.0003839
loglik[49]       0.9998902  1.0000019
loglik[5]        1.0003842  1.0014266
loglik[50]       1.0001096  1.0007035
loglik[51]       1.0000280  1.0002860
loglik[52]       1.0021337  1.0034816
loglik[53]       1.0000597  1.0003261
loglik[54]       1.0004057  1.0007774
loglik[55]       1.0009813  1.0026854
loglik[56]       1.0000357  1.0003942
loglik[57]       1.0003796  1.0012085
loglik[58]       1.0002669  1.0003426
loglik[59]       1.0006842  1.0024549
loglik[6]        0.9998885  1.0000132
loglik[60]       1.0005405  1.0015120
loglik[61]       1.0003227  1.0011602
loglik[62]       1.0002262  1.0002697
loglik[63]       1.0000438  1.0006047
loglik[64]       1.0002657  1.0004663
loglik[65]       1.0016225  1.0040410
loglik[66]       1.0003924  1.0015969
loglik[67]       0.9999665  1.0001012
loglik[68]       0.9998834  0.9999714
loglik[69]       0.9999652  1.0000593
loglik[7]        1.0002993  1.0004504
loglik[70]       1.0001110  1.0002103
loglik[71]       1.0014867  1.0020388
loglik[72]       1.0003967  1.0011976
loglik[73]       1.0016481  1.0025925
loglik[74]       1.0004026  1.0009773
loglik[75]       0.9998793  0.9999796
loglik[76]       1.0002742  1.0006854
loglik[77]       1.0001497  1.0007973
loglik[78]       1.0001131  1.0004861
loglik[79]       1.0003008  1.0008915
loglik[8]        0.9999301  1.0000591
loglik[80]       1.0005585  1.0014026
loglik[81]       0.9999747  1.0002878
loglik[82]       1.0004442  1.0010241
loglik[83]       1.0002074  1.0002308
loglik[84]       1.0008667  1.0028423
loglik[85]       1.0001724  1.0008010
loglik[86]       1.0021704  1.0029395
loglik[87]       1.0003608  1.0006434
loglik[88]       1.0004203  1.0019855
loglik[89]       1.0000072  1.0003165
loglik[9]        1.0001070  1.0007658
loglik[90]       0.9999294  1.0000000
loglik[91]       1.0000332  1.0002107
loglik[92]       0.9999989  1.0001184
loglik[93]       1.0000175  1.0002466
loglik[94]       0.9999961  1.0003074
loglik[95]       1.0011906  1.0021279
loglik[96]       0.9999535  1.0002020
loglik[97]       0.9999814  1.0003747
loglik[98]       1.0003928  1.0011380
loglik[99]       0.9999566  1.0000478
p.fac1[1,1]      0.9998696  0.9999398
p.fac1[1,2]      0.9999282  0.9999945
p.fac1[1,3]      1.0001652  1.0001792
p.fac1[10,1]     0.9998697  0.9999327
p.fac1[10,2]     0.9998810  0.9999166
p.fac1[10,3]     0.9998647  0.9998941
p.fac1[100,1]    1.0000635  1.0002496
p.fac1[100,2]    1.0002898  1.0008727
p.fac1[100,3]    1.0010638  1.0014676
p.fac1[101,1]    1.0000920  1.0007788
p.fac1[101,2]    0.9999532  1.0001112
p.fac1[101,3]    1.0001401  1.0003946
p.fac1[102,1]    1.0002555  1.0007346
p.fac1[102,2]    1.0010560  1.0017609
p.fac1[102,3]    0.9999557  1.0000414
p.fac1[103,1]    1.0017596  1.0050213
p.fac1[103,2]    1.0011289  1.0021894
p.fac1[103,3]    1.0007004  1.0017821
p.fac1[104,1]    1.0002602  1.0004514
p.fac1[104,2]    1.0011534  1.0013629
p.fac1[104,3]    1.0003373  1.0006165
p.fac1[105,1]    1.0008454  1.0012571
p.fac1[105,2]    1.0007776  1.0011174
p.fac1[105,3]    1.0009541  1.0013948
p.fac1[106,1]    1.0001575  1.0002484
p.fac1[106,2]    1.0000535  1.0002580
p.fac1[106,3]    1.0004711  1.0006901
p.fac1[107,1]    1.0000278  1.0004972
p.fac1[107,2]    1.0000259  1.0001484
p.fac1[107,3]    1.0004090  1.0017744
p.fac1[108,1]    1.0002755  1.0014270
p.fac1[108,2]    1.0004417  1.0005240
p.fac1[108,3]    1.0006358  1.0017232
p.fac1[109,1]    1.0002011  1.0010051
p.fac1[109,2]    1.0004256  1.0012570
p.fac1[109,3]    1.0003713  1.0005925
p.fac1[11,1]     0.9999961  1.0003659
p.fac1[11,2]     1.0003582  1.0012999
p.fac1[11,3]     1.0000253  1.0001017
p.fac1[110,1]    1.0000270  1.0002586
p.fac1[110,2]    1.0007074  1.0008270
p.fac1[110,3]    0.9999687  1.0000553
p.fac1[111,1]    1.0001188  1.0001193
p.fac1[111,2]    1.0009631  1.0013617
p.fac1[111,3]    1.0001381  1.0003435
p.fac1[12,1]     1.0009292  1.0015717
p.fac1[12,2]     1.0000513  1.0003678
p.fac1[12,3]     1.0065099  1.0088960
p.fac1[13,1]     1.0003890  1.0004357
p.fac1[13,2]     0.9999252  1.0001395
p.fac1[13,3]     1.0036158  1.0043381
p.fac1[14,1]     1.0004448  1.0013647
p.fac1[14,2]     1.0000936  1.0001194
p.fac1[14,3]     1.0037465  1.0053725
p.fac1[15,1]     1.0004031  1.0007932
p.fac1[15,2]     1.0001099  1.0002202
p.fac1[15,3]     1.0005433  1.0011453
p.fac1[16,1]     1.0001668  1.0007706
p.fac1[16,2]     1.0005518  1.0023734
p.fac1[16,3]     1.0009912  1.0017611
p.fac1[17,1]     1.0006629  1.0015190
p.fac1[17,2]     1.0009039  1.0016722
p.fac1[17,3]     1.0001545  1.0004637
p.fac1[18,1]     1.0003413  1.0011595
p.fac1[18,2]     1.0001248  1.0005506
p.fac1[18,3]     1.0015146  1.0019395
p.fac1[19,1]     1.0006697  1.0008526
p.fac1[19,2]     0.9999601  1.0001928
p.fac1[19,3]     1.0033746  1.0040620
p.fac1[2,1]      1.0000998  1.0005844
p.fac1[2,2]      1.0000452  1.0000807
p.fac1[2,3]      1.0001984  1.0005530
p.fac1[20,1]     1.0000221  1.0004452
p.fac1[20,2]     0.9999915  1.0002766
p.fac1[20,3]     1.0008694  1.0018522
p.fac1[21,1]     1.0001231  1.0002555
p.fac1[21,2]     1.0003394  1.0005549
p.fac1[21,3]     1.0005820  1.0012545
p.fac1[22,1]     0.9999961  1.0001341
p.fac1[22,2]     1.0001257  1.0008982
p.fac1[22,3]     1.0024016  1.0033695
p.fac1[23,1]     0.9999931  1.0002234
p.fac1[23,2]     0.9999230  0.9999457
p.fac1[23,3]     1.0019292  1.0025854
p.fac1[24,1]     1.0003975  1.0010822
p.fac1[24,2]     1.0000465  1.0004326
p.fac1[24,3]     1.0027718  1.0029010
p.fac1[25,1]     1.0006895  1.0028642
p.fac1[25,2]     1.0010349  1.0037366
p.fac1[25,3]     1.0010182  1.0016913
p.fac1[26,1]     1.0001511  1.0005569
p.fac1[26,2]     1.0000108  1.0004542
p.fac1[26,3]     1.0000100  1.0003661
p.fac1[27,1]     1.0002929  1.0013281
p.fac1[27,2]     1.0003553  1.0015416
p.fac1[27,3]     1.0003533  1.0008505
p.fac1[28,1]     1.0002067  1.0005948
p.fac1[28,2]     1.0000958  1.0002143
p.fac1[28,3]     1.0007018  1.0009861
p.fac1[29,1]     1.0001779  1.0006130
p.fac1[29,2]     1.0001839  1.0005932
p.fac1[29,3]     1.0004864  1.0006924
p.fac1[3,1]      1.0000065  1.0002979
p.fac1[3,2]      1.0000354  1.0004741
p.fac1[3,3]      1.0000079  1.0002630
p.fac1[30,1]     1.0003003  1.0006842
p.fac1[30,2]     1.0003559  1.0005389
p.fac1[30,3]     1.0004306  1.0006208
p.fac1[31,1]     1.0005978  1.0013937
p.fac1[31,2]     1.0012244  1.0023637
p.fac1[31,3]     1.0030629  1.0035378
p.fac1[32,1]     1.0000524  1.0005198
p.fac1[32,2]     1.0001253  1.0007082
p.fac1[32,3]     1.0004789  1.0005104
p.fac1[33,1]     1.0005257  1.0012408
p.fac1[33,2]     1.0001646  1.0008558
p.fac1[33,3]     1.0021436  1.0026848
p.fac1[34,1]     1.0001505  1.0008999
p.fac1[34,2]     1.0010919  1.0032186
p.fac1[34,3]     1.0001009  1.0001077
p.fac1[35,1]     0.9999316  1.0001641
p.fac1[35,2]     0.9999553  1.0002524
p.fac1[35,3]     1.0004071  1.0005235
p.fac1[36,1]     1.0001039  1.0002620
p.fac1[36,2]     1.0001236  1.0007229
p.fac1[36,3]     1.0020421  1.0021819
p.fac1[37,1]     1.0004968  1.0015932
p.fac1[37,2]     1.0005879  1.0015999
p.fac1[37,3]     1.0013937  1.0016998
p.fac1[38,1]     1.0005173  1.0017779
p.fac1[38,2]     1.0002353  1.0011182
p.fac1[38,3]     1.0011999  1.0012710
p.fac1[39,1]     0.9998529  0.9998717
p.fac1[39,2]     0.9998708  0.9998971
p.fac1[39,3]     1.0002943  1.0003036
p.fac1[4,1]      1.0000266  1.0003393
p.fac1[4,2]      1.0000407  1.0005667
p.fac1[4,3]      1.0005962  1.0012065
p.fac1[40,1]     1.0001956  1.0010680
p.fac1[40,2]     0.9999657  1.0002806
p.fac1[40,3]     1.0000336  1.0003572
p.fac1[41,1]     0.9999108  1.0001176
p.fac1[41,2]     0.9999180  0.9999311
p.fac1[41,3]     0.9998828  0.9999673
p.fac1[42,1]     1.0000980  1.0007292
p.fac1[42,2]     1.0002976  1.0013655
p.fac1[42,3]     1.0005213  1.0016230
p.fac1[43,1]     1.0001971  1.0010442
p.fac1[43,2]     1.0002538  1.0012708
p.fac1[43,3]     1.0001896  1.0004291
p.fac1[44,1]     1.0002141  1.0010164
p.fac1[44,2]     1.0000168  1.0002537
p.fac1[44,3]     1.0007716  1.0010807
p.fac1[45,1]     1.0000086  1.0002190
p.fac1[45,2]     0.9999449  0.9999971
p.fac1[45,3]     1.0000907  1.0003518
p.fac1[46,1]     1.0001334  1.0008248
p.fac1[46,2]     1.0000411  1.0004286
p.fac1[46,3]     1.0003750  1.0008299
p.fac1[47,1]     0.9999417  1.0000218
p.fac1[47,2]     1.0000131  1.0002154
p.fac1[47,3]     1.0004990  1.0006239
p.fac1[48,1]     0.9998681  0.9999540
p.fac1[48,2]     0.9999041  1.0000093
p.fac1[48,3]     1.0000483  1.0001552
p.fac1[49,1]     1.0001547  1.0005543
p.fac1[49,2]     1.0004344  1.0014120
p.fac1[49,3]     1.0013920  1.0018531
p.fac1[5,1]      1.0003313  1.0005942
p.fac1[5,2]      1.0001645  1.0007517
p.fac1[5,3]      1.0001132  1.0002879
p.fac1[50,1]     1.0000296  1.0005161
p.fac1[50,2]     1.0001169  1.0007348
p.fac1[50,3]     1.0000502  1.0001866
p.fac1[51,1]     1.0002616  1.0014095
p.fac1[51,2]     1.0001764  1.0004670
p.fac1[51,3]     1.0001154  1.0007402
p.fac1[52,1]     1.0001374  1.0007069
p.fac1[52,2]     0.9998948  1.0000277
p.fac1[52,3]     1.0003918  1.0007407
p.fac1[53,1]     0.9999449  0.9999878
p.fac1[53,2]     0.9999153  1.0001274
p.fac1[53,3]     1.0031278  1.0036459
p.fac1[54,1]     1.0002664  1.0004578
p.fac1[54,2]     1.0000133  1.0003511
p.fac1[54,3]     1.0011980  1.0018710
p.fac1[55,1]     1.0002641  1.0010050
p.fac1[55,2]     1.0004382  1.0018848
p.fac1[55,3]     1.0014855  1.0020213
p.fac1[56,1]     0.9998993  1.0000204
p.fac1[56,2]     0.9998673  0.9999285
p.fac1[56,3]     1.0002371  1.0009657
p.fac1[57,1]     1.0002280  1.0009643
p.fac1[57,2]     1.0006549  1.0014520
p.fac1[57,3]     1.0000221  1.0002050
p.fac1[58,1]     0.9999680  1.0002617
p.fac1[58,2]     1.0001256  1.0002683
p.fac1[58,3]     1.0002587  1.0013323
p.fac1[59,1]     1.0003628  1.0013557
p.fac1[59,2]     1.0005445  1.0016355
p.fac1[59,3]     1.0004811  1.0006371
p.fac1[6,1]      1.0001945  1.0011266
p.fac1[6,2]      0.9999617  1.0003052
p.fac1[6,3]      0.9999865  1.0003474
p.fac1[60,1]     0.9999772  1.0002253
p.fac1[60,2]     0.9999848  1.0002689
p.fac1[60,3]     1.0001202  1.0002546
p.fac1[61,1]     1.0001953  1.0010317
p.fac1[61,2]     1.0000878  1.0007157
p.fac1[61,3]     1.0013534  1.0025308
p.fac1[62,1]     1.0001884  1.0010792
p.fac1[62,2]     1.0006703  1.0026578
p.fac1[62,3]     1.0007475  1.0025007
p.fac1[63,1]     1.0002366  1.0012462
p.fac1[63,2]     1.0005224  1.0017679
p.fac1[63,3]     1.0000073  1.0000637
p.fac1[64,1]     1.0005595  1.0011983
p.fac1[64,2]     1.0007043  1.0012053
p.fac1[64,3]     1.0006824  1.0009790
p.fac1[65,1]     1.0002057  1.0007718
p.fac1[65,2]     1.0000276  1.0000864
p.fac1[65,3]     1.0005317  1.0010621
p.fac1[66,1]     1.0005276  1.0019836
p.fac1[66,2]     1.0008791  1.0015700
p.fac1[66,3]     1.0002741  1.0010473
p.fac1[67,1]     1.0002591  1.0005369
p.fac1[67,2]     1.0003252  1.0010393
p.fac1[67,3]     1.0025369  1.0037961
p.fac1[68,1]     1.0001580  1.0007949
p.fac1[68,2]     1.0001367  1.0006927
p.fac1[68,3]     1.0000761  1.0002185
p.fac1[69,1]     1.0013700  1.0054058
p.fac1[69,2]     1.0009137  1.0037744
p.fac1[69,3]     1.0007707  1.0014242
p.fac1[7,1]      1.0004181  1.0018905
p.fac1[7,2]      1.0003290  1.0015360
p.fac1[7,3]      1.0000624  1.0001843
p.fac1[70,1]     1.0000321  1.0002756
p.fac1[70,2]     0.9999056  0.9999479
p.fac1[70,3]     0.9999559  1.0001935
p.fac1[71,1]     0.9999613  1.0002705
p.fac1[71,2]     1.0000421  1.0004873
p.fac1[71,3]     1.0000978  1.0003171
p.fac1[72,1]     0.9998858  0.9999835
p.fac1[72,2]     1.0000918  1.0006097
p.fac1[72,3]     1.0000323  1.0001553
p.fac1[73,1]     1.0004352  1.0017498
p.fac1[73,2]     1.0008543  1.0029524
p.fac1[73,3]     1.0002651  1.0004409
p.fac1[74,1]     0.9999046  1.0000713
p.fac1[74,2]     1.0001182  1.0008285
p.fac1[74,3]     0.9999152  1.0000768
p.fac1[75,1]     0.9998942  1.0000127
p.fac1[75,2]     1.0003972  1.0013459
p.fac1[75,3]     1.0000282  1.0001266
p.fac1[76,1]     1.0002561  1.0011129
p.fac1[76,2]     1.0001469  1.0004745
p.fac1[76,3]     1.0001270  1.0003174
p.fac1[77,1]     1.0000874  1.0002909
p.fac1[77,2]     1.0000725  1.0003938
p.fac1[77,3]     1.0001723  1.0004064
p.fac1[78,1]     1.0000068  1.0002490
p.fac1[78,2]     0.9999655  1.0001268
p.fac1[78,3]     1.0000649  1.0001292
p.fac1[79,1]     0.9998525  0.9998551
p.fac1[79,2]     0.9999612  1.0000915
p.fac1[79,3]     1.0000564  1.0003085
p.fac1[8,1]      1.0002327  1.0008277
p.fac1[8,2]      0.9999612  1.0001666
p.fac1[8,3]      1.0000909  1.0005667
p.fac1[80,1]     1.0015549  1.0029617
p.fac1[80,2]     1.0007037  1.0008513
p.fac1[80,3]     1.0084141  1.0102548
p.fac1[81,1]     1.0001405  1.0009224
p.fac1[81,2]     1.0006400  1.0027276
p.fac1[81,3]     1.0016262  1.0022883
p.fac1[82,1]     1.0005604  1.0022359
p.fac1[82,2]     1.0003870  1.0015620
p.fac1[82,3]     0.9998667  0.9999031
p.fac1[83,1]     0.9998924  0.9998993
p.fac1[83,2]     0.9999194  1.0000401
p.fac1[83,3]     1.0013057  1.0017520
p.fac1[84,1]     1.0000734  1.0006722
p.fac1[84,2]     1.0001302  1.0002319
p.fac1[84,3]     1.0000374  1.0003483
p.fac1[85,1]     1.0001526  1.0008139
p.fac1[85,2]     1.0001441  1.0002791
p.fac1[85,3]     1.0002463  1.0011027
p.fac1[86,1]     1.0001388  1.0009502
p.fac1[86,2]     1.0002921  1.0014617
p.fac1[86,3]     1.0006486  1.0026731
p.fac1[87,1]     1.0004948  1.0019788
p.fac1[87,2]     1.0007422  1.0017694
p.fac1[87,3]     1.0013964  1.0025628
p.fac1[88,1]     0.9999865  1.0003954
p.fac1[88,2]     1.0002266  1.0012212
p.fac1[88,3]     1.0003188  1.0004301
p.fac1[89,1]     0.9999532  1.0000308
p.fac1[89,2]     0.9999365  1.0000990
p.fac1[89,3]     1.0000037  1.0000605
p.fac1[9,1]      1.0002910  1.0010228
p.fac1[9,2]      1.0003309  1.0012524
p.fac1[9,3]      1.0005043  1.0010551
p.fac1[90,1]     1.0001185  1.0002771
p.fac1[90,2]     1.0000236  1.0000999
p.fac1[90,3]     1.0021444  1.0026585
p.fac1[91,1]     1.0000016  1.0004030
p.fac1[91,2]     1.0000451  1.0002568
p.fac1[91,3]     0.9998695  0.9999436
p.fac1[92,1]     1.0000767  1.0006452
p.fac1[92,2]     0.9999088  1.0000726
p.fac1[92,3]     1.0000427  1.0003865
p.fac1[93,1]     0.9998477  0.9998633
p.fac1[93,2]     0.9998873  1.0000172
p.fac1[93,3]     1.0002332  1.0005364
p.fac1[94,1]     1.0004179  1.0018082
p.fac1[94,2]     1.0003547  1.0006012
p.fac1[94,3]     1.0001533  1.0007301
p.fac1[95,1]     0.9999869  1.0000427
p.fac1[95,2]     1.0009706  1.0025287
p.fac1[95,3]     1.0033461  1.0039024
p.fac1[96,1]     1.0008352  1.0028445
p.fac1[96,2]     1.0002542  1.0007010
p.fac1[96,3]     1.0003931  1.0013147
p.fac1[97,1]     1.0000872  1.0004964
p.fac1[97,2]     0.9999638  1.0000049
p.fac1[97,3]     1.0003007  1.0005757
p.fac1[98,1]     1.0001510  1.0001966
p.fac1[98,2]     1.0002106  1.0004413
p.fac1[98,3]     1.0009168  1.0014966
p.fac1[99,1]     1.0002081  1.0008807
p.fac1[99,2]     1.0001033  1.0003074
p.fac1[99,3]     1.0006338  1.0008496
p.global[1]      0.9998696  0.9999398
p.global[2]      0.9999282  0.9999945
p.global[3]      1.0001652  1.0001792

################################################################################
# Geweke Diagnostic
################################################################################

The Geweke diagnostic is a standard z-score, so we'd expect 5% to be outside +/-1.96
Number of variables outside +/-1.96 in each chain (out of 
670
):


       Chain 1 Chain 2 Chain 3
Geweke      31      23      20


And here are the Geweke diagnostics for all variables:

                chain1 chain2 chain3
deviance         1.141 -0.771 -0.485
ilr.fac1[10,1]   1.598  0.310  0.535
ilr.fac1[10,2]   1.248 -0.250 -0.014
ilr.fac1[100,1] -0.707 -0.104  0.598
ilr.fac1[100,2]  0.786 -0.380 -1.125
ilr.fac1[101,1] -1.715  0.099  1.223
ilr.fac1[101,2] -1.517  0.538 -0.186
ilr.fac1[102,1] -0.779  1.211 -0.466
ilr.fac1[102,2] -0.870  0.120  1.430
ilr.fac1[103,1]  0.189 -0.145 -0.364
ilr.fac1[103,2] -0.095 -0.827  1.009
ilr.fac1[104,1]  0.034  0.367  1.215
ilr.fac1[104,2]  1.639 -0.607  0.548
ilr.fac1[105,1] -1.823 -0.137  0.419
ilr.fac1[105,2] -1.478 -1.346 -1.280
ilr.fac1[106,1]  0.333 -0.844 -1.801
ilr.fac1[106,2] -1.173  2.395 -0.264
ilr.fac1[107,1] -0.792  0.556  0.817
ilr.fac1[107,2] -0.127 -0.214  0.541
ilr.fac1[108,1] -0.651  0.685 -0.844
ilr.fac1[108,2]  0.644  0.871  0.562
ilr.fac1[109,1] -0.032 -0.414 -0.527
ilr.fac1[109,2] -1.186 -2.318  0.876
ilr.fac1[11,1]  -0.508 -0.099 -0.281
ilr.fac1[11,2]   0.392  0.429 -1.643
ilr.fac1[110,1] -0.740  0.547 -0.013
ilr.fac1[110,2] -0.609  0.804  0.720
ilr.fac1[111,1] -0.627  0.113  0.080
ilr.fac1[111,2]  0.088  1.153 -0.448
ilr.fac1[12,1]   0.618 -0.205 -1.446
ilr.fac1[12,2]  -0.049  0.092  0.581
ilr.fac1[13,1]  -1.012  1.124 -0.878
ilr.fac1[13,2]   0.099 -1.328  1.666
ilr.fac1[14,1]  -0.720  0.857 -0.021
ilr.fac1[14,2]  -0.497 -0.191  1.140
ilr.fac1[15,1]  -0.546 -1.331  0.006
ilr.fac1[15,2]  -0.310 -0.897 -1.394
ilr.fac1[16,1]   1.706  1.697  0.149
ilr.fac1[16,2]   0.524  1.713 -0.024
ilr.fac1[17,1]   0.933  1.191  1.848
ilr.fac1[17,2]  -1.312  0.693  0.600
ilr.fac1[18,1]  -0.842 -0.727  1.381
ilr.fac1[18,2]  -0.261  0.734 -0.474
ilr.fac1[19,1]   0.247  1.653 -0.286
ilr.fac1[19,2]  -0.850 -1.444  0.925
ilr.fac1[2,1]    0.605  0.241  1.234
ilr.fac1[2,2]   -1.058 -1.089  0.212
ilr.fac1[20,1]   2.698 -0.253  0.882
ilr.fac1[20,2]   0.787  0.503 -0.092
ilr.fac1[21,1]   0.829  0.559  1.031
ilr.fac1[21,2]   0.530  1.192  0.757
ilr.fac1[22,1]  -2.575  0.240 -0.939
ilr.fac1[22,2]   0.383  0.520  0.057
ilr.fac1[23,1]   1.661  1.499  1.459
ilr.fac1[23,2]  -0.815 -0.303 -0.506
ilr.fac1[24,1]  -0.527 -0.635 -0.368
ilr.fac1[24,2]   1.482  1.265  1.015
ilr.fac1[25,1]  -2.235  0.459  0.829
ilr.fac1[25,2]   0.548  0.040 -0.786
ilr.fac1[26,1]   1.045  0.745 -1.839
ilr.fac1[26,2]  -2.463  1.274  2.362
ilr.fac1[27,1]  -0.278  0.337 -1.550
ilr.fac1[27,2]  -0.538  0.342  1.195
ilr.fac1[28,1]   0.946  0.248  0.700
ilr.fac1[28,2]  -0.199  0.990  0.069
ilr.fac1[29,1]  -1.240  0.108 -0.034
ilr.fac1[29,2]   0.034  1.450 -0.254
ilr.fac1[3,1]    1.254 -0.933  0.904
ilr.fac1[3,2]    1.298  0.063  0.598
ilr.fac1[30,1]  -0.026  1.216 -1.369
ilr.fac1[30,2]  -0.571  0.085  0.386
ilr.fac1[31,1]  -1.312  0.581  1.115
ilr.fac1[31,2]   0.196  0.024 -1.061
ilr.fac1[32,1]  -0.398  0.423 -0.626
ilr.fac1[32,2]   1.263  0.037  0.414
ilr.fac1[33,1]   0.666 -0.336  0.752
ilr.fac1[33,2]   0.281  0.523  1.105
ilr.fac1[34,1]  -0.549  0.994  0.544
ilr.fac1[34,2]  -1.914  0.866  0.389
ilr.fac1[35,1]  -1.344  1.504 -0.963
ilr.fac1[35,2]  -1.039  1.543  1.320
ilr.fac1[36,1]  -0.994  0.705  0.311
ilr.fac1[36,2]   1.145 -0.439 -0.655
ilr.fac1[37,1]  -1.082  0.671  0.001
ilr.fac1[37,2]  -1.165  0.253  0.360
ilr.fac1[38,1]  -1.422 -0.405 -1.516
ilr.fac1[38,2]   0.461 -1.725  0.041
ilr.fac1[39,1]   0.027  0.831 -0.601
ilr.fac1[39,2]  -0.686  0.888 -1.138
ilr.fac1[4,1]   -0.107  0.181  0.072
ilr.fac1[4,2]    0.177  0.117 -0.112
ilr.fac1[40,1]  -0.519  0.597  1.115
ilr.fac1[40,2]   1.546 -0.720 -0.172
ilr.fac1[41,1]   1.847 -1.033  0.094
ilr.fac1[41,2]  -0.994 -1.286 -0.606
ilr.fac1[42,1]   0.227 -0.438 -1.282
ilr.fac1[42,2]   1.365  0.290  1.222
ilr.fac1[43,1]   1.607  0.449 -0.466
ilr.fac1[43,2]   1.564 -1.318  0.073
ilr.fac1[44,1]   0.703 -0.753  0.380
ilr.fac1[44,2]  -1.676  0.202  0.456
ilr.fac1[45,1]  -1.020 -0.115  0.424
ilr.fac1[45,2]  -0.542  1.884  0.123
ilr.fac1[46,1]   1.162  1.547  1.378
ilr.fac1[46,2]   0.021  0.389  0.578
ilr.fac1[47,1]   0.516  0.481  0.151
ilr.fac1[47,2]  -0.089 -0.905 -0.054
ilr.fac1[48,1]  -1.390  1.468 -0.095
ilr.fac1[48,2]  -1.874  2.955 -2.501
ilr.fac1[49,1]  -0.213 -0.295  0.655
ilr.fac1[49,2]  -1.344  0.582  0.538
ilr.fac1[5,1]    0.641 -0.535 -1.290
ilr.fac1[5,2]   -0.822 -1.018 -0.033
ilr.fac1[50,1]  -0.362 -0.500 -0.459
ilr.fac1[50,2]  -0.447  1.361 -0.298
ilr.fac1[51,1]  -0.421 -1.147 -1.063
ilr.fac1[51,2]   1.104  0.283 -0.088
ilr.fac1[52,1]  -0.014 -0.309 -0.879
ilr.fac1[52,2]  -0.846  0.583 -0.296
ilr.fac1[53,1]   0.157  0.327  0.767
ilr.fac1[53,2]   0.500  0.996  1.277
ilr.fac1[54,1]   0.003  1.015 -1.139
ilr.fac1[54,2]   0.493  0.056  0.658
ilr.fac1[55,1]  -0.017 -0.103 -1.186
ilr.fac1[55,2]   1.084  1.303  0.163
ilr.fac1[56,1]   0.842 -0.882 -2.054
ilr.fac1[56,2]  -0.662 -1.935 -0.404
ilr.fac1[57,1]  -0.223 -2.127  0.447
ilr.fac1[57,2]   0.464 -0.737  0.106
ilr.fac1[58,1]  -0.963 -0.783  1.012
ilr.fac1[58,2]   0.140 -0.677  0.100
ilr.fac1[59,1]   1.703 -0.712  0.501
ilr.fac1[59,2]   1.020 -0.207 -0.951
ilr.fac1[6,1]   -0.459 -2.173  1.266
ilr.fac1[6,2]   -0.767 -1.108 -0.040
ilr.fac1[60,1]   0.519  0.748 -0.323
ilr.fac1[60,2]   0.377 -0.901 -1.456
ilr.fac1[61,1]   1.348  0.494  0.987
ilr.fac1[61,2]  -0.873 -0.555  0.946
ilr.fac1[62,1]  -0.457 -0.624  0.999
ilr.fac1[62,2]  -0.004  1.475  0.292
ilr.fac1[63,1]  -1.072  0.129  0.558
ilr.fac1[63,2]   0.045  0.411  1.491
ilr.fac1[64,1]  -0.726  0.817  0.875
ilr.fac1[64,2]  -1.155 -1.163  2.233
ilr.fac1[65,1]   1.113  0.151  0.635
ilr.fac1[65,2]   0.210  1.099 -1.807
ilr.fac1[66,1]   1.662  0.718  0.014
ilr.fac1[66,2]   0.222  0.135 -0.004
ilr.fac1[67,1]  -0.298 -0.555  0.434
ilr.fac1[67,2]  -2.431 -0.241  0.362
ilr.fac1[68,1]  -1.784  0.428  0.974
ilr.fac1[68,2]  -0.650  0.354  2.122
ilr.fac1[69,1]  -1.735  0.206  0.127
ilr.fac1[69,2]   0.258  1.047  0.003
ilr.fac1[7,1]   -0.757 -1.073 -0.348
ilr.fac1[7,2]   -0.802 -1.117 -0.080
ilr.fac1[70,1]   0.557 -1.441  0.017
ilr.fac1[70,2]  -1.692 -0.049 -0.609
ilr.fac1[71,1]   1.245 -0.766 -0.500
ilr.fac1[71,2]   1.095  0.459  0.794
ilr.fac1[72,1]  -0.927 -1.859  0.719
ilr.fac1[72,2]  -1.113 -1.651 -0.324
ilr.fac1[73,1]   1.898 -0.061  1.344
ilr.fac1[73,2]  -1.404 -1.602 -1.357
ilr.fac1[74,1]  -1.113 -1.203 -2.147
ilr.fac1[74,2]   0.160 -0.308 -1.213
ilr.fac1[75,1]   0.156  0.531 -0.079
ilr.fac1[75,2]  -0.154 -0.482  0.498
ilr.fac1[76,1]   0.618  0.740 -0.992
ilr.fac1[76,2]  -0.189  0.122 -1.247
ilr.fac1[77,1]  -0.721  0.709  1.054
ilr.fac1[77,2]  -0.017 -0.345  0.504
ilr.fac1[78,1]   0.100  0.341  1.509
ilr.fac1[78,2]  -0.455 -1.970 -1.615
ilr.fac1[79,1]   1.130  1.098 -0.328
ilr.fac1[79,2]   0.148 -0.113 -0.154
ilr.fac1[8,1]    1.231 -0.089 -0.591
ilr.fac1[8,2]    0.579  0.031 -2.098
ilr.fac1[80,1]  -0.392  1.212  1.333
ilr.fac1[80,2]  -0.226 -0.395  1.130
ilr.fac1[81,1]   0.292  0.363  0.305
ilr.fac1[81,2]  -0.585 -0.176  0.872
ilr.fac1[82,1]  -0.125  0.804 -0.898
ilr.fac1[82,2]  -1.818 -1.279  0.034
ilr.fac1[83,1]  -2.031  0.739  0.148
ilr.fac1[83,2]  -0.668  0.068  0.142
ilr.fac1[84,1]  -0.018 -0.277 -0.422
ilr.fac1[84,2]  -1.466 -1.373 -0.142
ilr.fac1[85,1]   1.653 -0.590 -0.037
ilr.fac1[85,2]   0.196  1.175  0.414
ilr.fac1[86,1]   1.203  0.583 -0.171
ilr.fac1[86,2]   1.166  0.716  0.970
ilr.fac1[87,1]  -0.803 -1.202  0.768
ilr.fac1[87,2]  -1.052 -0.447  0.437
ilr.fac1[88,1]   0.238  1.242 -0.098
ilr.fac1[88,2]  -1.718  0.916  0.306
ilr.fac1[89,1]   0.249 -0.023  0.636
ilr.fac1[89,2]   0.483  0.425 -0.431
ilr.fac1[9,1]   -0.770  0.855  0.418
ilr.fac1[9,2]    0.104  0.718 -0.077
ilr.fac1[90,1]   0.902 -0.401  1.159
ilr.fac1[90,2]   0.426 -0.739 -1.335
ilr.fac1[91,1]   0.710 -1.517  1.288
ilr.fac1[91,2]   0.244 -1.347  2.376
ilr.fac1[92,1]   1.047  1.879 -0.504
ilr.fac1[92,2]   0.618  2.622 -1.273
ilr.fac1[93,1]  -0.018  1.353 -0.660
ilr.fac1[93,2]   1.303  0.409  0.814
ilr.fac1[94,1]  -0.692  0.046 -0.330
ilr.fac1[94,2]  -0.095 -0.315  0.054
ilr.fac1[95,1]  -0.101  0.168  0.760
ilr.fac1[95,2]   0.619  2.085  0.979
ilr.fac1[96,1]  -0.126  0.889 -0.645
ilr.fac1[96,2]   0.116  0.690  1.615
ilr.fac1[97,1]   0.667  0.384 -0.062
ilr.fac1[97,2]  -0.786 -0.836 -0.507
ilr.fac1[98,1]  -2.008  0.612 -0.038
ilr.fac1[98,2]   0.896  1.372  1.042
ilr.fac1[99,1]  -1.680 -0.655  1.117
ilr.fac1[99,2]  -0.776  0.092  0.151
loglik[1]        1.661 -0.069  0.128
loglik[10]      -0.127  0.142 -0.051
loglik[100]      0.920  0.348  0.471
loglik[101]     -2.495  0.697  1.712
loglik[102]     -1.105  2.381 -0.549
loglik[103]      0.120  0.313 -0.130
loglik[104]     -0.558  0.047 -0.318
loglik[105]      0.330  0.105  1.383
loglik[106]     -2.484  0.705 -1.463
loglik[107]      0.983  0.195  1.003
loglik[108]     -1.150  1.350 -0.358
loglik[109]      0.778 -0.619 -0.381
loglik[11]       0.155  0.653  0.694
loglik[110]     -0.346  0.218  0.197
loglik[111]     -1.910  0.145 -0.475
loglik[12]       0.353 -0.414 -1.057
loglik[13]      -1.055 -1.910  0.775
loglik[14]      -0.661 -1.038 -0.278
loglik[15]       0.028 -0.485  2.073
loglik[16]      -1.364 -0.797 -1.613
loglik[17]      -0.082  0.800  1.173
loglik[18]      -0.393 -0.261  0.437
loglik[19]      -0.391 -0.969  0.512
loglik[2]        1.245  0.866  0.859
loglik[20]       0.166  0.722  0.557
loglik[21]      -0.250  0.289 -0.151
loglik[22]       0.675  0.529  0.303
loglik[23]      -0.843 -1.495 -0.259
loglik[24]      -0.740 -0.540 -1.583
loglik[25]      -0.325  1.310 -0.141
loglik[26]      -1.892  0.724  1.749
loglik[27]      -1.134 -1.012  1.574
loglik[28]       0.837  0.494 -0.243
loglik[29]       0.154 -0.025 -1.356
loglik[3]        0.850  1.231 -0.495
loglik[30]       0.939  0.325  0.398
loglik[31]       1.063  0.156  1.797
loglik[32]       0.298  0.036 -1.241
loglik[33]      -0.037 -0.004 -0.807
loglik[34]      -0.373  1.155  1.218
loglik[35]      -1.620  2.844  0.736
loglik[36]       0.974  0.792 -0.456
loglik[37]      -0.852 -1.318  0.130
loglik[38]       0.055 -0.136 -0.264
loglik[39]      -0.728  0.788  0.115
loglik[4]       -2.239 -0.806  0.297
loglik[40]      -1.467  2.248  0.054
loglik[41]       2.073  0.754 -0.402
loglik[42]      -0.660  0.120  1.362
loglik[43]       1.041  0.428  0.023
loglik[44]       0.260 -1.302  0.720
loglik[45]      -1.325 -0.596 -0.316
loglik[46]      -0.331  0.379 -0.316
loglik[47]       0.217  1.872 -0.989
loglik[48]      -1.521  0.333  0.245
loglik[49]      -0.316 -0.133  0.286
loglik[5]        0.990  0.364 -0.008
loglik[50]       0.818  0.341  0.669
loglik[51]      -0.025  0.641 -0.656
loglik[52]      -0.882  0.717 -0.055
loglik[53]      -0.415 -1.351 -0.687
loglik[54]       0.182  0.084  0.801
loglik[55]       0.388 -0.390 -0.097
loglik[56]       0.713  0.888  0.194
loglik[57]       0.866  0.900 -0.329
loglik[58]       0.737  0.924  0.681
loglik[59]      -1.780 -1.540  1.048
loglik[6]       -0.232  0.816  0.771
loglik[60]      -0.579 -0.267  1.522
loglik[61]       0.690  0.049 -1.320
loglik[62]      -0.672  0.634  1.979
loglik[63]      -0.116 -0.621  0.568
loglik[64]       0.626  1.178  0.212
loglik[65]      -0.085 -0.076  0.722
loglik[66]       0.251 -1.654  2.214
loglik[67]      -0.876 -0.357 -0.273
loglik[68]      -1.791  1.024  1.177
loglik[69]       0.701 -0.607  0.457
loglik[7]       -1.614  1.375 -0.380
loglik[70]       1.148 -0.853  0.607
loglik[71]      -0.448 -0.115 -1.359
loglik[72]       0.137  0.348 -0.391
loglik[73]       1.498  0.563  0.494
loglik[74]       1.340 -0.132 -0.191
loglik[75]      -1.063 -1.816  0.370
loglik[76]      -1.093  0.544  1.420
loglik[77]      -0.568 -0.001 -1.262
loglik[78]      -1.539 -0.347 -1.498
loglik[79]       0.143  0.892  0.367
loglik[8]        0.195 -0.284 -1.660
loglik[80]       0.333  0.734  0.702
loglik[81]      -0.180  0.224 -0.438
loglik[82]      -0.346 -0.207 -0.016
loglik[83]       0.180  0.549  0.355
loglik[84]      -0.027  0.241 -0.606
loglik[85]      -0.084  1.247 -1.939
loglik[86]      -0.659  1.370  0.071
loglik[87]      -0.688  0.457  0.897
loglik[88]      -0.768 -0.309 -0.316
loglik[89]      -0.365  0.094  0.890
loglik[9]        1.017  0.378 -0.388
loglik[90]       1.147 -1.212 -0.671
loglik[91]       0.329  1.250  1.301
loglik[92]      -1.588 -0.697  0.074
loglik[93]       0.205 -1.098 -0.233
loglik[94]       0.251  1.340 -0.152
loglik[95]      -0.292  0.061  0.771
loglik[96]      -0.138  2.375 -0.616
loglik[97]       0.055 -0.935 -1.201
loglik[98]      -0.806 -1.099 -0.628
loglik[99]      -0.862  0.031  1.063
p.fac1[1,1]      0.010 -0.099 -0.575
p.fac1[1,2]      0.170 -0.360  0.732
p.fac1[1,3]     -0.450  0.919 -0.419
p.fac1[10,1]     1.648  0.105  0.264
p.fac1[10,2]    -1.374 -0.489 -0.376
p.fac1[10,3]    -0.991  0.432  0.141
p.fac1[100,1]   -0.880 -0.341  0.228
p.fac1[100,2]    0.863  0.023 -0.571
p.fac1[100,3]    0.042  0.438  0.528
p.fac1[101,1]   -2.620  0.272  0.879
p.fac1[101,2]    1.356  0.344 -1.792
p.fac1[101,3]    1.338 -0.809  0.668
p.fac1[102,1]   -1.282  1.425  0.354
p.fac1[102,2]    0.407 -0.949  1.078
p.fac1[102,3]    0.897 -0.649 -1.093
p.fac1[103,1]    0.036 -1.054  0.255
p.fac1[103,2]   -0.265 -0.376  0.982
p.fac1[103,3]    0.177  1.214 -1.132
p.fac1[104,1]    1.274 -0.622  1.715
p.fac1[104,2]    0.462 -0.647 -0.475
p.fac1[104,3]   -1.892  0.954 -1.079
p.fac1[105,1]   -2.989 -0.820 -0.755
p.fac1[105,2]    1.275 -1.118 -0.824
p.fac1[105,3]    1.231  1.551  1.490
p.fac1[106,1]   -0.066  0.007 -2.361
p.fac1[106,2]   -0.696  1.086  1.895
p.fac1[106,3]    1.407 -2.198 -0.077
p.fac1[107,1]   -1.584  0.132  1.204
p.fac1[107,2]    1.313 -0.608 -0.725
p.fac1[107,3]   -0.116  0.722 -0.681
p.fac1[108,1]   -0.001  1.572  0.055
p.fac1[108,2]    0.901 -0.458  1.106
p.fac1[108,3]   -0.657 -1.138 -0.874
p.fac1[109,1]   -0.318 -1.233 -0.159
p.fac1[109,2]    0.059 -0.851  1.175
p.fac1[109,3]    0.326  2.005 -1.416
p.fac1[11,1]     0.411  0.477 -0.775
p.fac1[11,2]     0.931  0.477  0.395
p.fac1[11,3]    -1.652 -1.571  0.580
p.fac1[110,1]   -0.960  0.957  0.676
p.fac1[110,2]   -0.090 -0.076  0.477
p.fac1[110,3]    0.891 -0.662 -0.922
p.fac1[111,1]   -0.636  1.600 -0.339
p.fac1[111,2]    0.707 -0.187  0.198
p.fac1[111,3]    0.195 -1.046  0.223
p.fac1[12,1]     0.377  0.335 -1.017
p.fac1[12,2]    -0.784  0.089  1.422
p.fac1[12,3]     0.318 -0.505 -0.383
p.fac1[13,1]    -0.607 -0.579 -0.162
p.fac1[13,2]     1.035 -0.717  0.919
p.fac1[13,3]    -0.556  1.440 -0.886
p.fac1[14,1]    -1.049  0.433 -0.194
p.fac1[14,2]     0.351 -1.277  0.225
p.fac1[14,3]     0.884  0.553  0.000
p.fac1[15,1]    -0.554 -1.472 -0.512
p.fac1[15,2]     0.211  0.609 -0.148
p.fac1[15,3]     0.489  1.071  0.979
p.fac1[16,1]     2.123  1.236  0.938
p.fac1[16,2]    -1.618 -0.540 -0.724
p.fac1[16,3]    -0.655 -0.941 -0.075
p.fac1[17,1]     0.961  0.911  1.710
p.fac1[17,2]    -2.313 -1.063 -1.512
p.fac1[17,3]     1.201  0.021 -0.649
p.fac1[18,1]    -0.236 -0.181  0.400
p.fac1[18,2]     0.956  0.723 -1.563
p.fac1[18,3]    -0.992 -0.602  0.912
p.fac1[19,1]    -0.832  0.160 -0.591
p.fac1[19,2]    -0.295 -1.621  0.704
p.fac1[19,3]     1.021  1.258 -0.002
p.fac1[2,1]      0.006  0.010  0.884
p.fac1[2,2]     -0.884 -1.438 -1.355
p.fac1[2,3]      0.799  1.594  0.438
p.fac1[20,1]     2.989  0.350  1.439
p.fac1[20,2]    -2.563  0.108 -0.781
p.fac1[20,3]    -0.875 -0.878 -1.897
p.fac1[21,1]     0.661  0.476  0.809
p.fac1[21,2]    -0.697 -0.279 -0.666
p.fac1[21,3]     0.349 -0.496 -0.097
p.fac1[22,1]    -1.880  0.270 -1.459
p.fac1[22,2]     2.509  0.098  1.194
p.fac1[22,3]    -0.554 -0.452  0.369
p.fac1[23,1]     1.448  1.409  1.447
p.fac1[23,2]    -1.463 -1.460 -2.215
p.fac1[23,3]     0.176  0.155  1.823
p.fac1[24,1]     0.333 -0.347 -0.172
p.fac1[24,2]     1.407  0.846  0.691
p.fac1[24,3]    -2.584 -0.603 -0.560
p.fac1[25,1]    -1.942 -0.059  0.216
p.fac1[25,2]     2.284 -0.430 -0.867
p.fac1[25,3]    -0.469  0.910  1.013
p.fac1[26,1]    -0.521  0.706 -0.084
p.fac1[26,2]    -0.732 -0.546  1.581
p.fac1[26,3]     1.504 -0.591 -1.735
p.fac1[27,1]     0.121 -0.109 -1.606
p.fac1[27,2]    -0.053 -0.224  2.144
p.fac1[27,3]    -0.133  0.848 -2.026
p.fac1[28,1]     0.624  0.574  0.314
p.fac1[28,2]    -0.938  0.302 -0.441
p.fac1[28,3]     0.402 -1.230  0.154
p.fac1[29,1]    -0.791  0.165 -0.457
p.fac1[29,2]     1.372 -0.154  0.285
p.fac1[29,3]    -0.527 -0.024  0.254
p.fac1[3,1]      0.924 -0.736  1.246
p.fac1[3,2]     -0.313  0.911 -0.848
p.fac1[3,3]     -1.379 -0.681 -0.332
p.fac1[30,1]     0.236  1.092 -0.486
p.fac1[30,2]     0.104 -1.603  1.316
p.fac1[30,3]    -0.586  0.100 -0.519
p.fac1[31,1]    -0.913 -0.543  0.149
p.fac1[31,2]     0.839 -0.154 -0.974
p.fac1[31,3]     0.597  0.963  0.803
p.fac1[32,1]     0.112  0.134 -0.950
p.fac1[32,2]     0.604 -0.940  1.147
p.fac1[32,3]    -0.992  1.050  0.160
p.fac1[33,1]     1.258 -0.185  1.373
p.fac1[33,2]    -0.727  0.487 -1.088
p.fac1[33,3]    -1.072 -0.329 -0.763
p.fac1[34,1]    -1.394  1.148  0.602
p.fac1[34,2]    -0.016 -0.708 -0.392
p.fac1[34,3]     1.298 -0.756 -0.401
p.fac1[35,1]    -1.666  1.974 -0.913
p.fac1[35,2]     0.956 -1.008  1.492
p.fac1[35,3]     1.104 -1.468 -0.856
p.fac1[36,1]    -0.453  0.286  0.000
p.fac1[36,2]     1.205 -1.446  0.019
p.fac1[36,3]    -0.534  0.866 -0.020
p.fac1[37,1]    -0.664  1.368  0.267
p.fac1[37,2]     0.257 -1.537  0.048
p.fac1[37,3]     0.697  0.387 -0.657
p.fac1[38,1]    -1.853 -0.924 -1.573
p.fac1[38,2]     1.865  0.277  1.284
p.fac1[38,3]    -0.911  1.299  0.183
p.fac1[39,1]     0.118  0.702 -0.899
p.fac1[39,2]    -0.039 -0.252  0.627
p.fac1[39,3]    -0.179 -1.036  0.445
p.fac1[4,1]     -0.143 -0.255 -0.182
p.fac1[4,2]      0.546  0.158  0.271
p.fac1[4,3]     -1.449  0.180 -0.284
p.fac1[40,1]     0.052  0.228  0.608
p.fac1[40,2]     2.084 -1.836 -0.829
p.fac1[40,3]    -2.124  1.452  0.372
p.fac1[41,1]     0.749 -1.434 -0.464
p.fac1[41,2]    -3.043  0.062 -0.280
p.fac1[41,3]     1.250  1.546  0.545
p.fac1[42,1]     0.038 -0.449 -1.441
p.fac1[42,2]     0.409  0.578  1.948
p.fac1[42,3]    -0.905 -0.355 -1.494
p.fac1[43,1]     1.734  0.258 -1.012
p.fac1[43,2]    -0.869 -0.889  0.615
p.fac1[43,3]    -1.798  1.488  0.440
p.fac1[44,1]     0.052 -0.244 -0.072
p.fac1[44,2]    -1.290  0.257  0.327
p.fac1[44,3]     1.986 -0.097 -0.564
p.fac1[45,1]    -0.611  0.592  0.661
p.fac1[45,2]     0.151  0.997 -0.592
p.fac1[45,3]     0.343 -1.494 -0.219
p.fac1[46,1]     1.062  1.118  1.450
p.fac1[46,2]    -0.997 -1.630 -1.063
p.fac1[46,3]    -0.024  0.502 -0.370
p.fac1[47,1]     0.134  0.405 -0.501
p.fac1[47,2]    -0.246 -0.740  0.177
p.fac1[47,3]     0.225  0.709  0.449
p.fac1[48,1]    -1.507  2.190 -0.950
p.fac1[48,2]     0.731 -0.816 -0.101
p.fac1[48,3]     1.325 -2.637  1.825
p.fac1[49,1]    -0.382 -0.409  0.227
p.fac1[49,2]     0.325  0.450 -0.089
p.fac1[49,3]     0.154  0.046 -0.213
p.fac1[5,1]      1.059 -0.376 -1.209
p.fac1[5,2]     -1.675 -0.545  1.378
p.fac1[5,3]      0.863  1.239 -0.212
p.fac1[50,1]    -0.301  0.019 -0.815
p.fac1[50,2]    -0.166  0.435  0.693
p.fac1[50,3]     0.888 -0.937  0.137
p.fac1[51,1]     0.417 -0.278 -0.538
p.fac1[51,2]     1.460  0.749  0.864
p.fac1[51,3]    -1.011 -0.114  0.036
p.fac1[52,1]    -0.252 -0.185 -1.357
p.fac1[52,2]    -0.323  0.523  1.183
p.fac1[52,3]     0.720 -0.547  0.012
p.fac1[53,1]     0.197  0.292  0.962
p.fac1[53,2]     0.493  0.463  0.051
p.fac1[53,3]    -1.173 -1.483 -2.014
p.fac1[54,1]     0.114 -0.089 -0.888
p.fac1[54,2]     0.139 -1.861  0.724
p.fac1[54,3]    -0.250  1.067  0.470
p.fac1[55,1]     0.342  0.319 -1.463
p.fac1[55,2]     0.489  0.331  1.538
p.fac1[55,3]    -1.570 -1.072  0.103
p.fac1[56,1]     0.302 -1.121 -1.669
p.fac1[56,2]    -0.771 -0.189  1.797
p.fac1[56,3]     0.844  1.856 -0.676
p.fac1[57,1]     0.477 -1.999  0.606
p.fac1[57,2]     0.726  0.378 -0.262
p.fac1[57,3]    -0.752  1.191 -0.351
p.fac1[58,1]    -0.696 -0.698  0.719
p.fac1[58,2]     1.152  0.087 -0.509
p.fac1[58,3]    -0.425  0.713 -0.254
p.fac1[59,1]     1.974 -0.467  0.059
p.fac1[59,2]    -1.529  0.919 -0.447
p.fac1[59,3]    -1.216 -0.204  0.273
p.fac1[6,1]     -0.769 -2.041  0.851
p.fac1[6,2]      0.440  1.492 -1.441
p.fac1[6,3]      0.558  0.959  0.577
p.fac1[60,1]     0.483  0.315 -0.622
p.fac1[60,2]    -0.029 -1.162  0.259
p.fac1[60,3]    -0.783  0.926  0.612
p.fac1[61,1]     0.767  0.254  0.526
p.fac1[61,2]    -1.094 -0.019 -0.410
p.fac1[61,3]     0.819 -0.548 -0.123
p.fac1[62,1]    -0.534  0.189  0.946
p.fac1[62,2]     1.046  1.338 -0.415
p.fac1[62,3]    -0.470 -1.191 -0.624
p.fac1[63,1]    -0.990  0.239  0.395
p.fac1[63,2]     0.753 -0.271  0.038
p.fac1[63,3]     0.513  0.067 -0.653
p.fac1[64,1]    -0.808  0.366  1.149
p.fac1[64,2]    -0.080 -1.343  0.225
p.fac1[64,3]     1.200  1.037 -2.118
p.fac1[65,1]     0.822  0.579 -0.540
p.fac1[65,2]    -1.165  0.435 -1.218
p.fac1[65,3]    -0.053 -1.028  1.630
p.fac1[66,1]     1.473  0.745 -0.193
p.fac1[66,2]    -1.250 -0.582  0.585
p.fac1[66,3]    -0.701 -0.514 -0.390
p.fac1[67,1]    -0.586 -0.407  0.074
p.fac1[67,2]    -0.174  0.166 -0.079
p.fac1[67,3]     1.475  0.446 -0.020
p.fac1[68,1]    -1.946  0.406  1.030
p.fac1[68,2]     2.342 -0.449  0.492
p.fac1[68,3]    -0.058 -0.064 -3.235
p.fac1[69,1]    -1.311  0.494  0.440
p.fac1[69,2]     2.477  0.138 -0.458
p.fac1[69,3]    -1.733 -0.961  0.070
p.fac1[7,1]     -0.830 -1.720 -0.196
p.fac1[7,2]      0.518  1.219  0.047
p.fac1[7,3]      0.477  0.717  0.203
p.fac1[70,1]    -1.006 -1.074 -0.551
p.fac1[70,2]    -1.543  0.856 -0.200
p.fac1[70,3]     1.451  0.510  0.511
p.fac1[71,1]     2.259 -1.155 -0.479
p.fac1[71,2]    -0.796  0.618  0.881
p.fac1[71,3]    -1.683  0.869 -0.739
p.fac1[72,1]    -1.157 -2.229  0.449
p.fac1[72,2]     0.611  1.175 -0.603
p.fac1[72,3]     0.922  2.226  0.229
p.fac1[73,1]     1.495 -0.414  0.897
p.fac1[73,2]    -2.549 -0.725 -0.948
p.fac1[73,3]     0.819  1.446 -0.154
p.fac1[74,1]    -0.235 -1.061 -2.096
p.fac1[74,2]     0.876  0.578  0.852
p.fac1[74,3]    -0.194  0.652  1.165
p.fac1[75,1]    -0.137 -0.166  0.242
p.fac1[75,2]     0.063 -1.350  0.762
p.fac1[75,3]     0.075  0.764 -0.601
p.fac1[76,1]     0.782  0.928 -1.439
p.fac1[76,2]    -0.696 -1.430  0.634
p.fac1[76,3]    -0.070  0.372  1.054
p.fac1[77,1]    -0.579  0.812  1.229
p.fac1[77,2]     0.966 -0.900 -0.417
p.fac1[77,3]    -0.102 -0.102 -1.144
p.fac1[78,1]     0.222  0.203  0.952
p.fac1[78,2]     0.059 -1.190 -1.533
p.fac1[78,3]    -0.806  1.814  1.046
p.fac1[79,1]     1.056  0.965 -0.760
p.fac1[79,2]    -1.046 -1.407  0.743
p.fac1[79,3]    -0.029  0.596 -0.097
p.fac1[8,1]      1.113 -0.019 -1.025
p.fac1[8,2]     -1.032 -0.363  0.460
p.fac1[8,3]     -0.461  0.449  1.093
p.fac1[80,1]    -0.470  1.158  1.244
p.fac1[80,2]     0.569 -1.775 -0.499
p.fac1[80,3]    -0.074  0.261 -1.463
p.fac1[81,1]     0.299 -0.074  0.566
p.fac1[81,2]    -0.111 -0.372  0.447
p.fac1[81,3]    -0.245  0.474 -1.275
p.fac1[82,1]    -0.435  0.864 -0.942
p.fac1[82,2]    -0.249 -1.247  0.805
p.fac1[82,3]     1.520  1.112  0.095
p.fac1[83,1]    -2.474  0.986 -0.278
p.fac1[83,2]     2.110 -1.177  0.243
p.fac1[83,3]     0.216  0.441  0.013
p.fac1[84,1]    -0.334 -0.208 -0.439
p.fac1[84,2]    -1.410 -1.886  0.486
p.fac1[84,3]     1.684  1.816 -0.064
p.fac1[85,1]     1.466 -0.265  0.369
p.fac1[85,2]    -1.280  1.284  0.115
p.fac1[85,3]    -0.126 -0.972 -0.453
p.fac1[86,1]     1.537  0.482  0.165
p.fac1[86,2]    -0.865 -0.338  0.628
p.fac1[86,3]    -0.879 -0.196 -1.058
p.fac1[87,1]    -1.215 -1.286  0.335
p.fac1[87,2]     0.555  0.902 -0.692
p.fac1[87,3]     1.062  0.759  0.348
p.fac1[88,1]    -0.919  1.787 -0.032
p.fac1[88,2]    -0.471 -0.773  0.005
p.fac1[88,3]     1.368 -1.370  0.027
p.fac1[89,1]     0.746  0.094  0.779
p.fac1[89,2]    -0.254  0.352 -0.047
p.fac1[89,3]    -0.599 -0.483 -1.080
p.fac1[9,1]     -0.670  0.996  0.915
p.fac1[9,2]      1.378 -0.441 -1.089
p.fac1[9,3]     -1.085 -0.739  0.332
p.fac1[90,1]     0.951 -0.755  0.422
p.fac1[90,2]    -0.635 -0.336 -1.343
p.fac1[90,3]    -0.390  1.258  0.829
p.fac1[91,1]     0.629 -2.217  1.400
p.fac1[91,2]    -0.291  0.744  0.885
p.fac1[91,3]    -0.312  1.588 -2.423
p.fac1[92,1]     1.067  2.065 -0.437
p.fac1[92,2]    -0.289 -0.221 -0.458
p.fac1[92,3]    -0.636 -1.436  0.880
p.fac1[93,1]     0.647  1.415 -0.772
p.fac1[93,2]     0.448 -1.118  1.752
p.fac1[93,3]    -1.403  0.054 -0.933
p.fac1[94,1]    -0.644 -0.261 -0.483
p.fac1[94,2]     0.665 -0.357  0.859
p.fac1[94,3]     0.079  0.605 -0.299
p.fac1[95,1]     0.671  0.624  1.047
p.fac1[95,2]     0.330  0.020 -0.377
p.fac1[95,3]    -0.892 -0.860 -0.900
p.fac1[96,1]    -0.118  0.850  0.442
p.fac1[96,2]     0.261 -0.565  1.779
p.fac1[96,3]    -0.069 -0.323 -1.906
p.fac1[97,1]     0.265 -0.055 -0.027
p.fac1[97,2]    -0.838 -1.017 -0.138
p.fac1[97,3]     0.501  1.069  0.192
p.fac1[98,1]    -1.279  1.124  0.217
p.fac1[98,2]     1.940 -0.237  0.385
p.fac1[98,3]    -0.681 -1.374 -0.663
p.fac1[99,1]    -1.894 -0.198  0.979
p.fac1[99,2]     1.525 -0.039 -0.736
p.fac1[99,3]     0.540  0.265 -0.296
p.global[1]      0.010 -0.099 -0.575
p.global[2]      0.170 -0.360  0.732
p.global[3]     -0.450  0.919 -0.419
