
################################################################################
# Gelman-Rubin Diagnostic
################################################################################

Generally the Gelman diagnostic should be < 1.05


Out of 622 variables: 0 > 1.01

                      
0 > 1.05

                      
0 > 1.1


The worst variables are:

             Point est. Upper C.I.
p.fac1[35,3]   1.003138   1.003315
loglik[15]     1.001528   1.002459
loglik[89]     1.001452   1.001713
loglik[54]     1.001373   1.003596
p.fac1[34,3]   1.001177   1.001180
loglik[13]     1.001161   1.001864
p.fac1[11,2]   1.000943   1.001072
loglik[52]     1.000932   1.001280
loglik[72]     1.000928   1.001244
loglik[71]     1.000908   1.002494


And here are the Gelman diagnostics for all variables:

                Point est. Upper C.I.
deviance         0.9999911  1.0001593
ilr.fac1[1,1]          NaN        NaN
ilr.fac1[1,2]          NaN        NaN
ilr.fac1[10,1]   1.0003768  1.0013998
ilr.fac1[10,2]   1.0000670  1.0004993
ilr.fac1[100,1]  1.0001949  1.0007466
ilr.fac1[100,2]  1.0002227  1.0003717
ilr.fac1[101,1]  0.9999688  0.9999709
ilr.fac1[101,2]  1.0001522  1.0004223
ilr.fac1[102,1]  1.0000054  1.0000657
ilr.fac1[102,2]  1.0000637  1.0001462
ilr.fac1[103,1]  1.0002575  1.0007834
ilr.fac1[103,2]  1.0002261  1.0009651
ilr.fac1[11,1]   1.0003389  1.0007386
ilr.fac1[11,2]   0.9999775  1.0001470
ilr.fac1[12,1]   0.9999939  1.0000121
ilr.fac1[12,2]   1.0000011  1.0000500
ilr.fac1[13,1]   1.0001993  1.0002854
ilr.fac1[13,2]   1.0001715  1.0003982
ilr.fac1[14,1]   1.0002470  1.0011482
ilr.fac1[14,2]   0.9999709  1.0000241
ilr.fac1[15,1]   1.0002238  1.0006385
ilr.fac1[15,2]   1.0000155  1.0002374
ilr.fac1[16,1]   0.9999562  1.0000870
ilr.fac1[16,2]   1.0006273  1.0021592
ilr.fac1[17,1]   1.0001101  1.0005086
ilr.fac1[17,2]   1.0002293  1.0008239
ilr.fac1[18,1]   1.0000547  1.0001058
ilr.fac1[18,2]   1.0000283  1.0002620
ilr.fac1[19,1]   1.0000271  1.0002495
ilr.fac1[19,2]   1.0005490  1.0006127
ilr.fac1[2,1]    0.9999606  1.0000895
ilr.fac1[2,2]    1.0000187  1.0002612
ilr.fac1[20,1]   1.0004071  1.0013737
ilr.fac1[20,2]   1.0002430  1.0011302
ilr.fac1[21,1]   1.0005914  1.0006781
ilr.fac1[21,2]   1.0004958  1.0006435
ilr.fac1[22,1]   1.0001284  1.0005315
ilr.fac1[22,2]   1.0007624  1.0013120
ilr.fac1[23,1]   0.9999254  0.9999581
ilr.fac1[23,2]   1.0001414  1.0002442
ilr.fac1[24,1]   0.9999814  1.0000616
ilr.fac1[24,2]   0.9999820  1.0000594
ilr.fac1[25,1]   0.9999461  0.9999976
ilr.fac1[25,2]   1.0001635  1.0006683
ilr.fac1[26,1]   1.0000191  1.0000815
ilr.fac1[26,2]   1.0000370  1.0002221
ilr.fac1[27,1]   0.9999583  1.0000978
ilr.fac1[27,2]   1.0000118  1.0000736
ilr.fac1[28,1]   1.0000290  1.0001618
ilr.fac1[28,2]   1.0002882  1.0011423
ilr.fac1[29,1]   0.9999797  1.0001903
ilr.fac1[29,2]   1.0001800  1.0007872
ilr.fac1[3,1]    1.0001013  1.0005694
ilr.fac1[3,2]    1.0000919  1.0005166
ilr.fac1[30,1]   1.0000403  1.0000926
ilr.fac1[30,2]   1.0000307  1.0002672
ilr.fac1[31,1]   1.0000140  1.0001815
ilr.fac1[31,2]   0.9999829  1.0001031
ilr.fac1[32,1]   0.9999574  1.0000628
ilr.fac1[32,2]   1.0001079  1.0001381
ilr.fac1[33,1]   1.0000014  1.0002237
ilr.fac1[33,2]   1.0000826  1.0002500
ilr.fac1[34,1]   1.0001714  1.0006136
ilr.fac1[34,2]   1.0001562  1.0002998
ilr.fac1[35,1]   1.0001725  1.0007220
ilr.fac1[35,2]   1.0001577  1.0002465
ilr.fac1[36,1]   1.0001624  1.0003383
ilr.fac1[36,2]   1.0003163  1.0014133
ilr.fac1[37,1]   0.9999646  1.0000048
ilr.fac1[37,2]   0.9999242  0.9999584
ilr.fac1[38,1]   1.0000848  1.0004543
ilr.fac1[38,2]   1.0001059  1.0003300
ilr.fac1[39,1]   1.0000345  1.0002984
ilr.fac1[39,2]   1.0000285  1.0003068
ilr.fac1[4,1]    0.9999418  1.0000255
ilr.fac1[4,2]    1.0000116  1.0000220
ilr.fac1[40,1]   1.0000515  1.0004298
ilr.fac1[40,2]   1.0002581  1.0003793
ilr.fac1[41,1]   1.0002767  1.0003475
ilr.fac1[41,2]   1.0000490  1.0001323
ilr.fac1[42,1]   0.9999677  1.0001467
ilr.fac1[42,2]   1.0004753  1.0017687
ilr.fac1[43,1]   1.0000577  1.0001973
ilr.fac1[43,2]   1.0002838  1.0013140
ilr.fac1[44,1]   1.0000724  1.0004692
ilr.fac1[44,2]   1.0000700  1.0001883
ilr.fac1[45,1]   0.9999690  1.0000984
ilr.fac1[45,2]   0.9999630  0.9999696
ilr.fac1[46,1]   1.0002485  1.0008038
ilr.fac1[46,2]   1.0000924  1.0002325
ilr.fac1[47,1]   1.0005081  1.0014139
ilr.fac1[47,2]   1.0000311  1.0000397
ilr.fac1[48,1]   0.9999809  1.0000940
ilr.fac1[48,2]   1.0001843  1.0005088
ilr.fac1[49,1]   1.0000717  1.0001089
ilr.fac1[49,2]   0.9999508  1.0000830
ilr.fac1[5,1]    1.0000422  1.0002943
ilr.fac1[5,2]    1.0001275  1.0003333
ilr.fac1[50,1]   1.0002781  1.0006853
ilr.fac1[50,2]   1.0004345  1.0009394
ilr.fac1[51,1]   1.0000528  1.0002554
ilr.fac1[51,2]   0.9999644  0.9999966
ilr.fac1[52,1]   1.0001924  1.0006841
ilr.fac1[52,2]   1.0000067  1.0002493
ilr.fac1[53,1]   0.9999209  0.9999501
ilr.fac1[53,2]   1.0004400  1.0018744
ilr.fac1[54,1]   1.0003809  1.0011674
ilr.fac1[54,2]   1.0002970  1.0008235
ilr.fac1[55,1]   1.0000730  1.0001425
ilr.fac1[55,2]   1.0001293  1.0006916
ilr.fac1[56,1]   1.0000948  1.0001104
ilr.fac1[56,2]   0.9999321  0.9999498
ilr.fac1[57,1]   0.9999856  1.0002101
ilr.fac1[57,2]   1.0002326  1.0008643
ilr.fac1[58,1]   1.0000164  1.0001841
ilr.fac1[58,2]   1.0005565  1.0010989
ilr.fac1[59,1]   1.0000285  1.0001385
ilr.fac1[59,2]   1.0000967  1.0004717
ilr.fac1[6,1]    1.0003193  1.0009012
ilr.fac1[6,2]    1.0002552  1.0006911
ilr.fac1[60,1]   0.9999968  1.0002473
ilr.fac1[60,2]   0.9999670  0.9999935
ilr.fac1[61,1]   1.0000032  1.0001380
ilr.fac1[61,2]   0.9999981  1.0002158
ilr.fac1[62,1]   1.0000178  1.0001572
ilr.fac1[62,2]   0.9999795  0.9999854
ilr.fac1[63,1]   0.9999879  1.0000608
ilr.fac1[63,2]   0.9999680  1.0000661
ilr.fac1[64,1]   1.0000978  1.0005922
ilr.fac1[64,2]   0.9999440  0.9999598
ilr.fac1[65,1]   1.0000965  1.0002966
ilr.fac1[65,2]   1.0001096  1.0005765
ilr.fac1[66,1]   1.0002800  1.0007800
ilr.fac1[66,2]   1.0004637  1.0015720
ilr.fac1[67,1]   1.0001010  1.0004841
ilr.fac1[67,2]   0.9999908  1.0000732
ilr.fac1[68,1]   1.0001379  1.0007170
ilr.fac1[68,2]   1.0004263  1.0010723
ilr.fac1[69,1]   1.0004357  1.0007572
ilr.fac1[69,2]   1.0003815  1.0012749
ilr.fac1[7,1]    1.0001456  1.0007847
ilr.fac1[7,2]    0.9999539  1.0000683
ilr.fac1[70,1]   0.9999326  0.9999961
ilr.fac1[70,2]   0.9999763  1.0000280
ilr.fac1[71,1]   1.0001070  1.0006488
ilr.fac1[71,2]   1.0001577  1.0006221
ilr.fac1[72,1]   1.0002975  1.0006437
ilr.fac1[72,2]   1.0001947  1.0008890
ilr.fac1[73,1]   1.0000139  1.0001273
ilr.fac1[73,2]   1.0000718  1.0004147
ilr.fac1[74,1]   1.0003433  1.0007056
ilr.fac1[74,2]   1.0000400  1.0001584
ilr.fac1[75,1]   0.9999313  0.9999708
ilr.fac1[75,2]   1.0001850  1.0008147
ilr.fac1[76,1]   1.0000229  1.0001392
ilr.fac1[76,2]   0.9999713  0.9999815
ilr.fac1[77,1]   1.0000311  1.0003401
ilr.fac1[77,2]   0.9999295  0.9999701
ilr.fac1[78,1]   1.0001953  1.0003480
ilr.fac1[78,2]   1.0000180  1.0000517
ilr.fac1[79,1]   1.0001786  1.0002779
ilr.fac1[79,2]   1.0001304  1.0002146
ilr.fac1[8,1]    0.9999942  1.0001273
ilr.fac1[8,2]    1.0000315  1.0001662
ilr.fac1[80,1]   1.0000569  1.0000898
ilr.fac1[80,2]   0.9999828  1.0001462
ilr.fac1[81,1]   1.0002557  1.0010480
ilr.fac1[81,2]   1.0003220  1.0009083
ilr.fac1[82,1]   1.0003705  1.0007153
ilr.fac1[82,2]   0.9999622  0.9999906
ilr.fac1[83,1]   1.0001084  1.0002814
ilr.fac1[83,2]   1.0002297  1.0004568
ilr.fac1[84,1]   0.9999047  0.9999099
ilr.fac1[84,2]   0.9999634  1.0000803
ilr.fac1[85,1]   1.0002431  1.0010880
ilr.fac1[85,2]   1.0001340  1.0002567
ilr.fac1[86,1]   1.0000647  1.0003253
ilr.fac1[86,2]   1.0000466  1.0001467
ilr.fac1[87,1]   1.0001383  1.0005695
ilr.fac1[87,2]   1.0002180  1.0006100
ilr.fac1[88,1]   1.0000311  1.0001369
ilr.fac1[88,2]   1.0000142  1.0001524
ilr.fac1[89,1]   1.0000260  1.0002051
ilr.fac1[89,2]   1.0000143  1.0000603
ilr.fac1[9,1]    1.0001280  1.0005513
ilr.fac1[9,2]    1.0004555  1.0018758
ilr.fac1[90,1]   0.9999309  0.9999413
ilr.fac1[90,2]   1.0004277  1.0009712
ilr.fac1[91,1]   1.0001939  1.0006233
ilr.fac1[91,2]   1.0002760  1.0008035
ilr.fac1[92,1]   0.9999494  1.0000091
ilr.fac1[92,2]   1.0001061  1.0004690
ilr.fac1[93,1]   1.0000369  1.0002159
ilr.fac1[93,2]   0.9999944  1.0001315
ilr.fac1[94,1]   0.9999475  1.0000442
ilr.fac1[94,2]   1.0002232  1.0003064
ilr.fac1[95,1]   0.9999798  1.0000723
ilr.fac1[95,2]   1.0001170  1.0003474
ilr.fac1[96,1]   0.9999595  0.9999891
ilr.fac1[96,2]   0.9999923  1.0002273
ilr.fac1[97,1]   1.0000258  1.0002920
ilr.fac1[97,2]   1.0000859  1.0003106
ilr.fac1[98,1]   1.0000704  1.0002267
ilr.fac1[98,2]   1.0001934  1.0004699
ilr.fac1[99,1]   1.0001545  1.0005061
ilr.fac1[99,2]   1.0000379  1.0003558
loglik[1]        0.9999884  1.0001987
loglik[10]       1.0005509  1.0007945
loglik[100]      1.0001526  1.0006294
loglik[101]      1.0003021  1.0003886
loglik[102]      1.0003802  1.0008040
loglik[103]      1.0000217  1.0001185
loglik[11]       0.9999107  0.9999163
loglik[12]       1.0005272  1.0005951
loglik[13]       1.0011608  1.0018640
loglik[14]       1.0000844  1.0001900
loglik[15]       1.0015284  1.0024588
loglik[16]       1.0001073  1.0001130
loglik[17]       0.9999726  1.0001257
loglik[18]       1.0000621  1.0001709
loglik[19]       1.0003597  1.0010017
loglik[2]        1.0002693  1.0005820
loglik[20]       1.0001981  1.0008384
loglik[21]       1.0006753  1.0017216
loglik[22]       1.0000727  1.0001460
loglik[23]       1.0001313  1.0005251
loglik[24]       1.0000273  1.0001847
loglik[25]       1.0000165  1.0000846
loglik[26]       0.9999568  1.0000159
loglik[27]       1.0002325  1.0006041
loglik[28]       1.0000224  1.0003284
loglik[29]       1.0000258  1.0002019
loglik[3]        0.9999477  0.9999671
loglik[30]       1.0000689  1.0001250
loglik[31]       1.0005896  1.0011990
loglik[32]       1.0001117  1.0005248
loglik[33]       1.0003824  1.0006156
loglik[34]       1.0000483  1.0002662
loglik[35]       1.0005970  1.0013470
loglik[36]       1.0001597  1.0002108
loglik[37]       1.0004363  1.0005738
loglik[38]       1.0000654  1.0001341
loglik[39]       0.9999666  1.0000500
loglik[4]        0.9999964  1.0002286
loglik[40]       0.9999536  1.0000519
loglik[41]       1.0007759  1.0008848
loglik[42]       1.0000959  1.0002361
loglik[43]       1.0002426  1.0007653
loglik[44]       1.0001029  1.0003212
loglik[45]       0.9999524  1.0000674
loglik[46]       0.9999788  1.0001877
loglik[47]       0.9999632  1.0000606
loglik[48]       1.0001263  1.0001358
loglik[49]       1.0000353  1.0002576
loglik[5]        1.0001219  1.0003149
loglik[50]       1.0003583  1.0005360
loglik[51]       1.0002461  1.0005523
loglik[52]       1.0009323  1.0012801
loglik[53]       1.0000374  1.0001629
loglik[54]       1.0013731  1.0035961
loglik[55]       1.0006039  1.0009250
loglik[56]       1.0000326  1.0003728
loglik[57]       1.0002381  1.0009627
loglik[58]       1.0003418  1.0007079
loglik[59]       1.0001466  1.0006575
loglik[6]        1.0004850  1.0011622
loglik[60]       1.0006380  1.0012355
loglik[61]       1.0000082  1.0002337
loglik[62]       1.0003245  1.0005466
loglik[63]       1.0009066  1.0014350
loglik[64]       1.0001880  1.0004113
loglik[65]       1.0002297  1.0003223
loglik[66]       1.0004214  1.0005995
loglik[67]       0.9999428  0.9999770
loglik[68]       1.0004479  1.0014100
loglik[69]       1.0002127  1.0002706
loglik[7]        1.0000370  1.0000788
loglik[70]       1.0002586  1.0007582
loglik[71]       1.0009077  1.0024938
loglik[72]       1.0009279  1.0012439
loglik[73]       1.0001586  1.0004971
loglik[74]       1.0001007  1.0001409
loglik[75]       1.0000046  1.0000049
loglik[76]       1.0001388  1.0004974
loglik[77]       1.0002537  1.0002999
loglik[78]       0.9999526  1.0000520
loglik[79]       1.0000899  1.0000959
loglik[8]        0.9999487  1.0000253
loglik[80]       0.9999195  0.9999517
loglik[81]       0.9999925  1.0001891
loglik[82]       0.9999936  1.0000063
loglik[83]       0.9999626  1.0000731
loglik[84]       1.0005331  1.0007051
loglik[85]       1.0001484  1.0005915
loglik[86]       1.0000770  1.0002890
loglik[87]       1.0001670  1.0002762
loglik[88]       1.0000357  1.0000867
loglik[89]       1.0014523  1.0017131
loglik[9]        1.0000324  1.0001082
loglik[90]       0.9999270  0.9999755
loglik[91]       1.0000230  1.0000372
loglik[92]       0.9999926  1.0000189
loglik[93]       1.0005565  1.0010816
loglik[94]       1.0003484  1.0007840
loglik[95]       1.0002702  1.0004432
loglik[96]       0.9999808  1.0001288
loglik[97]       1.0000093  1.0002805
loglik[98]       1.0001434  1.0006435
loglik[99]       0.9999231  0.9999441
p.fac1[1,1]      1.0000818  1.0001813
p.fac1[1,2]      1.0000952  1.0002743
p.fac1[1,3]      0.9999707  1.0000135
p.fac1[10,1]     1.0004451  1.0016002
p.fac1[10,2]     1.0003925  1.0013823
p.fac1[10,3]     1.0000285  1.0003727
p.fac1[100,1]    1.0001520  1.0007717
p.fac1[100,2]    0.9999827  1.0001750
p.fac1[100,3]    1.0001550  1.0006108
p.fac1[101,1]    0.9999647  1.0000582
p.fac1[101,2]    1.0000047  1.0000274
p.fac1[101,3]    1.0000552  1.0002478
p.fac1[102,1]    0.9999474  0.9999482
p.fac1[102,2]    0.9999334  0.9999759
p.fac1[102,3]    0.9999270  0.9999614
p.fac1[103,1]    1.0001048  1.0005630
p.fac1[103,2]    1.0001170  1.0005677
p.fac1[103,3]    1.0001174  1.0005651
p.fac1[11,1]     1.0002052  1.0003906
p.fac1[11,2]     1.0009428  1.0010720
p.fac1[11,3]     1.0002114  1.0004834
p.fac1[12,1]     1.0000579  1.0000814
p.fac1[12,2]     1.0000966  1.0001450
p.fac1[12,3]     1.0001179  1.0001949
p.fac1[13,1]     0.9999787  1.0000141
p.fac1[13,2]     1.0000863  1.0001055
p.fac1[13,3]     1.0000695  1.0002537
p.fac1[14,1]     1.0004425  1.0013091
p.fac1[14,2]     1.0005401  1.0014975
p.fac1[14,3]     0.9999921  1.0000458
p.fac1[15,1]     0.9999984  1.0001289
p.fac1[15,2]     1.0000324  1.0002520
p.fac1[15,3]     0.9999838  1.0000060
p.fac1[16,1]     0.9999516  1.0000708
p.fac1[16,2]     0.9999662  1.0001418
p.fac1[16,3]     1.0003717  1.0014558
p.fac1[17,1]     1.0001540  1.0005473
p.fac1[17,2]     1.0001525  1.0006044
p.fac1[17,3]     1.0001181  1.0006122
p.fac1[18,1]     0.9999501  0.9999768
p.fac1[18,2]     0.9999623  1.0000033
p.fac1[18,3]     0.9999812  1.0000518
p.fac1[19,1]     1.0000649  1.0002544
p.fac1[19,2]     1.0000530  1.0002029
p.fac1[19,3]     1.0003643  1.0007663
p.fac1[2,1]      1.0001709  1.0003889
p.fac1[2,2]      1.0001239  1.0002945
p.fac1[2,3]      0.9999659  1.0000973
p.fac1[20,1]     1.0003749  1.0014577
p.fac1[20,2]     1.0002361  1.0009040
p.fac1[20,3]     1.0000100  1.0002359
p.fac1[21,1]     1.0003946  1.0005712
p.fac1[21,2]     1.0003312  1.0005138
p.fac1[21,3]     1.0002303  1.0002970
p.fac1[22,1]     1.0002705  1.0008430
p.fac1[22,2]     1.0003765  1.0008287
p.fac1[22,3]     1.0000507  1.0004480
p.fac1[23,1]     0.9999216  0.9999266
p.fac1[23,2]     0.9999349  0.9999437
p.fac1[23,3]     0.9999246  0.9999713
p.fac1[24,1]     1.0006097  1.0008145
p.fac1[24,2]     1.0001587  1.0003047
p.fac1[24,3]     1.0003439  1.0005023
p.fac1[25,1]     0.9999069  0.9999103
p.fac1[25,2]     0.9999899  1.0000158
p.fac1[25,3]     1.0001049  1.0004397
p.fac1[26,1]     1.0000089  1.0000568
p.fac1[26,2]     1.0000243  1.0000909
p.fac1[26,3]     0.9999630  1.0000454
p.fac1[27,1]     1.0000215  1.0002573
p.fac1[27,2]     0.9999871  1.0002123
p.fac1[27,3]     1.0003676  1.0005857
p.fac1[28,1]     0.9999235  0.9999435
p.fac1[28,2]     0.9999368  0.9999760
p.fac1[28,3]     1.0005175  1.0012624
p.fac1[29,1]     1.0000083  1.0001976
p.fac1[29,2]     1.0000269  1.0002413
p.fac1[29,3]     1.0000623  1.0002630
p.fac1[3,1]      1.0000293  1.0003323
p.fac1[3,2]      1.0000745  1.0004825
p.fac1[3,3]      1.0001043  1.0004133
p.fac1[30,1]     0.9999207  0.9999534
p.fac1[30,2]     0.9999246  0.9999904
p.fac1[30,3]     1.0008650  1.0012566
p.fac1[31,1]     0.9999812  1.0000742
p.fac1[31,2]     1.0000582  1.0002769
p.fac1[31,3]     1.0002228  1.0006682
p.fac1[32,1]     0.9999643  1.0001337
p.fac1[32,2]     1.0000354  1.0002827
p.fac1[32,3]     1.0000122  1.0003137
p.fac1[33,1]     1.0003316  1.0003652
p.fac1[33,2]     1.0001088  1.0001385
p.fac1[33,3]     1.0001188  1.0001862
p.fac1[34,1]     1.0000185  1.0003227
p.fac1[34,2]     1.0000179  1.0003338
p.fac1[34,3]     1.0011765  1.0011797
p.fac1[35,1]     1.0000593  1.0003687
p.fac1[35,2]     1.0000492  1.0004283
p.fac1[35,3]     1.0031385  1.0033146
p.fac1[36,1]     0.9999914  1.0001235
p.fac1[36,2]     1.0000345  1.0002457
p.fac1[36,3]     1.0005158  1.0019732
p.fac1[37,1]     0.9999317  0.9999749
p.fac1[37,2]     0.9999494  0.9999798
p.fac1[37,3]     1.0000606  1.0001158
p.fac1[38,1]     1.0000057  1.0002334
p.fac1[38,2]     1.0000157  1.0003042
p.fac1[38,3]     1.0003107  1.0006883
p.fac1[39,1]     0.9999423  0.9999768
p.fac1[39,2]     1.0000431  1.0001198
p.fac1[39,3]     0.9999873  0.9999893
p.fac1[4,1]      0.9999685  0.9999771
p.fac1[4,2]      0.9999757  0.9999883
p.fac1[4,3]      0.9999402  0.9999763
p.fac1[40,1]     0.9999878  1.0001153
p.fac1[40,2]     1.0000048  1.0001965
p.fac1[40,3]     1.0001629  1.0002106
p.fac1[41,1]     1.0001627  1.0004219
p.fac1[41,2]     1.0002277  1.0005256
p.fac1[41,3]     1.0002796  1.0005004
p.fac1[42,1]     1.0000214  1.0001413
p.fac1[42,2]     1.0001543  1.0003606
p.fac1[42,3]     1.0002051  1.0006877
p.fac1[43,1]     0.9999587  1.0000209
p.fac1[43,2]     0.9999402  0.9999907
p.fac1[43,3]     1.0002480  1.0010868
p.fac1[44,1]     1.0002599  1.0005985
p.fac1[44,2]     1.0003393  1.0008217
p.fac1[44,3]     0.9999654  1.0000151
p.fac1[45,1]     1.0002029  1.0003601
p.fac1[45,2]     1.0000574  1.0001763
p.fac1[45,3]     1.0000784  1.0001816
p.fac1[46,1]     1.0000557  1.0004129
p.fac1[46,2]     1.0000309  1.0003199
p.fac1[46,3]     1.0000060  1.0002820
p.fac1[47,1]     1.0002114  1.0008843
p.fac1[47,2]     1.0003175  1.0010160
p.fac1[47,3]     1.0000731  1.0004334
p.fac1[48,1]     1.0000021  1.0002759
p.fac1[48,2]     1.0000769  1.0003498
p.fac1[48,3]     1.0000913  1.0001583
p.fac1[49,1]     1.0002449  1.0003184
p.fac1[49,2]     1.0001838  1.0002890
p.fac1[49,3]     1.0000994  1.0002478
p.fac1[5,1]      1.0000237  1.0002807
p.fac1[5,2]      1.0000021  1.0001421
p.fac1[5,3]      1.0001379  1.0005646
p.fac1[50,1]     1.0000054  1.0002115
p.fac1[50,2]     0.9999779  1.0000998
p.fac1[50,3]     1.0001861  1.0007910
p.fac1[51,1]     0.9999758  1.0000509
p.fac1[51,2]     1.0000567  1.0001436
p.fac1[51,3]     0.9999676  1.0000688
p.fac1[52,1]     1.0001309  1.0006191
p.fac1[52,2]     1.0002445  1.0009787
p.fac1[52,3]     0.9999845  1.0000622
p.fac1[53,1]     1.0000641  1.0002846
p.fac1[53,2]     1.0000023  1.0001025
p.fac1[53,3]     1.0003319  1.0014728
p.fac1[54,1]     1.0001554  1.0006259
p.fac1[54,2]     1.0001587  1.0005663
p.fac1[54,3]     1.0001129  1.0005340
p.fac1[55,1]     1.0003666  1.0005987
p.fac1[55,2]     1.0003514  1.0006249
p.fac1[55,3]     1.0002812  1.0007838
p.fac1[56,1]     0.9999138  0.9999426
p.fac1[56,2]     0.9999221  0.9999484
p.fac1[56,3]     0.9999557  0.9999646
p.fac1[57,1]     0.9999418  1.0000277
p.fac1[57,2]     0.9999731  1.0001246
p.fac1[57,3]     1.0001764  1.0008480
p.fac1[58,1]     0.9999512  1.0000347
p.fac1[58,2]     0.9999395  0.9999735
p.fac1[58,3]     1.0004165  1.0013405
p.fac1[59,1]     0.9999943  1.0001533
p.fac1[59,2]     0.9999481  1.0000486
p.fac1[59,3]     1.0000316  1.0002987
p.fac1[6,1]      1.0002602  1.0008927
p.fac1[6,2]      1.0002595  1.0008120
p.fac1[6,3]      1.0001437  1.0003797
p.fac1[60,1]     1.0001476  1.0004543
p.fac1[60,2]     1.0001598  1.0004743
p.fac1[60,3]     0.9999705  1.0000036
p.fac1[61,1]     1.0000254  1.0002485
p.fac1[61,2]     0.9999984  1.0001881
p.fac1[61,3]     1.0001912  1.0004003
p.fac1[62,1]     1.0003442  1.0007992
p.fac1[62,2]     1.0001844  1.0006065
p.fac1[62,3]     1.0002032  1.0003624
p.fac1[63,1]     1.0000549  1.0001780
p.fac1[63,2]     1.0000182  1.0000959
p.fac1[63,3]     1.0001435  1.0003347
p.fac1[64,1]     1.0000616  1.0004661
p.fac1[64,2]     1.0000685  1.0004659
p.fac1[64,3]     1.0000477  1.0000842
p.fac1[65,1]     0.9999286  0.9999851
p.fac1[65,2]     0.9999345  1.0000238
p.fac1[65,3]     1.0000287  1.0003463
p.fac1[66,1]     0.9999995  1.0002210
p.fac1[66,2]     1.0000266  1.0002965
p.fac1[66,3]     1.0004371  1.0016490
p.fac1[67,1]     1.0002714  1.0008931
p.fac1[67,2]     1.0001887  1.0007553
p.fac1[67,3]     1.0000277  1.0002991
p.fac1[68,1]     1.0001390  1.0007123
p.fac1[68,2]     1.0002811  1.0012909
p.fac1[68,3]     1.0000571  1.0003344
p.fac1[69,1]     1.0003082  1.0007414
p.fac1[69,2]     1.0002314  1.0004745
p.fac1[69,3]     1.0006409  1.0019179
p.fac1[7,1]      1.0002735  1.0011664
p.fac1[7,2]      1.0002808  1.0012271
p.fac1[7,3]      1.0001408  1.0003354
p.fac1[70,1]     0.9999218  0.9999487
p.fac1[70,2]     0.9999303  0.9999692
p.fac1[70,3]     0.9999702  1.0000214
p.fac1[71,1]     1.0000086  1.0001381
p.fac1[71,2]     1.0001398  1.0007724
p.fac1[71,3]     1.0001548  1.0005466
p.fac1[72,1]     1.0001064  1.0001732
p.fac1[72,2]     1.0001803  1.0003476
p.fac1[72,3]     1.0000083  1.0001897
p.fac1[73,1]     1.0000565  1.0002613
p.fac1[73,2]     1.0000383  1.0002946
p.fac1[73,3]     1.0000384  1.0003721
p.fac1[74,1]     1.0000538  1.0001184
p.fac1[74,2]     1.0000638  1.0000852
p.fac1[74,3]     1.0002187  1.0005554
p.fac1[75,1]     0.9999070  0.9999172
p.fac1[75,2]     0.9999309  0.9999995
p.fac1[75,3]     1.0001980  1.0009192
p.fac1[76,1]     0.9999288  0.9999798
p.fac1[76,2]     0.9999314  0.9999429
p.fac1[76,3]     1.0000080  1.0002477
p.fac1[77,1]     0.9999982  1.0001666
p.fac1[77,2]     1.0000783  1.0002626
p.fac1[77,3]     1.0000564  1.0001207
p.fac1[78,1]     1.0000553  1.0002702
p.fac1[78,2]     1.0000791  1.0003662
p.fac1[78,3]     0.9999519  1.0000478
p.fac1[79,1]     0.9999711  1.0000467
p.fac1[79,2]     0.9999736  1.0000510
p.fac1[79,3]     1.0001145  1.0001829
p.fac1[8,1]      0.9999579  1.0000546
p.fac1[8,2]      0.9999630  1.0000842
p.fac1[8,3]      0.9999477  1.0000033
p.fac1[80,1]     0.9999763  1.0000713
p.fac1[80,2]     0.9999477  1.0000389
p.fac1[80,3]     1.0001420  1.0001514
p.fac1[81,1]     1.0002619  1.0007853
p.fac1[81,2]     1.0002157  1.0005798
p.fac1[81,3]     1.0005308  1.0010715
p.fac1[82,1]     1.0000727  1.0002984
p.fac1[82,2]     1.0001067  1.0003642
p.fac1[82,3]     0.9999203  0.9999659
p.fac1[83,1]     1.0000367  1.0003123
p.fac1[83,2]     1.0001090  1.0005652
p.fac1[83,3]     1.0000050  1.0000527
p.fac1[84,1]     0.9999182  0.9999252
p.fac1[84,2]     0.9999513  0.9999549
p.fac1[84,3]     0.9999884  1.0001625
p.fac1[85,1]     1.0002902  1.0010815
p.fac1[85,2]     1.0004549  1.0014184
p.fac1[85,3]     0.9999191  0.9999221
p.fac1[86,1]     1.0001096  1.0005359
p.fac1[86,2]     1.0001034  1.0004746
p.fac1[86,3]     1.0002317  1.0004814
p.fac1[87,1]     1.0000651  1.0002695
p.fac1[87,2]     1.0000919  1.0003495
p.fac1[87,3]     1.0002647  1.0005180
p.fac1[88,1]     1.0000309  1.0002187
p.fac1[88,2]     1.0000336  1.0003050
p.fac1[88,3]     1.0000635  1.0003255
p.fac1[89,1]     0.9999413  1.0000086
p.fac1[89,2]     0.9999484  0.9999662
p.fac1[89,3]     1.0002731  1.0006440
p.fac1[9,1]      1.0001712  1.0007873
p.fac1[9,2]      1.0000530  1.0003392
p.fac1[9,3]      1.0007875  1.0025387
p.fac1[90,1]     1.0001266  1.0001399
p.fac1[90,2]     1.0000600  1.0001125
p.fac1[90,3]     1.0000806  1.0002870
p.fac1[91,1]     1.0000502  1.0003382
p.fac1[91,2]     1.0000757  1.0003003
p.fac1[91,3]     1.0001983  1.0004692
p.fac1[92,1]     0.9999579  1.0000722
p.fac1[92,2]     0.9999520  0.9999829
p.fac1[92,3]     1.0001097  1.0005526
p.fac1[93,1]     1.0000189  1.0002375
p.fac1[93,2]     1.0000177  1.0002483
p.fac1[93,3]     1.0001695  1.0004640
p.fac1[94,1]     0.9999810  1.0001198
p.fac1[94,2]     1.0000465  1.0002332
p.fac1[94,3]     1.0002426  1.0003307
p.fac1[95,1]     0.9999340  0.9999815
p.fac1[95,2]     1.0001057  1.0004155
p.fac1[95,3]     1.0002304  1.0007647
p.fac1[96,1]     0.9999718  1.0001321
p.fac1[96,2]     0.9999564  1.0000897
p.fac1[96,3]     0.9999996  1.0000805
p.fac1[97,1]     1.0001192  1.0006437
p.fac1[97,2]     1.0000183  1.0002610
p.fac1[97,3]     1.0002386  1.0008458
p.fac1[98,1]     0.9999901  1.0001577
p.fac1[98,2]     0.9999792  1.0000795
p.fac1[98,3]     1.0000950  1.0004645
p.fac1[99,1]     1.0001436  1.0006044
p.fac1[99,2]     1.0001470  1.0006076
p.fac1[99,3]     1.0002956  1.0010449
p.global[1]      1.0000818  1.0001813
p.global[2]      1.0000952  1.0002743
p.global[3]      0.9999707  1.0000135

################################################################################
# Geweke Diagnostic
################################################################################

The Geweke diagnostic is a standard z-score, so we'd expect 5% to be outside +/-1.96
Number of variables outside +/-1.96 in each chain (out of 
622
):


       Chain 1 Chain 2 Chain 3
Geweke      27      32      25


And here are the Geweke diagnostics for all variables:

                chain1 chain2 chain3
deviance         0.929  0.300 -0.923
ilr.fac1[10,1]  -0.380  0.209  0.146
ilr.fac1[10,2]   0.588  1.505  0.552
ilr.fac1[100,1]  0.024 -1.577 -0.921
ilr.fac1[100,2]  0.561  1.283  0.307
ilr.fac1[101,1]  0.059  0.445  1.399
ilr.fac1[101,2] -0.663  1.481  0.671
ilr.fac1[102,1]  0.214  0.815  0.760
ilr.fac1[102,2]  0.355  0.559 -0.359
ilr.fac1[103,1] -0.266  2.402  1.533
ilr.fac1[103,2] -0.147  1.554  0.211
ilr.fac1[11,1]  -1.165  0.193  0.229
ilr.fac1[11,2]   1.574 -1.334 -0.571
ilr.fac1[12,1]   0.093  0.741  0.879
ilr.fac1[12,2]  -1.643 -0.286  1.045
ilr.fac1[13,1]  -0.964 -0.201  0.627
ilr.fac1[13,2]  -0.221 -0.508  1.164
ilr.fac1[14,1]   0.538 -1.291 -1.341
ilr.fac1[14,2]  -0.046 -0.518 -0.599
ilr.fac1[15,1]   0.690 -0.865  0.012
ilr.fac1[15,2]  -0.767  0.912 -0.629
ilr.fac1[16,1]   0.190  1.500 -0.005
ilr.fac1[16,2]  -0.188 -1.678  0.220
ilr.fac1[17,1]   0.382 -0.124  1.630
ilr.fac1[17,2]   0.039  1.813  1.717
ilr.fac1[18,1]   1.383  0.212 -1.807
ilr.fac1[18,2]   0.581  0.747 -2.741
ilr.fac1[19,1]  -1.283  0.698  0.306
ilr.fac1[19,2]  -0.307 -0.214 -0.246
ilr.fac1[2,1]   -0.808  0.873  0.735
ilr.fac1[2,2]   -0.227  0.725  0.488
ilr.fac1[20,1]   1.100 -0.636  0.033
ilr.fac1[20,2]   0.722  2.408  0.651
ilr.fac1[21,1]  -0.252 -0.438  0.750
ilr.fac1[21,2]   0.346 -0.976  1.179
ilr.fac1[22,1]  -0.491  1.306  0.142
ilr.fac1[22,2]   2.143 -1.063  0.458
ilr.fac1[23,1]  -1.126 -0.019 -0.569
ilr.fac1[23,2]   0.101  0.090 -0.071
ilr.fac1[24,1]  -0.251 -0.889  1.440
ilr.fac1[24,2]   1.242 -0.088 -0.077
ilr.fac1[25,1]   0.644  1.281 -0.233
ilr.fac1[25,2]  -0.424  0.001 -1.158
ilr.fac1[26,1]  -0.756  0.059 -1.464
ilr.fac1[26,2]  -0.490  0.681 -1.061
ilr.fac1[27,1]   1.183 -0.113  1.166
ilr.fac1[27,2]   0.216  0.984 -0.917
ilr.fac1[28,1]  -0.110  0.111 -0.155
ilr.fac1[28,2]  -0.063 -1.494  0.191
ilr.fac1[29,1]  -0.974  0.497  0.742
ilr.fac1[29,2]   2.248 -0.326 -2.284
ilr.fac1[3,1]    0.091  0.551  1.985
ilr.fac1[3,2]   -0.374  1.547  0.509
ilr.fac1[30,1]  -0.991 -2.054  2.089
ilr.fac1[30,2]   1.756 -0.997 -1.120
ilr.fac1[31,1]   0.438 -2.164  0.109
ilr.fac1[31,2]   1.629  0.860  0.603
ilr.fac1[32,1]   1.645  3.312 -1.093
ilr.fac1[32,2]  -0.393  0.001  0.552
ilr.fac1[33,1]  -0.048  0.471  1.086
ilr.fac1[33,2]   0.963  1.323  0.354
ilr.fac1[34,1]   0.492  0.214  1.043
ilr.fac1[34,2]  -0.707  0.758  0.239
ilr.fac1[35,1]  -0.355 -0.680  0.254
ilr.fac1[35,2]  -1.119  0.753 -0.427
ilr.fac1[36,1]  -0.086 -0.551  1.140
ilr.fac1[36,2]  -1.067  0.285  0.642
ilr.fac1[37,1]  -0.521  1.698 -0.118
ilr.fac1[37,2]  -1.075  0.843 -0.016
ilr.fac1[38,1]  -0.863  1.218  0.197
ilr.fac1[38,2]   1.298  1.116  0.408
ilr.fac1[39,1]   1.394  0.931  1.600
ilr.fac1[39,2]   0.562  0.695 -0.792
ilr.fac1[4,1]    0.454  1.131 -0.257
ilr.fac1[4,2]   -0.375  1.425  0.434
ilr.fac1[40,1]   1.231  0.021 -0.224
ilr.fac1[40,2]   0.073 -0.453  1.811
ilr.fac1[41,1]   0.349  0.382 -0.273
ilr.fac1[41,2]   1.301 -0.305  0.469
ilr.fac1[42,1]  -1.617 -0.016  1.262
ilr.fac1[42,2]  -2.692  0.916 -0.343
ilr.fac1[43,1]  -1.265 -0.458 -1.003
ilr.fac1[43,2]  -0.479 -0.062  1.334
ilr.fac1[44,1]   0.368 -0.897 -1.737
ilr.fac1[44,2]  -2.154 -0.738  0.289
ilr.fac1[45,1]  -0.195  0.436 -0.294
ilr.fac1[45,2]   0.653 -0.142 -0.211
ilr.fac1[46,1]  -0.854 -1.194  0.632
ilr.fac1[46,2]  -0.197 -0.550 -0.269
ilr.fac1[47,1]  -2.071  0.303  0.371
ilr.fac1[47,2]   0.732  0.107  0.781
ilr.fac1[48,1]   0.289  0.821  1.295
ilr.fac1[48,2]   0.218 -1.351  0.150
ilr.fac1[49,1]  -1.056  1.004  0.843
ilr.fac1[49,2]   0.312 -0.107  0.977
ilr.fac1[5,1]    1.636  0.196 -0.570
ilr.fac1[5,2]    1.252  0.351  1.100
ilr.fac1[50,1]  -2.204  0.601 -2.042
ilr.fac1[50,2]  -0.988 -0.524 -0.101
ilr.fac1[51,1]  -0.258 -0.831 -0.845
ilr.fac1[51,2]   0.716  1.742  0.652
ilr.fac1[52,1]  -1.692  1.369  0.669
ilr.fac1[52,2]  -0.064  0.096  0.004
ilr.fac1[53,1]  -0.616 -0.714  0.490
ilr.fac1[53,2]   0.330  0.713  1.200
ilr.fac1[54,1]  -0.457  1.185 -0.869
ilr.fac1[54,2]  -1.515  0.627  1.816
ilr.fac1[55,1]  -0.463  0.724 -1.107
ilr.fac1[55,2]  -0.025 -0.688 -0.512
ilr.fac1[56,1]  -1.024 -0.211  0.488
ilr.fac1[56,2]  -0.379  0.224 -0.689
ilr.fac1[57,1]   1.189  0.438  2.029
ilr.fac1[57,2]   1.147 -1.429 -0.999
ilr.fac1[58,1]  -0.643 -0.346  0.400
ilr.fac1[58,2]  -0.310  1.271 -0.859
ilr.fac1[59,1]  -1.479 -0.188 -0.176
ilr.fac1[59,2]  -2.120 -0.495  1.123
ilr.fac1[6,1]    0.938  0.776  0.278
ilr.fac1[6,2]   -0.537  0.245 -0.344
ilr.fac1[60,1]   1.898  3.166  1.449
ilr.fac1[60,2]  -0.047  1.952 -0.298
ilr.fac1[61,1]  -0.937 -0.508 -0.851
ilr.fac1[61,2]   0.163  1.463 -1.750
ilr.fac1[62,1]   0.468 -0.235 -0.388
ilr.fac1[62,2]   0.074  0.850 -1.251
ilr.fac1[63,1]   0.454 -0.176  1.182
ilr.fac1[63,2]   0.358  0.115  0.068
ilr.fac1[64,1]  -1.147  1.013  0.608
ilr.fac1[64,2]   0.531 -0.978  0.367
ilr.fac1[65,1]  -0.265  0.620  1.220
ilr.fac1[65,2]   1.177  1.569 -0.387
ilr.fac1[66,1]  -0.441 -0.436  0.934
ilr.fac1[66,2]   1.830 -0.704 -0.230
ilr.fac1[67,1]  -0.271  2.363  0.499
ilr.fac1[67,2]   0.606 -1.071 -0.292
ilr.fac1[68,1]   0.003 -0.289 -0.218
ilr.fac1[68,2]  -0.642  0.639  0.096
ilr.fac1[69,1]  -1.123  0.249  0.467
ilr.fac1[69,2]  -0.885 -0.618 -0.253
ilr.fac1[7,1]   -0.584  0.388 -0.108
ilr.fac1[7,2]    0.718 -0.432  0.932
ilr.fac1[70,1]  -1.866 -0.886 -0.132
ilr.fac1[70,2]   0.533  0.866 -0.531
ilr.fac1[71,1]   0.076 -0.742 -0.899
ilr.fac1[71,2]   0.150  1.310  0.435
ilr.fac1[72,1]   0.192  0.026 -0.227
ilr.fac1[72,2]  -0.879 -0.951 -0.530
ilr.fac1[73,1]  -0.795 -0.757 -0.951
ilr.fac1[73,2]   0.753  0.152 -1.013
ilr.fac1[74,1]  -0.700 -0.549  0.502
ilr.fac1[74,2]  -0.726 -0.357 -0.103
ilr.fac1[75,1]  -2.030  1.654  1.190
ilr.fac1[75,2]  -1.523  0.231 -0.383
ilr.fac1[76,1]   1.369  0.515 -0.175
ilr.fac1[76,2]  -0.038  0.850  1.591
ilr.fac1[77,1]  -1.134  1.254 -1.201
ilr.fac1[77,2]   0.440  2.051  0.747
ilr.fac1[78,1]   0.538  0.721 -0.114
ilr.fac1[78,2]   0.931 -0.096 -0.443
ilr.fac1[79,1]  -1.155 -0.172  0.673
ilr.fac1[79,2]   0.901 -0.093 -0.849
ilr.fac1[8,1]    0.054 -0.649  0.941
ilr.fac1[8,2]   -0.276 -1.370  0.873
ilr.fac1[80,1]  -1.310  0.135  0.341
ilr.fac1[80,2]   1.168  0.338  0.765
ilr.fac1[81,1]  -1.094 -1.407 -0.401
ilr.fac1[81,2]  -1.138  1.510  1.729
ilr.fac1[82,1]  -0.059 -1.177  0.430
ilr.fac1[82,2]   0.584 -1.406  0.590
ilr.fac1[83,1]  -0.933  0.681  0.078
ilr.fac1[83,2]   1.703  0.396 -0.369
ilr.fac1[84,1]   0.532  1.839 -0.773
ilr.fac1[84,2]   0.053  0.270  0.619
ilr.fac1[85,1]  -0.460  0.487  1.793
ilr.fac1[85,2]   1.665  0.514  1.003
ilr.fac1[86,1]   1.364  0.906 -1.245
ilr.fac1[86,2]   1.944  0.822  1.746
ilr.fac1[87,1]  -0.750 -0.482 -0.841
ilr.fac1[87,2]  -0.357  0.629 -0.682
ilr.fac1[88,1]   0.018  0.251 -0.585
ilr.fac1[88,2]   0.250 -1.097 -1.001
ilr.fac1[89,1]  -0.636 -0.142  0.046
ilr.fac1[89,2]  -0.124  0.054  1.390
ilr.fac1[9,1]    2.337 -1.229 -2.854
ilr.fac1[9,2]    0.868 -2.114 -1.103
ilr.fac1[90,1]   1.297  0.686 -1.129
ilr.fac1[90,2]   0.365  0.413 -0.365
ilr.fac1[91,1]   1.817  3.397  0.758
ilr.fac1[91,2]   1.774 -0.413 -1.566
ilr.fac1[92,1]  -0.712  0.269 -0.377
ilr.fac1[92,2]  -0.981  1.542  0.799
ilr.fac1[93,1]  -0.231 -0.172  1.263
ilr.fac1[93,2]  -0.465  0.259 -0.170
ilr.fac1[94,1]  -0.880 -0.966  0.716
ilr.fac1[94,2]  -0.007 -0.594 -0.911
ilr.fac1[95,1]  -2.200  0.753 -0.671
ilr.fac1[95,2]   0.512  1.019  0.830
ilr.fac1[96,1]   0.567  1.239 -0.529
ilr.fac1[96,2]   0.247  1.014 -0.443
ilr.fac1[97,1]  -1.889  1.297 -0.523
ilr.fac1[97,2]   0.114  0.184  0.225
ilr.fac1[98,1]   0.305 -0.766 -0.048
ilr.fac1[98,2]   0.112  0.687  0.493
ilr.fac1[99,1]   1.228  0.768 -1.479
ilr.fac1[99,2]  -1.348 -0.532  1.551
loglik[1]        0.115 -1.235 -0.202
loglik[10]      -1.446  0.799  0.917
loglik[100]     -0.177 -0.388  0.185
loglik[101]      0.358 -0.908 -0.927
loglik[102]      0.035  0.010  0.045
loglik[103]     -1.106 -0.099 -1.236
loglik[11]      -1.486  1.119  0.320
loglik[12]       0.590 -1.672  0.766
loglik[13]      -0.594  1.221 -0.252
loglik[14]       0.266  0.220 -1.008
loglik[15]       0.287  1.745  2.270
loglik[16]      -0.316  1.996  0.515
loglik[17]      -1.341  0.657  0.560
loglik[18]       1.483 -0.416  0.335
loglik[19]       0.585 -0.284  0.310
loglik[2]        0.233 -2.390  1.619
loglik[20]      -1.921  0.482  0.319
loglik[21]      -0.407  1.795  0.502
loglik[22]       0.257 -0.018 -1.537
loglik[23]       1.030 -0.848  0.330
loglik[24]       0.290 -0.740 -1.532
loglik[25]      -0.820  0.107 -1.331
loglik[26]      -0.039  1.221  0.128
loglik[27]       1.621  0.022  1.691
loglik[28]      -0.651 -1.431 -0.790
loglik[29]      -1.294  1.049  0.213
loglik[3]       -0.344  0.826 -0.446
loglik[30]       0.358  0.826 -1.706
loglik[31]       0.398 -1.446  0.868
loglik[32]      -0.993 -1.082  0.338
loglik[33]      -0.787 -0.687 -0.206
loglik[34]       0.246  1.058 -0.282
loglik[35]      -1.125  0.213  1.059
loglik[36]       1.177  1.754 -0.098
loglik[37]       0.436 -0.994 -0.021
loglik[38]       0.696  1.144  0.725
loglik[39]       0.632 -1.263  1.213
loglik[4]       -0.233  1.167  1.560
loglik[40]       0.156 -0.676  0.303
loglik[41]      -0.136 -0.432 -0.144
loglik[42]      -0.374  0.268 -0.676
loglik[43]      -0.227 -0.685  1.916
loglik[44]       2.131 -0.113  1.088
loglik[45]       0.323 -0.481  0.536
loglik[46]       0.288 -1.054  0.376
loglik[47]      -0.449 -0.905 -1.075
loglik[48]       0.288 -0.693 -0.092
loglik[49]      -0.200 -0.561 -1.064
loglik[5]       -1.410  0.432 -0.808
loglik[50]      -0.055 -0.691  0.248
loglik[51]       1.860 -1.664 -1.019
loglik[52]      -0.171 -0.843  1.308
loglik[53]       1.791 -0.510  0.702
loglik[54]      -0.543 -0.206 -0.354
loglik[55]      -0.012  1.629  1.867
loglik[56]      -2.201  0.254 -0.220
loglik[57]       1.145 -0.152 -1.127
loglik[58]       0.801 -0.726 -0.156
loglik[59]      -1.307  0.377  1.001
loglik[6]        0.228  0.121  1.305
loglik[60]      -0.757 -0.253 -0.938
loglik[61]       0.003  2.103 -0.580
loglik[62]      -1.431  2.240  0.842
loglik[63]      -1.716 -0.824  0.408
loglik[64]      -0.378 -0.438 -1.038
loglik[65]      -0.656 -1.705  1.168
loglik[66]       0.005 -0.542 -0.795
loglik[67]       0.624 -0.571 -0.266
loglik[68]       0.386  0.142  0.054
loglik[69]       0.194 -0.150  0.052
loglik[7]        0.463  0.065 -0.437
loglik[70]      -0.789 -1.274  0.993
loglik[71]      -1.614 -1.365  0.840
loglik[72]      -0.537  0.854  2.812
loglik[73]      -1.072  0.914  0.011
loglik[74]      -1.562  0.223  1.164
loglik[75]       1.442  1.597 -0.275
loglik[76]       0.901 -1.453  2.205
loglik[77]      -1.119 -0.934  0.074
loglik[78]      -0.472 -0.182  0.714
loglik[79]      -0.569  0.301 -1.103
loglik[8]       -0.084  0.587  1.130
loglik[80]       0.744  0.259 -0.014
loglik[81]       0.848  0.463  1.395
loglik[82]       0.252  2.408  2.047
loglik[83]       0.518  0.434  0.795
loglik[84]       0.266  0.440 -1.521
loglik[85]      -0.865  1.148  1.203
loglik[86]      -0.311 -0.215  0.812
loglik[87]       0.602 -0.250  0.852
loglik[88]      -1.800  0.027 -0.373
loglik[89]      -0.241 -1.506 -0.840
loglik[9]       -0.568  1.862  3.019
loglik[90]      -0.094  0.533  0.202
loglik[91]      -0.713 -0.213  1.882
loglik[92]      -0.396  0.570 -0.315
loglik[93]      -1.623  0.705  0.436
loglik[94]      -0.125 -0.139  0.033
loglik[95]      -0.214 -0.626 -0.448
loglik[96]      -1.865 -2.125 -0.047
loglik[97]      -0.751 -0.264 -1.250
loglik[98]      -0.712 -0.339 -0.308
loglik[99]      -0.913 -1.826  1.284
p.fac1[1,1]      0.289 -1.131 -0.216
p.fac1[1,2]     -0.560  1.082  0.041
p.fac1[1,3]      0.664  0.526  0.565
p.fac1[10,1]     0.118 -0.198  0.006
p.fac1[10,2]    -0.023  0.589  0.154
p.fac1[10,3]    -0.440 -1.601 -0.653
p.fac1[100,1]    0.218 -1.551 -1.014
p.fac1[100,2]   -0.208  2.217  1.072
p.fac1[100,3]   -0.050 -0.438  0.212
p.fac1[101,1]   -0.215  0.620  1.458
p.fac1[101,2]   -0.579 -0.116 -0.920
p.fac1[101,3]    1.357 -1.119 -1.535
p.fac1[102,1]    0.187  0.756  0.521
p.fac1[102,2]   -0.135  0.120 -1.510
p.fac1[102,3]   -0.073 -0.867  0.591
p.fac1[103,1]   -0.134  2.261  1.539
p.fac1[103,2]   -0.106 -1.362 -1.755
p.fac1[103,3]    0.362 -1.891 -0.016
p.fac1[11,1]    -0.688 -0.614  0.238
p.fac1[11,2]     0.852  0.248 -0.421
p.fac1[11,3]    -0.030  1.170  0.376
p.fac1[12,1]     0.329  0.176  0.900
p.fac1[12,2]    -0.535 -0.341 -0.671
p.fac1[12,3]     0.874  0.679 -1.436
p.fac1[13,1]    -1.130 -0.817  0.647
p.fac1[13,2]     1.001  0.779 -0.590
p.fac1[13,3]     0.978  0.455 -0.407
p.fac1[14,1]     0.911 -1.520 -1.670
p.fac1[14,2]    -1.045  1.527  1.492
p.fac1[14,3]     0.440 -0.002  0.770
p.fac1[15,1]     0.931 -0.880 -0.600
p.fac1[15,2]    -1.053  1.021  0.336
p.fac1[15,3]     0.244 -0.086  0.869
p.fac1[16,1]     0.158  0.872 -0.321
p.fac1[16,2]    -0.259 -1.195  0.434
p.fac1[16,3]     0.357  1.048 -0.385
p.fac1[17,1]     0.399 -0.306  1.469
p.fac1[17,2]    -0.424  0.811 -1.122
p.fac1[17,3]     0.113 -2.055 -1.731
p.fac1[18,1]     1.768 -0.133 -2.249
p.fac1[18,2]    -1.729  0.360  1.547
p.fac1[18,3]    -1.038 -0.720  3.397
p.fac1[19,1]    -0.811  0.490  0.044
p.fac1[19,2]     0.944 -0.628 -0.074
p.fac1[19,3]    -0.452  0.490  0.128
p.fac1[2,1]     -0.449  0.492  0.818
p.fac1[2,2]      0.370 -0.402 -0.660
p.fac1[2,3]      0.295 -0.307 -0.698
p.fac1[20,1]     1.668 -1.182  0.077
p.fac1[20,2]    -1.800  1.873  0.249
p.fac1[20,3]     0.905 -2.320 -0.940
p.fac1[21,1]    -0.491 -0.872  0.760
p.fac1[21,2]     0.344  0.675 -0.455
p.fac1[21,3]     0.669  1.165 -1.580
p.fac1[22,1]     0.113  1.217 -0.495
p.fac1[22,2]     0.087 -1.426  0.672
p.fac1[22,3]    -0.701  0.188 -0.274
p.fac1[23,1]    -1.234  0.028 -0.751
p.fac1[23,2]     1.201 -0.727  0.863
p.fac1[23,3]     0.900  0.773  0.425
p.fac1[24,1]     0.174 -0.896  0.859
p.fac1[24,2]     0.303  0.779 -1.276
p.fac1[24,3]    -0.690  0.765 -0.077
p.fac1[25,1]     0.936  0.983 -0.592
p.fac1[25,2]    -1.416 -1.249  0.212
p.fac1[25,3]     0.718  0.141  1.330
p.fac1[26,1]    -0.262  0.030 -1.485
p.fac1[26,2]     0.163  0.067  1.336
p.fac1[26,3]     0.818 -0.719  0.899
p.fac1[27,1]     1.781 -0.184  0.807
p.fac1[27,2]    -1.603  0.252 -0.909
p.fac1[27,3]    -1.257 -0.295  0.209
p.fac1[28,1]    -0.356 -0.148 -0.925
p.fac1[28,2]     0.356 -0.052  0.878
p.fac1[28,3]     0.101  1.473  0.537
p.fac1[29,1]    -0.308  0.634  0.610
p.fac1[29,2]     0.614 -0.610 -0.918
p.fac1[29,3]    -1.062 -0.258  1.192
p.fac1[3,1]     -0.001  0.137  1.975
p.fac1[3,2]     -0.109  0.136 -2.005
p.fac1[3,3]      0.440 -1.393 -0.390
p.fac1[30,1]    -0.644 -2.293  1.823
p.fac1[30,2]     0.749  2.144 -1.884
p.fac1[30,3]    -0.568  1.578  0.693
p.fac1[31,1]     1.019 -2.322  0.166
p.fac1[31,2]    -0.962  2.498 -0.336
p.fac1[31,3]    -0.682  0.795  0.350
p.fac1[32,1]     1.818  2.694 -1.119
p.fac1[32,2]    -1.870 -2.862  0.769
p.fac1[32,3]    -0.319 -0.757  0.863
p.fac1[33,1]     0.152  0.520  0.964
p.fac1[33,2]     0.711  0.131 -0.586
p.fac1[33,3]    -0.598 -0.518 -0.487
p.fac1[34,1]     0.217 -0.192  0.957
p.fac1[34,2]    -0.276  0.321 -0.912
p.fac1[34,3]     0.441 -0.985 -0.627
p.fac1[35,1]    -0.347 -0.619  0.735
p.fac1[35,2]     0.244  0.667 -0.823
p.fac1[35,3]     1.089 -0.327  0.355
p.fac1[36,1]     0.053 -1.077  0.886
p.fac1[36,2]    -0.162  1.236 -0.867
p.fac1[36,3]     0.726 -0.313 -0.169
p.fac1[37,1]    -0.499  1.568 -0.154
p.fac1[37,2]     0.099 -1.496 -0.088
p.fac1[37,3]     1.310 -1.047  0.767
p.fac1[38,1]    -0.228  0.939  0.322
p.fac1[38,2]     0.367 -0.735 -0.282
p.fac1[38,3]    -0.830 -1.576 -0.385
p.fac1[39,1]     1.713  0.943  1.449
p.fac1[39,2]    -1.673 -0.521 -2.063
p.fac1[39,3]    -1.379 -1.121 -0.424
p.fac1[4,1]      0.372 -0.059 -0.827
p.fac1[4,2]     -0.521  0.442  0.981
p.fac1[4,3]      0.739 -1.472 -0.736
p.fac1[40,1]     1.377 -1.202  0.357
p.fac1[40,2]    -1.450  1.135  0.010
p.fac1[40,3]    -0.171  0.752 -1.601
p.fac1[41,1]     0.603 -0.426 -0.590
p.fac1[41,2]    -0.440  0.363  0.769
p.fac1[41,3]    -0.864  0.362 -0.339
p.fac1[42,1]    -2.298 -0.424  0.868
p.fac1[42,2]     1.718  0.726 -0.727
p.fac1[42,3]     2.761 -0.609 -0.791
p.fac1[43,1]    -0.922 -1.305 -0.379
p.fac1[43,2]     0.825  1.351  0.652
p.fac1[43,3]     0.712  0.759 -0.480
p.fac1[44,1]    -0.084 -1.609 -1.339
p.fac1[44,2]    -0.543  1.453  1.319
p.fac1[44,3]     1.974  1.427  0.685
p.fac1[45,1]     0.172 -0.402 -0.738
p.fac1[45,2]    -0.318  0.321  0.240
p.fac1[45,3]     0.186  0.395  1.349
p.fac1[46,1]    -0.826 -1.704  0.360
p.fac1[46,2]     0.638  1.384 -0.698
p.fac1[46,3]     0.823  1.959  0.757
p.fac1[47,1]    -1.309 -0.202  0.675
p.fac1[47,2]     1.536  0.372 -0.743
p.fac1[47,3]     0.088 -0.241 -0.261
p.fac1[48,1]     0.094  0.390  1.195
p.fac1[48,2]    -0.346 -0.732 -1.110
p.fac1[48,3]     0.817  1.048 -0.758
p.fac1[49,1]    -0.502  0.544  0.523
p.fac1[49,2]     0.542 -0.617 -0.416
p.fac1[49,3]    -0.172  0.286 -1.023
p.fac1[5,1]      1.635 -0.375 -0.477
p.fac1[5,2]     -1.563  0.482  0.604
p.fac1[5,3]     -1.219 -0.134  0.018
p.fac1[50,1]    -1.820 -0.171 -2.229
p.fac1[50,2]     1.586  0.227  2.165
p.fac1[50,3]     1.827  0.044  1.292
p.fac1[51,1]     0.415 -0.522 -0.898
p.fac1[51,2]    -0.283  1.132  1.031
p.fac1[51,3]    -0.483 -1.045  0.234
p.fac1[52,1]    -1.780  0.526  0.897
p.fac1[52,2]     1.831 -0.484 -0.941
p.fac1[52,3]     0.621 -0.360 -0.259
p.fac1[53,1]    -0.488 -0.840  0.902
p.fac1[53,2]     0.429  1.108 -0.784
p.fac1[53,3]     0.503 -1.324 -0.965
p.fac1[54,1]    -0.826  0.391 -0.693
p.fac1[54,2]     0.732 -0.377  0.880
p.fac1[54,3]     0.743  0.017 -0.834
p.fac1[55,1]    -0.283  0.324 -1.652
p.fac1[55,2]     0.177 -0.412  1.467
p.fac1[55,3]     0.781  0.674  1.196
p.fac1[56,1]    -0.826 -0.387  0.451
p.fac1[56,2]     0.693  0.383 -0.739
p.fac1[56,3]     0.974  0.126  1.404
p.fac1[57,1]     1.423 -0.133  1.830
p.fac1[57,2]    -1.257 -0.068 -1.980
p.fac1[57,3]    -1.262  1.149  0.561
p.fac1[58,1]    -0.764 -0.538  0.197
p.fac1[58,2]     0.857  0.747 -0.293
p.fac1[58,3]    -0.382 -0.997  0.549
p.fac1[59,1]    -0.950 -0.932 -0.369
p.fac1[59,2]     0.637  0.706  0.607
p.fac1[59,3]     2.046  0.584 -1.460
p.fac1[6,1]      0.598  0.294  0.010
p.fac1[6,2]     -0.840 -0.424 -0.086
p.fac1[6,3]      0.964  0.491  0.300
p.fac1[60,1]     2.169  2.700  1.378
p.fac1[60,2]    -2.492 -2.561 -1.493
p.fac1[60,3]     0.785 -1.271  0.515
p.fac1[61,1]    -0.997 -0.303 -0.798
p.fac1[61,2]     1.006  0.490  0.523
p.fac1[61,3]     0.262 -1.031  1.788
p.fac1[62,1]    -0.016 -0.037 -0.380
p.fac1[62,2]     0.010  0.339  0.030
p.fac1[62,3]     0.028 -1.079  1.350
p.fac1[63,1]     0.617 -0.224  1.315
p.fac1[63,2]    -0.757 -0.036 -1.423
p.fac1[63,3]     0.271  1.034 -0.033
p.fac1[64,1]    -0.545  0.432  0.650
p.fac1[64,2]     0.614 -0.608 -0.686
p.fac1[64,3]    -0.488  0.911  0.087
p.fac1[65,1]     0.161  0.546  0.852
p.fac1[65,2]    -0.098 -0.274 -0.761
p.fac1[65,3]    -0.295 -1.196 -0.607
p.fac1[66,1]    -0.546 -1.195  1.481
p.fac1[66,2]     0.741  1.175 -1.577
p.fac1[66,3]    -0.722  0.507 -0.058
p.fac1[67,1]    -0.071  1.512  0.364
p.fac1[67,2]     0.324 -1.764 -0.521
p.fac1[67,3]    -0.605  0.107  0.298
p.fac1[68,1]    -0.310 -0.478 -0.444
p.fac1[68,2]     0.241  0.583  0.487
p.fac1[68,3]     0.414 -0.275 -0.322
p.fac1[69,1]    -0.934 -0.075  0.361
p.fac1[69,2]     0.805  0.055 -0.413
p.fac1[69,3]     0.760  0.114  0.302
p.fac1[7,1]     -0.648 -0.007 -0.156
p.fac1[7,2]      0.861 -0.021  0.227
p.fac1[7,3]     -0.926  0.120 -0.223
p.fac1[70,1]    -2.097 -1.211 -0.118
p.fac1[70,2]     2.191  1.275 -0.243
p.fac1[70,3]     0.951  0.458  1.173
p.fac1[71,1]    -0.066 -0.366 -0.149
p.fac1[71,2]     0.233  1.317  0.249
p.fac1[71,3]    -0.125 -0.683 -0.018
p.fac1[72,1]    -0.448 -0.092  0.688
p.fac1[72,2]     0.390 -0.285 -0.849
p.fac1[72,3]     0.374  1.275  0.279
p.fac1[73,1]    -0.439 -0.963 -0.968
p.fac1[73,2]     0.527  1.060  0.765
p.fac1[73,3]    -0.440 -0.133  1.257
p.fac1[74,1]    -1.162 -1.021  0.487
p.fac1[74,2]     0.890  0.984 -0.733
p.fac1[74,3]     1.473  0.536  0.585
p.fac1[75,1]    -1.990  1.033  0.659
p.fac1[75,2]     1.583 -1.151 -0.735
p.fac1[75,3]     2.194  0.041  0.073
p.fac1[76,1]     1.534  0.338  0.294
p.fac1[76,2]    -1.422 -0.137  0.362
p.fac1[76,3]    -0.836 -0.651 -1.654
p.fac1[77,1]    -1.093  1.234 -0.809
p.fac1[77,2]     1.050 -0.689  0.921
p.fac1[77,3]     0.630 -2.094  0.090
p.fac1[78,1]     0.803  0.480 -0.156
p.fac1[78,2]    -0.821 -0.487  0.081
p.fac1[78,3]    -0.330 -0.156  0.327
p.fac1[79,1]    -0.899 -0.553  0.580
p.fac1[79,2]     1.023  0.558 -0.669
p.fac1[79,3]    -0.579  0.225  0.410
p.fac1[8,1]      0.296 -1.050  0.861
p.fac1[8,2]     -0.396  0.788 -0.634
p.fac1[8,3]      0.393  1.610 -2.000
p.fac1[80,1]    -1.197 -0.590 -0.284
p.fac1[80,2]     1.370  0.633  0.447
p.fac1[80,3]     0.063 -0.234 -0.926
p.fac1[81,1]    -0.865 -1.295 -0.554
p.fac1[81,2]     0.671  1.583  0.928
p.fac1[81,3]     0.960 -2.064 -2.395
p.fac1[82,1]     0.214 -1.642  0.715
p.fac1[82,2]    -0.138  1.466 -0.707
p.fac1[82,3]    -0.483  1.354 -0.286
p.fac1[83,1]    -0.227  0.362 -0.365
p.fac1[83,2]     0.535 -0.209  0.247
p.fac1[83,3]    -0.514 -0.429  0.441
p.fac1[84,1]     0.506  1.868 -0.625
p.fac1[84,2]    -0.709 -1.635  0.601
p.fac1[84,3]     0.299 -0.663  0.379
p.fac1[85,1]    -0.417  0.238  2.154
p.fac1[85,2]     0.624 -0.112 -1.908
p.fac1[85,3]    -0.575 -0.626 -1.395
p.fac1[86,1]     2.116  0.273 -1.224
p.fac1[86,2]    -1.875 -0.281  1.533
p.fac1[86,3]    -1.615 -0.084 -0.939
p.fac1[87,1]    -0.807 -1.349 -1.070
p.fac1[87,2]     0.763  1.458  1.053
p.fac1[87,3]     0.155 -0.540  0.016
p.fac1[88,1]    -0.009 -0.022 -0.707
p.fac1[88,2]     0.027 -0.175  0.581
p.fac1[88,3]    -0.088  1.017  0.980
p.fac1[89,1]    -0.777 -0.418  0.126
p.fac1[89,2]     0.809  0.452  0.189
p.fac1[89,3]     0.351  0.082 -1.240
p.fac1[9,1]      1.888 -1.782 -3.066
p.fac1[9,2]     -1.894  1.325  3.092
p.fac1[9,3]      0.199  1.544 -0.079
p.fac1[90,1]     0.874  0.289 -1.532
p.fac1[90,2]    -0.973 -0.076  1.266
p.fac1[90,3]     0.560 -0.266 -0.135
p.fac1[91,1]     2.108  2.369  0.548
p.fac1[91,2]    -1.802 -2.548 -0.995
p.fac1[91,3]    -1.922 -0.632  1.311
p.fac1[92,1]    -1.050  0.180 -0.266
p.fac1[92,2]     0.678  0.240  0.132
p.fac1[92,3]     1.602 -1.379  0.442
p.fac1[93,1]    -0.399 -0.442  1.343
p.fac1[93,2]    -0.223  0.275 -1.300
p.fac1[93,3]     1.500  0.717 -0.682
p.fac1[94,1]    -1.339 -1.769  0.269
p.fac1[94,2]     0.967  0.703 -0.218
p.fac1[94,3]     0.239  1.924 -0.227
p.fac1[95,1]    -2.111  0.680 -0.497
p.fac1[95,2]     2.034 -0.069  0.343
p.fac1[95,3]     0.636 -0.738  0.280
p.fac1[96,1]     0.334  0.918 -0.468
p.fac1[96,2]    -0.740 -0.904  0.207
p.fac1[96,3]     1.009 -0.394  0.843
p.fac1[97,1]    -2.080  1.108 -0.732
p.fac1[97,2]     1.845 -0.725  0.801
p.fac1[97,3]     1.332 -1.278  0.219
p.fac1[98,1]     0.188 -0.906  0.000
p.fac1[98,2]    -0.142  1.359  0.429
p.fac1[98,3]    -0.161 -0.313 -0.646
p.fac1[99,1]     0.945  0.425 -1.132
p.fac1[99,2]    -1.372 -0.532  1.820
p.fac1[99,3]     0.578 -0.002 -0.713
p.global[1]      0.289 -1.131 -0.216
p.global[2]     -0.560  1.082  0.041
p.global[3]      0.664  0.526  0.565
