
################################################################################
# Gelman-Rubin Diagnostic
################################################################################

Generally the Gelman diagnostic should be < 1.05


Out of 640 variables: 0 > 1.01

                      
0 > 1.05

                      
0 > 1.1


The worst variables are:

             Point est. Upper C.I.
p.fac1[7,3]    1.008783   1.011180
p.fac1[2,3]    1.006713   1.011556
p.fac1[25,3]   1.006045   1.009513
p.fac1[42,3]   1.004697   1.006952
p.fac1[9,3]    1.004666   1.006718
p.fac1[6,3]    1.004305   1.006371
p.fac1[8,3]    1.002990   1.003542
p.fac1[34,3]   1.002673   1.003884
p.fac1[93,3]   1.001905   1.002714
loglik[64]     1.001364   1.001536


And here are the Gelman diagnostics for all variables:

                Point est. Upper C.I.
deviance         1.0000869  1.0003115
ilr.fac1[1,1]          NaN        NaN
ilr.fac1[1,2]          NaN        NaN
ilr.fac1[10,1]   1.0000527  1.0001787
ilr.fac1[10,2]   1.0000485  1.0002664
ilr.fac1[100,1]  1.0000111  1.0001071
ilr.fac1[100,2]  0.9999841  1.0000189
ilr.fac1[101,1]  1.0002072  1.0005045
ilr.fac1[101,2]  0.9999944  1.0000140
ilr.fac1[102,1]  1.0001650  1.0006072
ilr.fac1[102,2]  0.9999907  1.0000062
ilr.fac1[103,1]  1.0001379  1.0004994
ilr.fac1[103,2]  1.0000165  1.0000526
ilr.fac1[104,1]  1.0000858  1.0003382
ilr.fac1[104,2]  1.0000658  1.0003298
ilr.fac1[105,1]  1.0009105  1.0018949
ilr.fac1[105,2]  1.0001082  1.0004415
ilr.fac1[106,1]  1.0003581  1.0011532
ilr.fac1[106,2]  1.0001193  1.0002631
ilr.fac1[11,1]   1.0000043  1.0000498
ilr.fac1[11,2]   1.0001952  1.0006677
ilr.fac1[12,1]   1.0000270  1.0001150
ilr.fac1[12,2]   1.0000382  1.0000961
ilr.fac1[13,1]   1.0000010  1.0000018
ilr.fac1[13,2]   1.0000337  1.0001611
ilr.fac1[14,1]   0.9999873  0.9999939
ilr.fac1[14,2]   1.0000215  1.0001499
ilr.fac1[15,1]   1.0001312  1.0003320
ilr.fac1[15,2]   1.0000162  1.0001392
ilr.fac1[16,1]   1.0000958  1.0003964
ilr.fac1[16,2]   1.0001077  1.0001637
ilr.fac1[17,1]   1.0003474  1.0009512
ilr.fac1[17,2]   0.9999866  0.9999886
ilr.fac1[18,1]   1.0000439  1.0000995
ilr.fac1[18,2]   1.0000273  1.0001836
ilr.fac1[19,1]   1.0000102  1.0001066
ilr.fac1[19,2]   0.9999943  1.0000593
ilr.fac1[2,1]    1.0000273  1.0001290
ilr.fac1[2,2]    1.0009759  1.0033898
ilr.fac1[20,1]   1.0000711  1.0003007
ilr.fac1[20,2]   1.0000820  1.0001677
ilr.fac1[21,1]   1.0000595  1.0002775
ilr.fac1[21,2]   1.0000795  1.0003447
ilr.fac1[22,1]   1.0000430  1.0002423
ilr.fac1[22,2]   1.0000666  1.0002786
ilr.fac1[23,1]   1.0000451  1.0002148
ilr.fac1[23,2]   1.0000144  1.0001273
ilr.fac1[24,1]   0.9999804  1.0000116
ilr.fac1[24,2]   1.0001041  1.0002639
ilr.fac1[25,1]   1.0003160  1.0011572
ilr.fac1[25,2]   1.0005730  1.0016696
ilr.fac1[26,1]   0.9999861  0.9999963
ilr.fac1[26,2]   1.0000404  1.0002298
ilr.fac1[27,1]   0.9999795  1.0000072
ilr.fac1[27,2]   1.0000050  1.0000847
ilr.fac1[28,1]   1.0000335  1.0000580
ilr.fac1[28,2]   1.0001379  1.0004012
ilr.fac1[29,1]   1.0000206  1.0001227
ilr.fac1[29,2]   1.0000530  1.0000871
ilr.fac1[3,1]    0.9999813  0.9999995
ilr.fac1[3,2]    1.0000194  1.0000668
ilr.fac1[30,1]   1.0000310  1.0000962
ilr.fac1[30,2]   1.0000513  1.0000763
ilr.fac1[31,1]   1.0000110  1.0000319
ilr.fac1[31,2]   1.0000298  1.0001068
ilr.fac1[32,1]   1.0000765  1.0002841
ilr.fac1[32,2]   1.0000001  1.0000674
ilr.fac1[33,1]   0.9999875  0.9999958
ilr.fac1[33,2]   1.0000433  1.0000828
ilr.fac1[34,1]   1.0001047  1.0003340
ilr.fac1[34,2]   1.0001813  1.0005436
ilr.fac1[35,1]   1.0000069  1.0000595
ilr.fac1[35,2]   1.0000451  1.0002034
ilr.fac1[36,1]   0.9999796  0.9999884
ilr.fac1[36,2]   1.0000098  1.0000891
ilr.fac1[37,1]   1.0000300  1.0001695
ilr.fac1[37,2]   0.9999814  1.0000009
ilr.fac1[38,1]   1.0000421  1.0001481
ilr.fac1[38,2]   0.9999730  0.9999847
ilr.fac1[39,1]   1.0000747  1.0002638
ilr.fac1[39,2]   0.9999742  0.9999833
ilr.fac1[4,1]    1.0000395  1.0001995
ilr.fac1[4,2]    0.9999897  1.0000462
ilr.fac1[40,1]   1.0000125  1.0000397
ilr.fac1[40,2]   1.0000221  1.0001107
ilr.fac1[41,1]   1.0000891  1.0002017
ilr.fac1[41,2]   0.9999833  1.0000170
ilr.fac1[42,1]   1.0000470  1.0002496
ilr.fac1[42,2]   1.0003976  1.0011334
ilr.fac1[43,1]   0.9999834  1.0000131
ilr.fac1[43,2]   1.0000993  1.0002234
ilr.fac1[44,1]   1.0001434  1.0003545
ilr.fac1[44,2]   1.0000604  1.0002482
ilr.fac1[45,1]   1.0000663  1.0001901
ilr.fac1[45,2]   1.0000407  1.0000699
ilr.fac1[46,1]   1.0000583  1.0000722
ilr.fac1[46,2]   1.0000193  1.0000812
ilr.fac1[47,1]   1.0000036  1.0000187
ilr.fac1[47,2]   0.9999882  1.0000205
ilr.fac1[48,1]   1.0000130  1.0001271
ilr.fac1[48,2]   1.0000514  1.0001944
ilr.fac1[49,1]   1.0002682  1.0008209
ilr.fac1[49,2]   0.9999967  1.0000225
ilr.fac1[5,1]    0.9999988  1.0000472
ilr.fac1[5,2]    0.9999960  1.0000615
ilr.fac1[50,1]   0.9999963  1.0000436
ilr.fac1[50,2]   1.0000237  1.0001318
ilr.fac1[51,1]   1.0000179  1.0001519
ilr.fac1[51,2]   1.0000190  1.0001447
ilr.fac1[52,1]   1.0000878  1.0003628
ilr.fac1[52,2]   1.0000347  1.0001645
ilr.fac1[53,1]   1.0001719  1.0005683
ilr.fac1[53,2]   1.0000064  1.0000072
ilr.fac1[54,1]   1.0000137  1.0000955
ilr.fac1[54,2]   0.9999741  0.9999835
ilr.fac1[55,1]   0.9999784  1.0000088
ilr.fac1[55,2]   1.0000198  1.0000771
ilr.fac1[56,1]   1.0000421  1.0001508
ilr.fac1[56,2]   0.9999999  1.0000149
ilr.fac1[57,1]   1.0000621  1.0001800
ilr.fac1[57,2]   1.0000083  1.0000974
ilr.fac1[58,1]   0.9999928  1.0000482
ilr.fac1[58,2]   0.9999981  1.0000382
ilr.fac1[59,1]   1.0000915  1.0002301
ilr.fac1[59,2]   1.0000650  1.0002473
ilr.fac1[6,1]    1.0001281  1.0002265
ilr.fac1[6,2]    1.0004274  1.0010534
ilr.fac1[60,1]   1.0001670  1.0004155
ilr.fac1[60,2]   1.0000705  1.0003148
ilr.fac1[61,1]   0.9999833  0.9999892
ilr.fac1[61,2]   0.9999994  1.0000558
ilr.fac1[62,1]   1.0000466  1.0000524
ilr.fac1[62,2]   1.0000106  1.0000988
ilr.fac1[63,1]   1.0001597  1.0006333
ilr.fac1[63,2]   1.0000456  1.0002012
ilr.fac1[64,1]   1.0000671  1.0001532
ilr.fac1[64,2]   1.0000265  1.0001755
ilr.fac1[65,1]   0.9999888  1.0000166
ilr.fac1[65,2]   1.0000219  1.0001537
ilr.fac1[66,1]   1.0000362  1.0000879
ilr.fac1[66,2]   1.0000389  1.0001540
ilr.fac1[67,1]   0.9999789  0.9999952
ilr.fac1[67,2]   1.0001299  1.0002045
ilr.fac1[68,1]   1.0000380  1.0001450
ilr.fac1[68,2]   0.9999995  1.0000342
ilr.fac1[69,1]   1.0000358  1.0002009
ilr.fac1[69,2]   0.9999886  0.9999978
ilr.fac1[7,1]    1.0000575  1.0001428
ilr.fac1[7,2]    1.0004547  1.0010700
ilr.fac1[70,1]   0.9999966  1.0000348
ilr.fac1[70,2]   1.0000017  1.0000704
ilr.fac1[71,1]   1.0001376  1.0003326
ilr.fac1[71,2]   1.0001352  1.0003964
ilr.fac1[72,1]   1.0000444  1.0002295
ilr.fac1[72,2]   1.0000148  1.0001255
ilr.fac1[73,1]   1.0000363  1.0002199
ilr.fac1[73,2]   1.0001665  1.0006948
ilr.fac1[74,1]   1.0000141  1.0001275
ilr.fac1[74,2]   1.0002562  1.0008061
ilr.fac1[75,1]   1.0000665  1.0003022
ilr.fac1[75,2]   0.9999952  1.0000388
ilr.fac1[76,1]   1.0001358  1.0003815
ilr.fac1[76,2]   1.0000200  1.0001516
ilr.fac1[77,1]   1.0000501  1.0001355
ilr.fac1[77,2]   1.0000703  1.0002821
ilr.fac1[78,1]   0.9999999  1.0000615
ilr.fac1[78,2]   1.0000868  1.0003093
ilr.fac1[79,1]   1.0000478  1.0001901
ilr.fac1[79,2]   1.0001321  1.0004961
ilr.fac1[8,1]    0.9999901  0.9999984
ilr.fac1[8,2]    1.0000330  1.0000356
ilr.fac1[80,1]   1.0000132  1.0000963
ilr.fac1[80,2]   1.0000685  1.0002305
ilr.fac1[81,1]   1.0000948  1.0001490
ilr.fac1[81,2]   0.9999973  1.0000722
ilr.fac1[82,1]   1.0000146  1.0000661
ilr.fac1[82,2]   1.0001525  1.0005397
ilr.fac1[83,1]   1.0000797  1.0003285
ilr.fac1[83,2]   1.0001105  1.0004462
ilr.fac1[84,1]   0.9999799  0.9999969
ilr.fac1[84,2]   1.0001220  1.0005068
ilr.fac1[85,1]   1.0000691  1.0002261
ilr.fac1[85,2]   1.0000581  1.0001535
ilr.fac1[86,1]   0.9999884  0.9999970
ilr.fac1[86,2]   1.0000290  1.0001586
ilr.fac1[87,1]   1.0000346  1.0000982
ilr.fac1[87,2]   1.0000332  1.0001967
ilr.fac1[88,1]   0.9999993  1.0000461
ilr.fac1[88,2]   0.9999698  0.9999717
ilr.fac1[89,1]   1.0000302  1.0001684
ilr.fac1[89,2]   1.0000287  1.0001760
ilr.fac1[9,1]    1.0000478  1.0002304
ilr.fac1[9,2]    1.0004748  1.0013712
ilr.fac1[90,1]   0.9999872  0.9999880
ilr.fac1[90,2]   1.0000206  1.0001265
ilr.fac1[91,1]   1.0000049  1.0000574
ilr.fac1[91,2]   1.0000081  1.0000982
ilr.fac1[92,1]   1.0000845  1.0003337
ilr.fac1[92,2]   1.0000740  1.0003484
ilr.fac1[93,1]   1.0001275  1.0002123
ilr.fac1[93,2]   1.0001470  1.0004625
ilr.fac1[94,1]   1.0000283  1.0000865
ilr.fac1[94,2]   1.0001719  1.0005088
ilr.fac1[95,1]   1.0001769  1.0004835
ilr.fac1[95,2]   1.0001405  1.0003496
ilr.fac1[96,1]   1.0000191  1.0000988
ilr.fac1[96,2]   1.0001007  1.0001964
ilr.fac1[97,1]   1.0003216  1.0010303
ilr.fac1[97,2]   1.0000647  1.0002799
ilr.fac1[98,1]   0.9999963  1.0000206
ilr.fac1[98,2]   1.0000048  1.0000974
ilr.fac1[99,1]   0.9999867  0.9999967
ilr.fac1[99,2]   0.9999925  0.9999977
loglik[1]        1.0002552  1.0003656
loglik[10]       1.0000869  1.0003510
loglik[100]      0.9999847  1.0000240
loglik[101]      1.0000518  1.0002013
loglik[102]      0.9999844  0.9999861
loglik[103]      1.0000071  1.0000277
loglik[104]      1.0000561  1.0001974
loglik[105]      1.0003175  1.0011534
loglik[106]      1.0000069  1.0000662
loglik[11]       1.0001151  1.0002739
loglik[12]       1.0001427  1.0004081
loglik[13]       0.9999986  1.0000477
loglik[14]       1.0000241  1.0001420
loglik[15]       1.0001004  1.0002901
loglik[16]       0.9999989  1.0000486
loglik[17]       1.0002259  1.0005826
loglik[18]       1.0001138  1.0003824
loglik[19]       1.0000374  1.0002137
loglik[2]        1.0002507  1.0006427
loglik[20]       1.0000360  1.0002163
loglik[21]       1.0001213  1.0004103
loglik[22]       1.0000597  1.0002934
loglik[23]       0.9999764  1.0000006
loglik[24]       0.9999945  1.0000671
loglik[25]       1.0005347  1.0012985
loglik[26]       1.0000815  1.0001325
loglik[27]       0.9999976  1.0000623
loglik[28]       1.0000512  1.0001342
loglik[29]       0.9999905  1.0000068
loglik[3]        1.0000667  1.0001660
loglik[30]       1.0000250  1.0001171
loglik[31]       1.0000162  1.0001266
loglik[32]       1.0000381  1.0001576
loglik[33]       1.0001487  1.0004053
loglik[34]       1.0000287  1.0001601
loglik[35]       0.9999852  1.0000223
loglik[36]       1.0000155  1.0000372
loglik[37]       1.0000002  1.0000503
loglik[38]       1.0000800  1.0002987
loglik[39]       1.0000837  1.0001214
loglik[4]        1.0000325  1.0002018
loglik[40]       0.9999892  1.0000073
loglik[41]       1.0000283  1.0001438
loglik[42]       1.0002098  1.0003928
loglik[43]       1.0000103  1.0000435
loglik[44]       1.0000785  1.0002737
loglik[45]       1.0001441  1.0005050
loglik[46]       1.0000582  1.0001852
loglik[47]       1.0000237  1.0001078
loglik[48]       1.0000495  1.0002589
loglik[49]       1.0001524  1.0004745
loglik[5]        1.0000803  1.0002322
loglik[50]       1.0000187  1.0000294
loglik[51]       1.0000425  1.0001359
loglik[52]       1.0001231  1.0001419
loglik[53]       1.0000282  1.0000436
loglik[54]       1.0002102  1.0003037
loglik[55]       1.0008768  1.0010036
loglik[56]       1.0001736  1.0005212
loglik[57]       1.0004227  1.0012188
loglik[58]       1.0000175  1.0000886
loglik[59]       1.0009064  1.0009476
loglik[6]        1.0000773  1.0003451
loglik[60]       1.0008250  1.0009982
loglik[61]       1.0002704  1.0003028
loglik[62]       1.0002013  1.0005038
loglik[63]       1.0008000  1.0008949
loglik[64]       1.0013643  1.0015358
loglik[65]       1.0002331  1.0007199
loglik[66]       1.0007032  1.0014231
loglik[67]       1.0000444  1.0002442
loglik[68]       1.0000162  1.0000853
loglik[69]       0.9999904  1.0000077
loglik[7]        0.9999781  1.0000050
loglik[70]       1.0000643  1.0001843
loglik[71]       1.0002539  1.0004870
loglik[72]       1.0005285  1.0014932
loglik[73]       1.0006880  1.0021334
loglik[74]       1.0001198  1.0004570
loglik[75]       1.0010178  1.0013978
loglik[76]       1.0001190  1.0003818
loglik[77]       0.9999847  1.0000030
loglik[78]       0.9999980  1.0000368
loglik[79]       1.0000544  1.0002717
loglik[8]        1.0000057  1.0000813
loglik[80]       1.0000019  1.0000929
loglik[81]       1.0000902  1.0003056
loglik[82]       1.0000587  1.0002349
loglik[83]       1.0000467  1.0002505
loglik[84]       1.0000173  1.0001102
loglik[85]       1.0001104  1.0002793
loglik[86]       0.9999900  1.0000301
loglik[87]       1.0000443  1.0001985
loglik[88]       0.9999868  0.9999916
loglik[89]       1.0000341  1.0001437
loglik[9]        0.9999800  1.0000146
loglik[90]       0.9999862  1.0000304
loglik[91]       0.9999958  1.0000137
loglik[92]       1.0001923  1.0004132
loglik[93]       1.0001731  1.0005440
loglik[94]       1.0000420  1.0001912
loglik[95]       1.0001016  1.0002382
loglik[96]       1.0000024  1.0000629
loglik[97]       1.0000789  1.0003451
loglik[98]       1.0000436  1.0002243
loglik[99]       1.0001265  1.0001709
p.fac1[1,1]      1.0000173  1.0000679
p.fac1[1,2]      0.9999934  1.0000043
p.fac1[1,3]      1.0000429  1.0002315
p.fac1[10,1]     1.0000608  1.0001824
p.fac1[10,2]     1.0000477  1.0001635
p.fac1[10,3]     1.0000326  1.0001322
p.fac1[100,1]    1.0000130  1.0000839
p.fac1[100,2]    1.0000092  1.0000790
p.fac1[100,3]    0.9999705  0.9999767
p.fac1[101,1]    1.0000853  1.0002459
p.fac1[101,2]    1.0001333  1.0003500
p.fac1[101,3]    0.9999913  1.0000312
p.fac1[102,1]    1.0001370  1.0005939
p.fac1[102,2]    1.0001609  1.0005601
p.fac1[102,3]    0.9999715  0.9999763
p.fac1[103,1]    1.0007899  1.0015762
p.fac1[103,2]    1.0000325  1.0001928
p.fac1[103,3]    1.0000128  1.0000847
p.fac1[104,1]    1.0006795  1.0014938
p.fac1[104,2]    1.0000849  1.0003630
p.fac1[104,3]    1.0001029  1.0004558
p.fac1[105,1]    1.0006293  1.0011210
p.fac1[105,2]    1.0003498  1.0011014
p.fac1[105,3]    1.0000700  1.0003208
p.fac1[106,1]    1.0003550  1.0009673
p.fac1[106,2]    1.0000675  1.0003370
p.fac1[106,3]    1.0000258  1.0000972
p.fac1[11,1]     1.0000435  1.0002049
p.fac1[11,2]     1.0000421  1.0000875
p.fac1[11,3]     1.0002225  1.0004997
p.fac1[12,1]     1.0001276  1.0002429
p.fac1[12,2]     1.0000521  1.0001526
p.fac1[12,3]     1.0001821  1.0003237
p.fac1[13,1]     1.0000109  1.0000338
p.fac1[13,2]     1.0000926  1.0001246
p.fac1[13,3]     1.0000484  1.0000712
p.fac1[14,1]     0.9999788  0.9999976
p.fac1[14,2]     1.0000028  1.0000033
p.fac1[14,3]     1.0000169  1.0001175
p.fac1[15,1]     1.0001687  1.0004756
p.fac1[15,2]     1.0002773  1.0005953
p.fac1[15,3]     1.0001083  1.0003890
p.fac1[16,1]     1.0000191  1.0001393
p.fac1[16,2]     1.0000214  1.0001538
p.fac1[16,3]     1.0000183  1.0000238
p.fac1[17,1]     1.0010108  1.0018394
p.fac1[17,2]     1.0011149  1.0019632
p.fac1[17,3]     1.0003466  1.0005323
p.fac1[18,1]     1.0003387  1.0005009
p.fac1[18,2]     1.0003539  1.0004949
p.fac1[18,3]     1.0001042  1.0001584
p.fac1[19,1]     1.0000271  1.0000885
p.fac1[19,2]     1.0000334  1.0001053
p.fac1[19,3]     1.0000014  1.0000163
p.fac1[2,1]      1.0000887  1.0002981
p.fac1[2,2]      1.0001146  1.0004494
p.fac1[2,3]      1.0067130  1.0115555
p.fac1[20,1]     1.0001640  1.0003844
p.fac1[20,2]     1.0000535  1.0001895
p.fac1[20,3]     0.9999741  0.9999924
p.fac1[21,1]     1.0001407  1.0005300
p.fac1[21,2]     1.0000328  1.0001461
p.fac1[21,3]     1.0000709  1.0003427
p.fac1[22,1]     0.9999981  1.0000072
p.fac1[22,2]     1.0000676  1.0002163
p.fac1[22,3]     1.0001455  1.0004577
p.fac1[23,1]     1.0000300  1.0001396
p.fac1[23,2]     1.0000795  1.0002511
p.fac1[23,3]     1.0000111  1.0000990
p.fac1[24,1]     0.9999846  0.9999920
p.fac1[24,2]     0.9999924  1.0000180
p.fac1[24,3]     1.0002339  1.0002641
p.fac1[25,1]     1.0001826  1.0007475
p.fac1[25,2]     1.0007425  1.0026165
p.fac1[25,3]     1.0060446  1.0095126
p.fac1[26,1]     0.9999776  0.9999824
p.fac1[26,2]     0.9999997  1.0000409
p.fac1[26,3]     1.0010917  1.0014953
p.fac1[27,1]     1.0000059  1.0000733
p.fac1[27,2]     0.9999815  1.0000175
p.fac1[27,3]     1.0000364  1.0002006
p.fac1[28,1]     1.0000259  1.0001098
p.fac1[28,2]     0.9999899  0.9999920
p.fac1[28,3]     1.0000455  1.0002010
p.fac1[29,1]     1.0000415  1.0001914
p.fac1[29,2]     1.0000067  1.0000497
p.fac1[29,3]     0.9999996  1.0000188
p.fac1[3,1]      1.0000030  1.0000413
p.fac1[3,2]      1.0000678  1.0001395
p.fac1[3,3]      1.0010864  1.0012314
p.fac1[30,1]     1.0000508  1.0000746
p.fac1[30,2]     1.0000542  1.0001539
p.fac1[30,3]     1.0000369  1.0001391
p.fac1[31,1]     1.0000664  1.0001137
p.fac1[31,2]     1.0000646  1.0001667
p.fac1[31,3]     1.0000288  1.0001543
p.fac1[32,1]     1.0000576  1.0002994
p.fac1[32,2]     1.0000495  1.0002420
p.fac1[32,3]     1.0000585  1.0000721
p.fac1[33,1]     0.9999866  1.0000054
p.fac1[33,2]     0.9999739  0.9999919
p.fac1[33,3]     0.9999893  0.9999909
p.fac1[34,1]     1.0001220  1.0004130
p.fac1[34,2]     1.0001251  1.0004349
p.fac1[34,3]     1.0026727  1.0038844
p.fac1[35,1]     0.9999822  0.9999887
p.fac1[35,2]     1.0000295  1.0001159
p.fac1[35,3]     1.0001632  1.0005197
p.fac1[36,1]     0.9999808  1.0000049
p.fac1[36,2]     0.9999759  0.9999899
p.fac1[36,3]     1.0002236  1.0004079
p.fac1[37,1]     1.0000589  1.0002155
p.fac1[37,2]     1.0000391  1.0001785
p.fac1[37,3]     1.0000361  1.0001023
p.fac1[38,1]     1.0000592  1.0002312
p.fac1[38,2]     1.0000472  1.0001537
p.fac1[38,3]     1.0000392  1.0000735
p.fac1[39,1]     1.0000865  1.0003216
p.fac1[39,2]     1.0000340  1.0001508
p.fac1[39,3]     1.0000999  1.0002019
p.fac1[4,1]      1.0000724  1.0002381
p.fac1[4,2]      1.0000460  1.0001936
p.fac1[4,3]      1.0009583  1.0011669
p.fac1[40,1]     1.0000032  1.0000612
p.fac1[40,2]     0.9999688  0.9999700
p.fac1[40,3]     1.0004090  1.0007548
p.fac1[41,1]     1.0000403  1.0001099
p.fac1[41,2]     1.0000490  1.0001408
p.fac1[41,3]     1.0000066  1.0000096
p.fac1[42,1]     1.0001419  1.0006049
p.fac1[42,2]     1.0000216  1.0001405
p.fac1[42,3]     1.0046967  1.0069518
p.fac1[43,1]     1.0000456  1.0001453
p.fac1[43,2]     1.0000253  1.0000539
p.fac1[43,3]     1.0003794  1.0005284
p.fac1[44,1]     1.0001543  1.0004243
p.fac1[44,2]     1.0001116  1.0003106
p.fac1[44,3]     1.0008650  1.0013614
p.fac1[45,1]     1.0000287  1.0001311
p.fac1[45,2]     1.0001058  1.0003313
p.fac1[45,3]     1.0005929  1.0007247
p.fac1[46,1]     1.0001036  1.0001750
p.fac1[46,2]     1.0001015  1.0001675
p.fac1[46,3]     1.0000518  1.0001546
p.fac1[47,1]     0.9999793  1.0000022
p.fac1[47,2]     0.9999766  0.9999810
p.fac1[47,3]     0.9999842  1.0000168
p.fac1[48,1]     1.0000551  1.0002654
p.fac1[48,2]     0.9999751  0.9999950
p.fac1[48,3]     1.0000226  1.0001700
p.fac1[49,1]     1.0001789  1.0006918
p.fac1[49,2]     1.0001886  1.0007071
p.fac1[49,3]     1.0000326  1.0000337
p.fac1[5,1]      1.0000496  1.0000750
p.fac1[5,2]      1.0000986  1.0002024
p.fac1[5,3]      1.0000186  1.0001273
p.fac1[50,1]     1.0000261  1.0001738
p.fac1[50,2]     0.9999959  1.0000333
p.fac1[50,3]     1.0001024  1.0003482
p.fac1[51,1]     1.0000104  1.0000940
p.fac1[51,2]     1.0000230  1.0001673
p.fac1[51,3]     1.0001730  1.0003997
p.fac1[52,1]     1.0001229  1.0004886
p.fac1[52,2]     1.0001124  1.0004983
p.fac1[52,3]     1.0000513  1.0002373
p.fac1[53,1]     1.0000920  1.0003893
p.fac1[53,2]     1.0000877  1.0003558
p.fac1[53,3]     1.0000784  1.0000969
p.fac1[54,1]     1.0000800  1.0001957
p.fac1[54,2]     1.0000255  1.0001352
p.fac1[54,3]     0.9999940  1.0000303
p.fac1[55,1]     0.9999862  1.0000372
p.fac1[55,2]     0.9999830  1.0000138
p.fac1[55,3]     1.0000467  1.0000507
p.fac1[56,1]     0.9999989  1.0000851
p.fac1[56,2]     1.0000326  1.0001830
p.fac1[56,3]     0.9999897  1.0000233
p.fac1[57,1]     1.0000352  1.0001925
p.fac1[57,2]     1.0000531  1.0001762
p.fac1[57,3]     1.0000264  1.0001506
p.fac1[58,1]     0.9999885  1.0000226
p.fac1[58,2]     1.0000200  1.0001547
p.fac1[58,3]     1.0000201  1.0001449
p.fac1[59,1]     1.0000335  1.0001265
p.fac1[59,2]     1.0001029  1.0003071
p.fac1[59,3]     1.0000214  1.0000982
p.fac1[6,1]      1.0001797  1.0004287
p.fac1[6,2]      1.0001725  1.0003033
p.fac1[6,3]      1.0043052  1.0063713
p.fac1[60,1]     1.0000246  1.0001678
p.fac1[60,2]     1.0001141  1.0004579
p.fac1[60,3]     1.0000395  1.0002034
p.fac1[61,1]     0.9999709  0.9999725
p.fac1[61,2]     0.9999843  1.0000053
p.fac1[61,3]     1.0000502  1.0001020
p.fac1[62,1]     1.0000007  1.0000007
p.fac1[62,2]     0.9999915  0.9999958
p.fac1[62,3]     0.9999732  0.9999871
p.fac1[63,1]     1.0001128  1.0005006
p.fac1[63,2]     1.0001880  1.0007805
p.fac1[63,3]     1.0003033  1.0004076
p.fac1[64,1]     1.0000255  1.0000714
p.fac1[64,2]     0.9999992  1.0000165
p.fac1[64,3]     1.0000005  1.0000167
p.fac1[65,1]     0.9999901  1.0000493
p.fac1[65,2]     0.9999883  1.0000170
p.fac1[65,3]     1.0002041  1.0005271
p.fac1[66,1]     1.0000189  1.0000942
p.fac1[66,2]     1.0000314  1.0001541
p.fac1[66,3]     1.0000559  1.0001450
p.fac1[67,1]     0.9999865  1.0000213
p.fac1[67,2]     1.0000390  1.0000467
p.fac1[67,3]     1.0001051  1.0001238
p.fac1[68,1]     1.0000224  1.0001315
p.fac1[68,2]     1.0000507  1.0001908
p.fac1[68,3]     0.9999877  0.9999944
p.fac1[69,1]     1.0000656  1.0003121
p.fac1[69,2]     1.0000264  1.0001793
p.fac1[69,3]     0.9999825  1.0000119
p.fac1[7,1]      1.0000359  1.0001941
p.fac1[7,2]      1.0000609  1.0002353
p.fac1[7,3]      1.0087826  1.0111798
p.fac1[70,1]     0.9999788  0.9999983
p.fac1[70,2]     0.9999942  1.0000484
p.fac1[70,3]     1.0000783  1.0002445
p.fac1[71,1]     1.0000156  1.0000573
p.fac1[71,2]     1.0000734  1.0003134
p.fac1[71,3]     1.0000477  1.0002432
p.fac1[72,1]     1.0000622  1.0002917
p.fac1[72,2]     1.0000170  1.0001175
p.fac1[72,3]     1.0000985  1.0002602
p.fac1[73,1]     1.0000084  1.0001186
p.fac1[73,2]     1.0001143  1.0004840
p.fac1[73,3]     1.0001159  1.0004566
p.fac1[74,1]     1.0000083  1.0000441
p.fac1[74,2]     1.0000430  1.0002414
p.fac1[74,3]     1.0001634  1.0006396
p.fac1[75,1]     1.0000702  1.0003457
p.fac1[75,2]     1.0000646  1.0003007
p.fac1[75,3]     1.0000141  1.0000847
p.fac1[76,1]     1.0001040  1.0002239
p.fac1[76,2]     1.0000939  1.0002882
p.fac1[76,3]     0.9999959  1.0000497
p.fac1[77,1]     1.0000830  1.0001706
p.fac1[77,2]     1.0000783  1.0003098
p.fac1[77,3]     1.0000164  1.0001303
p.fac1[78,1]     0.9999931  1.0000449
p.fac1[78,2]     1.0000088  1.0001183
p.fac1[78,3]     1.0000637  1.0002222
p.fac1[79,1]     1.0000484  1.0002645
p.fac1[79,2]     1.0000349  1.0002132
p.fac1[79,3]     1.0000973  1.0004371
p.fac1[8,1]      0.9999942  1.0000426
p.fac1[8,2]      0.9999686  0.9999738
p.fac1[8,3]      1.0029902  1.0035415
p.fac1[80,1]     1.0000257  1.0001170
p.fac1[80,2]     0.9999961  1.0000706
p.fac1[80,3]     0.9999927  0.9999977
p.fac1[81,1]     0.9999960  0.9999986
p.fac1[81,2]     1.0000105  1.0000955
p.fac1[81,3]     1.0000267  1.0001483
p.fac1[82,1]     1.0000338  1.0001599
p.fac1[82,2]     1.0000938  1.0002530
p.fac1[82,3]     1.0001231  1.0004868
p.fac1[83,1]     1.0000190  1.0000839
p.fac1[83,2]     1.0001889  1.0005781
p.fac1[83,3]     1.0001057  1.0004701
p.fac1[84,1]     1.0000504  1.0002679
p.fac1[84,2]     0.9999768  0.9999889
p.fac1[84,3]     1.0000806  1.0003762
p.fac1[85,1]     1.0000444  1.0001701
p.fac1[85,2]     1.0000625  1.0001890
p.fac1[85,3]     1.0000051  1.0000109
p.fac1[86,1]     1.0000139  1.0001292
p.fac1[86,2]     0.9999743  0.9999777
p.fac1[86,3]     1.0000498  1.0002051
p.fac1[87,1]     1.0000486  1.0002640
p.fac1[87,2]     0.9999827  1.0000040
p.fac1[87,3]     1.0000298  1.0001905
p.fac1[88,1]     0.9999999  1.0000425
p.fac1[88,2]     0.9999859  1.0000124
p.fac1[88,3]     0.9999751  0.9999911
p.fac1[89,1]     1.0001089  1.0004536
p.fac1[89,2]     0.9999933  1.0000514
p.fac1[89,3]     1.0000478  1.0002600
p.fac1[9,1]      1.0001302  1.0005286
p.fac1[9,2]      1.0000481  1.0001561
p.fac1[9,3]      1.0046659  1.0067180
p.fac1[90,1]     1.0000273  1.0000342
p.fac1[90,2]     0.9999858  1.0000229
p.fac1[90,3]     1.0000118  1.0000976
p.fac1[91,1]     1.0000158  1.0001437
p.fac1[91,2]     0.9999974  1.0000316
p.fac1[91,3]     1.0000062  1.0000816
p.fac1[92,1]     1.0001900  1.0005321
p.fac1[92,2]     1.0000980  1.0002320
p.fac1[92,3]     1.0003656  1.0007095
p.fac1[93,1]     1.0001908  1.0004762
p.fac1[93,2]     1.0000684  1.0001285
p.fac1[93,3]     1.0019047  1.0027143
p.fac1[94,1]     0.9999913  1.0000219
p.fac1[94,2]     0.9999874  1.0000333
p.fac1[94,3]     1.0003649  1.0007042
p.fac1[95,1]     1.0001935  1.0004501
p.fac1[95,2]     1.0001246  1.0003357
p.fac1[95,3]     1.0000395  1.0000590
p.fac1[96,1]     0.9999887  1.0000414
p.fac1[96,2]     1.0000296  1.0001350
p.fac1[96,3]     1.0003121  1.0003727
p.fac1[97,1]     1.0001540  1.0005327
p.fac1[97,2]     1.0002927  1.0009233
p.fac1[97,3]     1.0000304  1.0001945
p.fac1[98,1]     0.9999841  1.0000095
p.fac1[98,2]     0.9999993  1.0000648
p.fac1[98,3]     1.0000169  1.0001409
p.fac1[99,1]     0.9999870  1.0000149
p.fac1[99,2]     0.9999872  0.9999951
p.fac1[99,3]     1.0001309  1.0001860
p.global[1]      1.0000173  1.0000679
p.global[2]      0.9999934  1.0000043
p.global[3]      1.0000429  1.0002315

################################################################################
# Geweke Diagnostic
################################################################################

The Geweke diagnostic is a standard z-score, so we'd expect 5% to be outside +/-1.96
Number of variables outside +/-1.96 in each chain (out of 
640
):


       Chain 1 Chain 2 Chain 3
Geweke      18      69      31


And here are the Geweke diagnostics for all variables:

                chain1 chain2 chain3
deviance         0.376 -0.786 -1.124
ilr.fac1[10,1]  -0.875  0.517 -0.199
ilr.fac1[10,2]  -0.286  0.361  1.448
ilr.fac1[100,1]  1.524  0.378  1.490
ilr.fac1[100,2] -1.014  0.191 -0.433
ilr.fac1[101,1] -0.798 -1.539 -0.235
ilr.fac1[101,2]  0.799  0.204  1.479
ilr.fac1[102,1]  0.386 -0.271  0.177
ilr.fac1[102,2] -0.970  0.799  1.507
ilr.fac1[103,1]  0.421  2.126  1.192
ilr.fac1[103,2] -0.085 -0.463 -1.105
ilr.fac1[104,1]  0.515  1.826  0.906
ilr.fac1[104,2] -0.679 -0.329 -0.220
ilr.fac1[105,1] -0.283  1.583  0.673
ilr.fac1[105,2]  0.393 -1.116 -2.279
ilr.fac1[106,1] -1.334  1.920  1.468
ilr.fac1[106,2] -0.199 -1.700 -0.576
ilr.fac1[11,1]  -0.053 -0.032 -0.818
ilr.fac1[11,2]   0.794  1.223  0.208
ilr.fac1[12,1]   0.885 -1.363  1.028
ilr.fac1[12,2]   1.570  1.518 -0.921
ilr.fac1[13,1]   1.807 -1.341  0.127
ilr.fac1[13,2]  -1.016  0.663  0.644
ilr.fac1[14,1]   0.016 -0.057 -0.659
ilr.fac1[14,2]  -0.010  1.192  1.225
ilr.fac1[15,1]  -0.021 -0.137 -0.295
ilr.fac1[15,2]  -0.749  0.422 -0.651
ilr.fac1[16,1]   1.074 -0.354  0.272
ilr.fac1[16,2]   0.080 -0.621 -0.431
ilr.fac1[17,1]  -0.288  0.561  0.726
ilr.fac1[17,2]  -1.036 -1.074 -0.770
ilr.fac1[18,1]  -0.225  0.608 -0.872
ilr.fac1[18,2]  -1.191  0.557 -0.290
ilr.fac1[19,1]  -0.170  0.970 -0.364
ilr.fac1[19,2]   0.663  0.961  1.245
ilr.fac1[2,1]    1.731 -1.489  0.395
ilr.fac1[2,2]   -0.361 -2.165 -1.089
ilr.fac1[20,1]   0.765 -1.748  0.096
ilr.fac1[20,2]  -0.551  1.358 -0.364
ilr.fac1[21,1]  -0.757 -0.521 -0.325
ilr.fac1[21,2]  -0.393  1.147 -1.924
ilr.fac1[22,1]   0.018  0.632  1.417
ilr.fac1[22,2]   0.355  0.364  1.043
ilr.fac1[23,1]   1.825 -0.318  0.113
ilr.fac1[23,2]  -1.149 -0.539  1.006
ilr.fac1[24,1]   0.386 -2.265  0.871
ilr.fac1[24,2]  -0.147 -0.129 -0.106
ilr.fac1[25,1]   0.751  0.935  0.748
ilr.fac1[25,2]   0.831 -1.758 -1.361
ilr.fac1[26,1]   0.812  2.094  0.029
ilr.fac1[26,2]   0.201 -1.017 -2.635
ilr.fac1[27,1]   0.252 -0.540 -0.264
ilr.fac1[27,2]   0.312  0.250  0.419
ilr.fac1[28,1]   0.073  0.049 -2.720
ilr.fac1[28,2]   1.446  1.562  1.752
ilr.fac1[29,1]  -0.637 -0.447 -0.045
ilr.fac1[29,2]   0.234  0.042 -0.384
ilr.fac1[3,1]    0.484  0.955 -0.970
ilr.fac1[3,2]   -1.267 -0.941 -0.244
ilr.fac1[30,1]   0.213 -0.483  1.572
ilr.fac1[30,2]  -0.867  1.268 -0.023
ilr.fac1[31,1]  -0.307  0.212  1.580
ilr.fac1[31,2]  -1.100  0.582  0.932
ilr.fac1[32,1]  -1.455 -0.330  1.397
ilr.fac1[32,2]   0.415 -0.167  1.281
ilr.fac1[33,1]  -1.335 -1.636 -0.637
ilr.fac1[33,2]  -1.932  0.063  0.902
ilr.fac1[34,1]  -0.131  0.196 -1.464
ilr.fac1[34,2]  -1.508 -1.272 -0.556
ilr.fac1[35,1]  -0.828 -1.324 -1.948
ilr.fac1[35,2]  -0.040  1.541  1.149
ilr.fac1[36,1]   0.529 -0.922  0.612
ilr.fac1[36,2]  -0.040  0.277  0.141
ilr.fac1[37,1]  -0.563 -2.326  0.137
ilr.fac1[37,2]   1.080 -0.001 -0.223
ilr.fac1[38,1]  -0.078 -0.601 -0.557
ilr.fac1[38,2]   0.683 -0.706  0.452
ilr.fac1[39,1]  -0.315  0.191  1.380
ilr.fac1[39,2]   0.214  0.789  1.591
ilr.fac1[4,1]    0.945  1.506  1.640
ilr.fac1[4,2]   -0.644 -0.919  1.092
ilr.fac1[40,1]  -0.427 -0.621  1.203
ilr.fac1[40,2]   0.374  1.656  2.701
ilr.fac1[41,1]  -0.190  0.408  0.121
ilr.fac1[41,2]   2.207  1.044 -1.639
ilr.fac1[42,1]  -1.897  0.988  2.719
ilr.fac1[42,2]  -0.517 -1.174 -0.992
ilr.fac1[43,1]  -0.408  0.646  0.218
ilr.fac1[43,2]  -0.283 -0.606 -0.295
ilr.fac1[44,1]  -0.863  1.521 -0.401
ilr.fac1[44,2]  -1.277 -1.373  0.054
ilr.fac1[45,1]  -1.504 -0.557  1.381
ilr.fac1[45,2]   1.082 -0.568  0.787
ilr.fac1[46,1]   1.341 -2.131  1.279
ilr.fac1[46,2]  -0.324  1.538  1.856
ilr.fac1[47,1]   1.903 -1.035  0.334
ilr.fac1[47,2]  -0.272  0.492 -0.090
ilr.fac1[48,1]  -1.153 -4.036 -0.821
ilr.fac1[48,2]  -0.377  1.721 -0.725
ilr.fac1[49,1]  -1.602  1.579  1.316
ilr.fac1[49,2]   0.294  1.831  0.828
ilr.fac1[5,1]    0.914 -0.431 -0.359
ilr.fac1[5,2]    0.958  2.526  1.602
ilr.fac1[50,1]  -0.211  1.806  0.337
ilr.fac1[50,2]  -0.153 -0.244  1.153
ilr.fac1[51,1]   1.479 -0.944  0.300
ilr.fac1[51,2]   0.701  0.372 -0.200
ilr.fac1[52,1]   0.395  0.590  2.384
ilr.fac1[52,2]   1.491  1.083  0.484
ilr.fac1[53,1]   3.039  0.548 -0.341
ilr.fac1[53,2]   1.103  0.683 -0.454
ilr.fac1[54,1]  -1.640  2.410 -0.068
ilr.fac1[54,2]   0.058 -1.924 -0.289
ilr.fac1[55,1]  -0.808 -0.700 -0.037
ilr.fac1[55,2]  -0.802  1.953 -0.181
ilr.fac1[56,1]  -0.106  0.936  1.735
ilr.fac1[56,2]   2.209 -1.083  1.687
ilr.fac1[57,1]   0.656 -1.448 -0.687
ilr.fac1[57,2]   0.803  0.064  0.215
ilr.fac1[58,1]   0.236 -0.772 -1.699
ilr.fac1[58,2]   0.514  0.505 -0.039
ilr.fac1[59,1]   0.152 -2.170 -0.960
ilr.fac1[59,2]  -0.444 -0.012  0.020
ilr.fac1[6,1]    1.853  1.806  1.125
ilr.fac1[6,2]   -1.931 -1.407 -0.673
ilr.fac1[60,1]  -1.134  0.512  1.402
ilr.fac1[60,2]   1.627  1.761 -1.014
ilr.fac1[61,1]   1.140 -0.709  1.143
ilr.fac1[61,2]  -0.481  0.805 -0.432
ilr.fac1[62,1]  -0.499  0.069  0.828
ilr.fac1[62,2]  -0.378  0.011  1.050
ilr.fac1[63,1]  -0.480  1.390  0.431
ilr.fac1[63,2]   0.981 -1.423  0.152
ilr.fac1[64,1]   1.907 -0.941 -1.324
ilr.fac1[64,2]   1.390  1.266  2.166
ilr.fac1[65,1]   0.949 -0.049  0.062
ilr.fac1[65,2]  -0.380 -0.026 -0.386
ilr.fac1[66,1]   2.582  0.227 -0.879
ilr.fac1[66,2]   0.164  1.298  0.814
ilr.fac1[67,1]   0.148 -2.969 -1.217
ilr.fac1[67,2]   0.378 -2.286 -0.356
ilr.fac1[68,1]   0.175  1.996  2.427
ilr.fac1[68,2]   1.212  0.684 -0.320
ilr.fac1[69,1]   0.988 -3.730 -0.372
ilr.fac1[69,2]  -0.024  0.391 -0.253
ilr.fac1[7,1]    0.987  1.136 -0.168
ilr.fac1[7,2]   -1.754 -0.970 -1.274
ilr.fac1[70,1]  -0.543 -2.318 -1.194
ilr.fac1[70,2]  -0.143  0.737 -0.277
ilr.fac1[71,1]   0.760 -1.411  1.332
ilr.fac1[71,2]  -1.047  1.064  1.602
ilr.fac1[72,1]   0.687 -3.126 -1.749
ilr.fac1[72,2]   0.012  0.545  1.938
ilr.fac1[73,1]  -1.342 -1.904  0.884
ilr.fac1[73,2]   0.063  0.366  2.206
ilr.fac1[74,1]   0.240 -1.126  0.713
ilr.fac1[74,2]  -0.753  1.601  1.232
ilr.fac1[75,1]   1.252  0.099 -0.082
ilr.fac1[75,2]   0.061  0.580  0.917
ilr.fac1[76,1]  -1.957 -1.665 -0.077
ilr.fac1[76,2]   0.813  1.771 -0.467
ilr.fac1[77,1]   0.082 -0.421  1.160
ilr.fac1[77,2]   0.683  1.791  0.516
ilr.fac1[78,1]  -0.297 -1.037 -0.137
ilr.fac1[78,2]   1.509  0.314  1.009
ilr.fac1[79,1]   1.139 -0.604  2.255
ilr.fac1[79,2]  -0.451  1.802 -1.209
ilr.fac1[8,1]   -0.903  0.354  0.530
ilr.fac1[8,2]    0.459 -1.269 -1.098
ilr.fac1[80,1]   0.153  1.022 -0.386
ilr.fac1[80,2]   1.611 -0.020  0.787
ilr.fac1[81,1]   0.957 -0.398  0.756
ilr.fac1[81,2]   1.674 -1.155 -0.721
ilr.fac1[82,1]  -0.058 -0.787 -1.263
ilr.fac1[82,2]   0.650  2.693  1.410
ilr.fac1[83,1]  -0.673 -0.459 -0.062
ilr.fac1[83,2]   0.192  1.596  2.272
ilr.fac1[84,1]  -1.508 -1.844  0.518
ilr.fac1[84,2]   0.059  0.898  0.574
ilr.fac1[85,1]   0.381 -0.016 -1.257
ilr.fac1[85,2]   0.882 -1.318  0.992
ilr.fac1[86,1]  -0.552 -1.124  1.346
ilr.fac1[86,2]   1.367  0.254  0.931
ilr.fac1[87,1]   0.007  1.403 -0.111
ilr.fac1[87,2]  -1.914  1.069  0.208
ilr.fac1[88,1]   0.656 -1.858 -0.295
ilr.fac1[88,2]  -1.656  2.220  0.855
ilr.fac1[89,1]   1.145 -0.931 -1.339
ilr.fac1[89,2]  -0.063  1.127  1.600
ilr.fac1[9,1]   -0.521  0.789  1.009
ilr.fac1[9,2]   -1.546 -1.349 -0.478
ilr.fac1[90,1]  -2.382 -1.684  0.545
ilr.fac1[90,2]   0.716 -0.161  0.575
ilr.fac1[91,1]   0.438  0.083  0.000
ilr.fac1[91,2]   0.808  0.910  0.598
ilr.fac1[92,1]  -0.462  0.499  0.978
ilr.fac1[92,2]  -0.770  0.116  1.169
ilr.fac1[93,1]   0.729  0.798  0.903
ilr.fac1[93,2]   0.879 -0.756  1.301
ilr.fac1[94,1]  -0.274  1.232 -0.092
ilr.fac1[94,2]  -0.978 -0.568 -0.373
ilr.fac1[95,1]  -0.093 -0.466 -0.222
ilr.fac1[95,2]   0.003 -0.475  0.076
ilr.fac1[96,1]   0.427 -0.276 -0.997
ilr.fac1[96,2]   0.495 -0.809  1.725
ilr.fac1[97,1]   1.138 -3.107 -0.204
ilr.fac1[97,2]  -0.696  3.445 -0.374
ilr.fac1[98,1]   0.338  0.095 -0.705
ilr.fac1[98,2]  -0.323  0.424  0.327
ilr.fac1[99,1]   0.237 -1.588 -0.249
ilr.fac1[99,2]  -0.450  0.076  1.005
loglik[1]        0.660 -1.710  1.097
loglik[10]      -2.386  0.348  0.057
loglik[100]      0.236 -0.780  1.039
loglik[101]     -0.884  0.592 -0.294
loglik[102]      0.739  0.522 -0.835
loglik[103]     -0.697  1.697  1.939
loglik[104]      0.270 -0.048  0.458
loglik[105]      0.273  1.119  0.969
loglik[106]      0.065  1.319  0.619
loglik[11]      -0.174 -0.216 -1.350
loglik[12]       0.051 -0.570 -0.222
loglik[13]       2.371 -0.891 -0.033
loglik[14]       1.025  0.984 -0.218
loglik[15]      -0.902 -0.830 -0.419
loglik[16]       0.392 -1.016 -0.071
loglik[17]      -0.891  0.068 -0.042
loglik[18]      -1.106  1.609 -0.905
loglik[19]      -0.398  1.449 -1.047
loglik[2]       -0.972 -1.370 -2.337
loglik[20]       0.153 -1.760 -0.332
loglik[21]      -0.554  1.363  0.097
loglik[22]       0.071 -0.095 -0.021
loglik[23]       1.388  0.242  1.117
loglik[24]       1.256 -1.901  0.869
loglik[25]       0.319 -1.475 -1.708
loglik[26]       1.486  0.203 -1.293
loglik[27]       0.631 -1.544 -0.251
loglik[28]      -1.469 -0.375 -1.500
loglik[29]      -0.270  0.186  0.381
loglik[3]        0.149  0.665 -0.515
loglik[30]       0.833 -1.276  1.053
loglik[31]       0.598  0.393 -0.032
loglik[32]      -0.202  0.906  0.488
loglik[33]      -0.987  1.443  0.283
loglik[34]      -0.712  0.527 -1.219
loglik[35]      -0.001 -0.463  0.057
loglik[36]      -0.458 -0.680 -0.692
loglik[37]      -0.289  0.500  0.557
loglik[38]      -0.049 -1.377  0.192
loglik[39]       1.258  1.097  1.286
loglik[4]        0.390  1.540  1.218
loglik[40]      -0.372  1.936  1.502
loglik[41]      -1.049  0.525 -0.704
loglik[42]      -0.216 -1.172 -1.984
loglik[43]      -0.671  1.084  0.467
loglik[44]      -0.965 -0.270 -0.538
loglik[45]       0.378 -0.458  0.029
loglik[46]       0.583 -2.842 -0.192
loglik[47]       1.917  1.209  0.513
loglik[48]       0.144 -2.043  0.418
loglik[49]       1.595  2.907  1.544
loglik[5]        0.252 -0.157 -1.147
loglik[50]      -0.677 -1.227 -0.238
loglik[51]       1.010  0.113  0.914
loglik[52]       1.239  0.604  1.148
loglik[53]      -0.375  0.563  1.594
loglik[54]      -0.654 -1.693 -1.229
loglik[55]      -0.875  1.421  0.723
loglik[56]       0.721  1.440  1.761
loglik[57]      -0.712  1.364  1.205
loglik[58]      -1.003  1.326  0.925
loglik[59]       0.658  2.183  0.705
loglik[6]        1.101  0.734  0.922
loglik[60]       1.892  1.911  2.364
loglik[61]       1.331 -0.865  0.143
loglik[62]       0.769  1.675  1.377
loglik[63]      -0.169 -0.231  0.102
loglik[64]      -1.492  1.597  0.851
loglik[65]       0.066  1.881  0.719
loglik[66]      -0.039  1.490  1.423
loglik[67]      -0.172  3.239  1.236
loglik[68]      -0.897  0.477 -0.949
loglik[69]       0.493 -0.612  0.623
loglik[7]        0.164  2.840  0.115
loglik[70]      -0.394  0.040  0.069
loglik[71]      -0.100  1.514  1.034
loglik[72]      -0.427  1.906  1.029
loglik[73]      -1.184  0.830  1.016
loglik[74]      -0.062 -1.888 -0.703
loglik[75]       0.222  1.052  1.342
loglik[76]      -1.045 -2.037  0.342
loglik[77]      -0.738 -2.574  0.853
loglik[78]      -1.113 -1.392  0.133
loglik[79]       0.389 -1.172  1.551
loglik[8]       -0.479  0.408  1.653
loglik[80]       0.243 -1.291 -0.248
loglik[81]      -3.216 -0.531  0.992
loglik[82]      -0.281 -2.046 -1.810
loglik[83]      -0.954 -0.988 -2.311
loglik[84]      -1.026 -0.878  0.398
loglik[85]      -0.564  0.198 -0.826
loglik[86]      -0.048  0.281  0.508
loglik[87]       1.572 -0.469 -0.320
loglik[88]       0.508 -3.212 -0.893
loglik[89]       0.194 -0.992 -1.587
loglik[9]       -0.568  1.797  0.961
loglik[90]      -1.202 -0.234 -0.703
loglik[91]      -0.077  0.703  1.506
loglik[92]      -1.886  0.764  0.233
loglik[93]       0.010 -0.603  2.025
loglik[94]       0.169  1.573 -1.008
loglik[95]      -1.022  0.186 -0.316
loglik[96]       0.278 -0.514 -1.073
loglik[97]       0.926 -2.374 -0.402
loglik[98]       0.748 -0.779 -1.993
loglik[99]      -0.512 -0.242 -0.921
p.fac1[1,1]     -0.585  0.951 -1.494
p.fac1[1,2]      0.516 -1.950  0.249
p.fac1[1,3]      0.020  1.605  1.850
p.fac1[10,1]    -1.394  0.321 -0.152
p.fac1[10,2]     1.341 -0.735  0.390
p.fac1[10,3]     0.421  0.835 -0.625
p.fac1[100,1]    1.341  0.655  1.254
p.fac1[100,2]   -1.554 -0.391 -1.226
p.fac1[100,3]    0.658 -0.101  0.325
p.fac1[101,1]   -0.437 -0.797 -0.141
p.fac1[101,2]    1.043  1.145  0.951
p.fac1[101,3]   -0.884 -0.618 -1.096
p.fac1[102,1]   -0.379 -0.229  0.115
p.fac1[102,2]   -0.572  0.350  0.271
p.fac1[102,3]    1.266 -0.291 -0.459
p.fac1[103,1]    0.158  1.588  0.676
p.fac1[103,2]   -0.007 -2.244 -1.834
p.fac1[103,3]   -0.053  0.484  0.891
p.fac1[104,1]   -0.538  1.449  0.365
p.fac1[104,2]   -0.908 -2.519 -1.103
p.fac1[104,3]    1.051 -0.004  0.461
p.fac1[105,1]   -0.670  1.726  0.607
p.fac1[105,2]    0.573 -1.366 -0.837
p.fac1[105,3]   -0.273  0.868  1.294
p.fac1[106,1]   -1.002  1.437  1.176
p.fac1[106,2]    0.265 -2.141 -1.685
p.fac1[106,3]    0.168  1.591  1.208
p.fac1[11,1]     0.067  0.429 -1.578
p.fac1[11,2]     0.334 -0.311  0.960
p.fac1[11,3]    -0.738 -0.242  1.141
p.fac1[12,1]     1.231 -0.482 -0.050
p.fac1[12,2]    -0.764  0.554 -0.759
p.fac1[12,3]    -1.196 -0.137  1.575
p.fac1[13,1]     1.721 -0.880 -0.014
p.fac1[13,2]    -1.888  0.551  0.076
p.fac1[13,3]     0.123  0.796 -0.140
p.fac1[14,1]     0.716  1.115 -0.490
p.fac1[14,2]    -0.802 -0.912  0.739
p.fac1[14,3]     0.087 -0.693 -0.463
p.fac1[15,1]    -0.923 -0.443 -0.856
p.fac1[15,2]     0.756  0.564  0.532
p.fac1[15,3]     0.437 -0.192  0.802
p.fac1[16,1]     0.980 -0.776 -0.292
p.fac1[16,2]    -0.973  0.186 -0.050
p.fac1[16,3]    -0.175  1.554  0.886
p.fac1[17,1]    -0.404  0.531  0.640
p.fac1[17,2]     0.186 -1.330 -1.020
p.fac1[17,3]     0.905  1.683  1.130
p.fac1[18,1]    -0.727  1.014 -1.381
p.fac1[18,2]     0.214 -0.779  1.215
p.fac1[18,3]     1.681 -0.948  0.832
p.fac1[19,1]    -0.684  2.188 -0.322
p.fac1[19,2]     1.009 -2.184  0.226
p.fac1[19,3]    -0.915 -0.641  0.408
p.fac1[2,1]      1.341 -2.296 -0.264
p.fac1[2,2]     -1.632 -0.808 -0.693
p.fac1[2,3]      0.596  1.747  0.987
p.fac1[20,1]     0.358 -1.387 -0.317
p.fac1[20,2]    -0.718  1.917 -0.089
p.fac1[20,3]     0.589 -0.932  0.684
p.fac1[21,1]    -1.335 -0.365 -1.206
p.fac1[21,2]     0.717  0.667 -0.551
p.fac1[21,3]     0.754 -0.727  2.481
p.fac1[22,1]    -0.175  1.251  1.544
p.fac1[22,2]     0.184 -1.278 -0.943
p.fac1[22,3]    -0.035  0.032 -1.298
p.fac1[23,1]     1.252 -0.501 -0.047
p.fac1[23,2]    -1.913 -0.217  0.122
p.fac1[23,3]     1.085  1.199 -0.113
p.fac1[24,1]     0.620 -2.289  0.783
p.fac1[24,2]    -0.587  2.142 -1.094
p.fac1[24,3]    -0.200  0.707  0.587
p.fac1[25,1]     0.790  0.017  0.176
p.fac1[25,2]    -0.421 -1.809 -0.785
p.fac1[25,3]    -0.861  1.524  1.217
p.fac1[26,1]     0.809  1.549 -0.776
p.fac1[26,2]    -0.652 -3.273 -0.749
p.fac1[26,3]    -0.684  1.624  1.771
p.fac1[27,1]     0.163 -0.576 -0.690
p.fac1[27,2]    -0.150  0.587  0.938
p.fac1[27,3]    -0.013 -0.040 -0.459
p.fac1[28,1]     0.889  0.563 -2.503
p.fac1[28,2]     0.651  0.406  2.778
p.fac1[28,3]    -2.129 -1.527 -1.026
p.fac1[29,1]    -0.826 -0.172 -0.608
p.fac1[29,2]     0.813  0.186 -0.389
p.fac1[29,3]    -0.273 -0.077  1.141
p.fac1[3,1]      0.248  0.105 -1.488
p.fac1[3,2]     -0.639 -1.619  0.992
p.fac1[3,3]      1.178  1.311  0.551
p.fac1[30,1]    -0.895  0.367  1.471
p.fac1[30,2]     0.144  0.510 -1.520
p.fac1[30,3]     1.063 -1.236  0.452
p.fac1[31,1]    -1.243  0.458  1.921
p.fac1[31,2]     0.520  0.194 -0.987
p.fac1[31,3]     0.855 -0.988 -1.315
p.fac1[32,1]    -1.482 -0.519  1.568
p.fac1[32,2]     1.422 -0.483 -0.817
p.fac1[32,3]     0.023  1.475 -1.035
p.fac1[33,1]    -1.714 -1.882 -0.270
p.fac1[33,2]     0.789  1.637  1.200
p.fac1[33,3]     1.235 -0.144 -1.723
p.fac1[34,1]    -0.305 -0.631 -1.837
p.fac1[34,2]     0.205 -1.175  0.568
p.fac1[34,3]     0.394  1.398  0.963
p.fac1[35,1]    -0.748 -0.401 -1.692
p.fac1[35,2]     0.738  0.970  1.736
p.fac1[35,3]    -0.025 -0.835 -0.125
p.fac1[36,1]     0.084 -0.582  0.295
p.fac1[36,2]     0.058  0.319 -0.403
p.fac1[36,3]    -0.248  0.394  0.175
p.fac1[37,1]    -0.499 -2.488 -0.082
p.fac1[37,2]     0.758  2.129 -0.052
p.fac1[37,3]    -0.686  0.788  0.392
p.fac1[38,1]     0.555 -1.192 -0.412
p.fac1[38,2]     0.242  0.214  0.642
p.fac1[38,3]    -1.208  1.496 -0.368
p.fac1[39,1]    -0.126  0.702  1.622
p.fac1[39,2]     0.133 -0.589 -1.089
p.fac1[39,3]    -0.011 -0.176 -1.156
p.fac1[4,1]      1.313  1.520  1.117
p.fac1[4,2]     -1.308 -1.580 -1.031
p.fac1[4,3]     -0.544 -0.001 -0.936
p.fac1[40,1]    -0.711  0.432  1.320
p.fac1[40,2]     0.999 -0.020 -0.457
p.fac1[40,3]    -0.650 -0.966 -2.139
p.fac1[41,1]     0.393  1.085 -0.467
p.fac1[41,2]     0.499 -0.827 -0.507
p.fac1[41,3]    -2.109 -0.683  2.282
p.fac1[42,1]    -2.108  0.122  1.587
p.fac1[42,2]     2.147 -2.016 -2.146
p.fac1[42,3]     0.010  1.432  1.084
p.fac1[43,1]    -0.520  0.952 -0.181
p.fac1[43,2]     0.291 -1.955 -0.129
p.fac1[43,3]     0.642  1.276  0.703
p.fac1[44,1]    -1.017  1.231 -0.824
p.fac1[44,2]     0.739 -2.434  0.087
p.fac1[44,3]     0.939  1.455  0.937
p.fac1[45,1]    -1.335 -0.713  1.078
p.fac1[45,2]     1.864 -0.305 -1.481
p.fac1[45,3]    -1.209  1.652  0.343
p.fac1[46,1]     0.576 -1.128  1.565
p.fac1[46,2]    -0.846  1.562 -0.393
p.fac1[46,3]     0.449 -0.640 -1.764
p.fac1[47,1]     1.540 -0.415 -0.184
p.fac1[47,2]    -1.787  0.422 -0.279
p.fac1[47,3]     0.375  0.012  0.831
p.fac1[48,1]    -1.032 -3.150 -1.947
p.fac1[48,2]     0.943  3.568  0.545
p.fac1[48,3]    -0.002 -1.094  1.687
p.fac1[49,1]    -1.803  2.351  0.992
p.fac1[49,2]     2.124 -1.584 -0.879
p.fac1[49,3]    -0.431 -1.174 -0.292
p.fac1[5,1]      1.181  0.302 -0.352
p.fac1[5,2]     -0.656  0.163  0.627
p.fac1[5,3]     -1.212 -1.020 -0.438
p.fac1[50,1]    -0.225  1.922  0.274
p.fac1[50,2]     0.192 -2.395 -0.300
p.fac1[50,3]     0.102  0.844  0.027
p.fac1[51,1]     1.680 -0.754  0.123
p.fac1[51,2]    -1.275  0.527 -0.512
p.fac1[51,3]    -1.031  0.468  0.758
p.fac1[52,1]     0.424  1.143  1.804
p.fac1[52,2]     0.187 -1.107 -2.379
p.fac1[52,3]    -1.228  0.318  1.163
p.fac1[53,1]     2.519  0.779 -0.347
p.fac1[53,2]    -2.463 -0.760  0.176
p.fac1[53,3]     0.137 -0.067  0.373
p.fac1[54,1]    -0.988  2.131  0.191
p.fac1[54,2]     1.316 -2.769 -0.413
p.fac1[54,3]    -0.686  2.228  0.378
p.fac1[55,1]    -1.026 -0.339 -0.377
p.fac1[55,2]     0.481  0.749  0.142
p.fac1[55,3]     0.645 -0.712  0.331
p.fac1[56,1]     0.337  1.159  2.034
p.fac1[56,2]     0.832 -2.013 -1.738
p.fac1[56,3]    -2.322  1.339 -0.704
p.fac1[57,1]     0.525 -0.834 -0.627
p.fac1[57,2]    -0.006  1.117  0.641
p.fac1[57,3]    -0.735 -0.537 -0.032
p.fac1[58,1]     0.561 -0.214 -1.331
p.fac1[58,2]     0.331  0.440  1.628
p.fac1[58,3]    -0.945 -0.324 -0.685
p.fac1[59,1]     0.323 -1.732 -1.096
p.fac1[59,2]    -0.165  1.550  0.756
p.fac1[59,3]    -0.179 -0.008  0.302
p.fac1[6,1]      1.004  0.474  0.482
p.fac1[6,2]     -1.103 -1.736 -1.728
p.fac1[6,3]      0.189  1.411  0.969
p.fac1[60,1]    -0.896  1.042  0.747
p.fac1[60,2]     1.548 -0.537 -1.233
p.fac1[60,3]    -1.339 -0.846  0.947
p.fac1[61,1]     1.005 -0.286  0.699
p.fac1[61,2]    -1.216 -0.023 -1.529
p.fac1[61,3]     0.426  0.619  1.974
p.fac1[62,1]    -0.630  0.394  0.745
p.fac1[62,2]     0.428 -0.578 -0.403
p.fac1[62,3]     0.294  0.290 -0.475
p.fac1[63,1]    -0.421  1.565  0.165
p.fac1[63,2]     0.793 -2.085 -0.592
p.fac1[63,3]    -0.824  1.674  0.769
p.fac1[64,1]     1.908 -0.465 -1.248
p.fac1[64,2]    -1.272  0.776  1.879
p.fac1[64,3]    -0.708 -0.779 -1.477
p.fac1[65,1]     0.652  0.030 -0.490
p.fac1[65,2]    -0.537 -0.046 -0.078
p.fac1[65,3]    -0.207  0.027  0.944
p.fac1[66,1]     2.053  0.261 -0.905
p.fac1[66,2]    -1.760 -0.198  1.174
p.fac1[66,3]    -0.081 -0.058 -0.558
p.fac1[67,1]     0.050 -3.026 -1.119
p.fac1[67,2]     0.286  1.485  1.004
p.fac1[67,3]    -0.448  1.345 -0.031
p.fac1[68,1]     0.290  2.350  2.301
p.fac1[68,2]     0.132 -2.263 -2.637
p.fac1[68,3]    -0.972  0.266  0.621
p.fac1[69,1]     1.453 -3.137 -1.113
p.fac1[69,2]    -0.810  2.825  0.370
p.fac1[69,3]    -0.795 -0.026  1.095
p.fac1[7,1]      0.908  0.125 -0.880
p.fac1[7,2]     -1.051 -2.016 -0.586
p.fac1[7,3]      0.356  1.213  1.481
p.fac1[70,1]    -0.636 -1.870 -1.461
p.fac1[70,2]     0.600  1.903  0.850
p.fac1[70,3]     0.071 -0.079  1.041
p.fac1[71,1]     0.155 -0.386  1.748
p.fac1[71,2]    -1.362  1.931 -0.769
p.fac1[71,3]     1.619 -2.189 -1.062
p.fac1[72,1]     0.775 -2.471 -1.482
p.fac1[72,2]    -0.727  2.562  2.252
p.fac1[72,3]     0.102 -0.669 -1.492
p.fac1[73,1]    -1.442 -1.408  0.700
p.fac1[73,2]     1.681  1.357 -0.198
p.fac1[73,3]    -0.456  0.043 -0.846
p.fac1[74,1]    -0.233  0.825  1.857
p.fac1[74,2]    -0.256  1.229 -0.325
p.fac1[74,3]     0.495 -2.398 -0.958
p.fac1[75,1]     1.558  0.225 -0.111
p.fac1[75,2]    -0.939 -0.216  0.218
p.fac1[75,3]    -0.926  0.001 -0.179
p.fac1[76,1]    -1.594 -0.002 -0.483
p.fac1[76,2]     1.934  1.768  0.237
p.fac1[76,3]    -0.841 -1.699  0.149
p.fac1[77,1]     0.237  1.684  1.490
p.fac1[77,2]    -0.112  0.213 -0.528
p.fac1[77,3]    -0.029 -1.814 -0.412
p.fac1[78,1]     0.352 -0.409  0.382
p.fac1[78,2]     0.972  0.837  0.561
p.fac1[78,3]    -1.297 -0.618 -0.914
p.fac1[79,1]     1.382  0.813  1.263
p.fac1[79,2]    -0.929  1.113 -2.718
p.fac1[79,3]     0.070 -1.731  1.932
p.fac1[8,1]     -0.912 -0.449  0.042
p.fac1[8,2]      0.973 -1.391 -1.104
p.fac1[8,3]      0.019  1.620  0.927
p.fac1[80,1]     0.012  0.983 -0.246
p.fac1[80,2]     0.652 -1.239  0.323
p.fac1[80,3]    -0.716  0.652 -0.151
p.fac1[81,1]     1.782 -0.248  0.033
p.fac1[81,2]    -0.045  0.082 -1.194
p.fac1[81,3]    -1.434  0.104  1.231
p.fac1[82,1]     0.280  1.451  0.253
p.fac1[82,2]     0.580  0.682  1.095
p.fac1[82,3]    -0.949 -1.983 -1.312
p.fac1[83,1]    -0.305  0.903  1.379
p.fac1[83,2]     0.651  0.851  0.993
p.fac1[83,3]    -0.532 -1.668 -2.435
p.fac1[84,1]    -1.351 -1.018  0.344
p.fac1[84,2]     1.415  1.333 -0.114
p.fac1[84,3]    -0.163 -0.605 -0.251
p.fac1[85,1]     0.487 -0.466 -1.052
p.fac1[85,2]     0.054 -0.797  1.780
p.fac1[85,3]    -0.737  1.646 -1.263
p.fac1[86,1]    -0.119 -1.066  0.968
p.fac1[86,2]     0.863  0.361 -0.694
p.fac1[86,3]    -0.963  0.641 -0.067
p.fac1[87,1]    -1.727  1.706  0.386
p.fac1[87,2]     0.023 -1.292 -0.018
p.fac1[87,3]     1.186 -0.666 -0.321
p.fac1[88,1]    -0.267  0.787  0.191
p.fac1[88,2]    -1.089  1.912  0.756
p.fac1[88,3]     1.355 -2.709 -0.941
p.fac1[89,1]     1.140  0.135 -1.009
p.fac1[89,2]    -0.874  0.970  1.795
p.fac1[89,3]     0.237 -1.211 -1.304
p.fac1[9,1]     -1.157 -0.580 -0.165
p.fac1[9,2]      0.880 -1.741 -1.019
p.fac1[9,3]      1.552  1.384  0.793
p.fac1[90,1]    -1.809 -2.221  0.426
p.fac1[90,2]     2.331  0.905 -0.018
p.fac1[90,3]    -0.980  0.861 -0.336
p.fac1[91,1]     0.560  0.291 -0.437
p.fac1[91,2]    -0.274 -0.293  0.218
p.fac1[91,3]    -0.472  0.009  0.325
p.fac1[92,1]    -1.176  0.710  1.227
p.fac1[92,2]     0.780 -1.127 -1.194
p.fac1[92,3]     1.120  0.700 -0.304
p.fac1[93,1]     0.661  0.199  0.743
p.fac1[93,2]    -0.520 -1.552 -0.931
p.fac1[93,3]    -0.589  1.381  0.117
p.fac1[94,1]    -0.215  0.780 -0.530
p.fac1[94,2]     0.172 -1.564 -0.104
p.fac1[94,3]     0.169  1.365  1.605
p.fac1[95,1]    -0.188 -0.477 -0.647
p.fac1[95,2]     0.216 -0.256  0.293
p.fac1[95,3]    -0.043  1.366  0.682
p.fac1[96,1]     0.364 -0.725 -1.083
p.fac1[96,2]    -0.304 -0.385  0.990
p.fac1[96,3]    -0.169  2.032  0.297
p.fac1[97,1]     0.106 -1.411 -1.229
p.fac1[97,2]    -0.946  3.150  0.333
p.fac1[97,3]     1.059 -3.237  0.845
p.fac1[98,1]     0.159  0.589  0.761
p.fac1[98,2]    -0.529  0.100  0.203
p.fac1[98,3]     0.433 -0.586 -0.975
p.fac1[99,1]    -0.169 -1.430 -0.288
p.fac1[99,2]    -0.210  0.933  0.533
p.fac1[99,3]     0.693  1.166 -0.457
p.global[1]     -0.585  0.951 -1.494
p.global[2]      0.516 -1.950  0.249
p.global[3]      0.020  1.605  1.850
