
#################################################################
# Summary Statistics
#################################################################

DIC = 7.447119

                 Mean    SD  2.5%    5%   25%   50%   75%   95% 97.5%
p.Station 1.EM1 0.080 0.037 0.020 0.026 0.053 0.077 0.103 0.145 0.159
p.Station 2.EM1 0.047 0.036 0.004 0.005 0.019 0.039 0.066 0.116 0.135
p.Station 3.EM1 0.028 0.025 0.002 0.003 0.011 0.021 0.038 0.079 0.095
p.Station 4.EM1 0.527 0.054 0.420 0.446 0.499 0.530 0.559 0.601 0.618
p.Station 5.EM1 0.031 0.028 0.002 0.004 0.012 0.023 0.043 0.085 0.106
p.Station 1.EM7 0.920 0.037 0.841 0.855 0.897 0.923 0.947 0.974 0.980
p.Station 2.EM7 0.953 0.036 0.865 0.884 0.934 0.961 0.981 0.995 0.996
p.Station 3.EM7 0.972 0.025 0.905 0.921 0.962 0.979 0.989 0.997 0.998
p.Station 4.EM7 0.473 0.054 0.382 0.399 0.441 0.470 0.501 0.554 0.580
p.Station 5.EM7 0.969 0.028 0.894 0.915 0.957 0.977 0.988 0.996 0.998
