
################################################################################
# Gelman-Rubin Diagnostic
################################################################################

Generally the Gelman diagnostic should be < 1.05


Out of 813 variables: 3 > 1.01

                      
0 > 1.05

                      
0 > 1.1


The worst variables are:

             Point est. Upper C.I.
p.fac1[48,4]   1.013120   1.013935
p.fac1[57,4]   1.012270   1.014490
p.fac1[36,4]   1.010519   1.010992
p.fac1[53,4]   1.009821   1.011447
p.fac1[48,3]   1.004717   1.004792
p.fac1[32,4]   1.004399   1.006542
p.fac1[39,2]   1.004183   1.004535
p.fac1[55,2]   1.004010   1.009088
p.fac1[43,4]   1.003927   1.008705
p.fac1[34,2]   1.003718   1.011042


And here are the Gelman diagnostics for all variables:

                Point est. Upper C.I.
deviance         1.0021027  1.0067853
ilr.fac1[1,1]          NaN        NaN
ilr.fac1[2,1]    0.9998959  1.0001087
ilr.fac1[3,1]    1.0002720  1.0015046
ilr.fac1[4,1]    0.9998840  1.0002060
ilr.fac1[5,1]    1.0007018  1.0027655
ilr.fac1[6,1]    0.9998743  1.0002916
ilr.fac1[7,1]    1.0009949  1.0029296
ilr.fac1[8,1]    1.0001929  1.0014416
ilr.fac1[9,1]    0.9997811  1.0000673
ilr.fac1[10,1]   0.9999259  1.0002278
ilr.fac1[11,1]   1.0000299  1.0008702
ilr.fac1[12,1]   0.9998905  1.0000031
ilr.fac1[13,1]   1.0004552  1.0009918
ilr.fac1[14,1]   1.0001801  1.0015037
ilr.fac1[15,1]   1.0000321  1.0007467
ilr.fac1[16,1]   1.0015954  1.0064673
ilr.fac1[17,1]   1.0004586  1.0025345
ilr.fac1[18,1]   1.0005589  1.0018052
ilr.fac1[19,1]   0.9997863  0.9999963
ilr.fac1[20,1]   1.0018472  1.0064245
ilr.fac1[21,1]   1.0015402  1.0057004
ilr.fac1[22,1]   1.0011965  1.0040794
ilr.fac1[23,1]   1.0002391  1.0016027
ilr.fac1[24,1]   1.0005856  1.0008103
ilr.fac1[25,1]   0.9998162  1.0000566
ilr.fac1[26,1]   1.0000285  1.0006032
ilr.fac1[27,1]   1.0011292  1.0046735
ilr.fac1[28,1]   1.0005060  1.0024690
ilr.fac1[29,1]   1.0012047  1.0036250
ilr.fac1[30,1]   0.9999813  1.0006633
ilr.fac1[31,1]   1.0003555  1.0021803
ilr.fac1[32,1]   1.0007832  1.0021897
ilr.fac1[33,1]   1.0002401  1.0016861
ilr.fac1[34,1]   1.0004445  1.0016743
ilr.fac1[35,1]   1.0009188  1.0041084
ilr.fac1[36,1]   1.0005334  1.0016154
ilr.fac1[37,1]   1.0005255  1.0024529
ilr.fac1[38,1]   1.0004168  1.0007040
ilr.fac1[39,1]   1.0002994  1.0013449
ilr.fac1[40,1]   1.0005609  1.0015936
ilr.fac1[41,1]   1.0011026  1.0033850
ilr.fac1[42,1]   1.0004521  1.0010916
ilr.fac1[43,1]   1.0001562  1.0006521
ilr.fac1[44,1]   1.0002265  1.0007257
ilr.fac1[45,1]   0.9999307  1.0003486
ilr.fac1[46,1]   1.0004718  1.0022448
ilr.fac1[47,1]   1.0005943  1.0028078
ilr.fac1[48,1]   1.0003436  1.0020648
ilr.fac1[49,1]   1.0001060  1.0005719
ilr.fac1[50,1]   1.0002357  1.0004376
ilr.fac1[51,1]   1.0004761  1.0018571
ilr.fac1[52,1]   1.0003607  1.0004573
ilr.fac1[53,1]   1.0007393  1.0032636
ilr.fac1[54,1]   1.0018224  1.0068358
ilr.fac1[55,1]   1.0003296  1.0008826
ilr.fac1[56,1]   0.9999296  1.0003957
ilr.fac1[57,1]   1.0023301  1.0093541
ilr.fac1[58,1]   1.0000725  1.0004803
ilr.fac1[59,1]   1.0004897  1.0022430
ilr.fac1[60,1]   0.9998387  1.0000815
ilr.fac1[61,1]   0.9997035  0.9997107
ilr.fac1[62,1]   1.0002437  1.0011606
ilr.fac1[63,1]   1.0001980  1.0014357
ilr.fac1[64,1]   1.0000127  1.0007762
ilr.fac1[65,1]   1.0011670  1.0029181
ilr.fac1[66,1]   1.0006678  1.0028043
ilr.fac1[67,1]   0.9999804  1.0007941
ilr.fac1[68,1]   1.0017107  1.0060636
ilr.fac1[69,1]   1.0006408  1.0007807
ilr.fac1[70,1]   1.0002534  1.0011814
ilr.fac1[71,1]   0.9999273  1.0003214
ilr.fac1[72,1]   0.9999051  0.9999536
ilr.fac1[73,1]   1.0002639  1.0015098
ilr.fac1[74,1]   0.9998491  0.9999932
ilr.fac1[75,1]   1.0007243  1.0019607
ilr.fac1[76,1]   1.0002787  1.0019153
ilr.fac1[77,1]   1.0000506  1.0002647
ilr.fac1[78,1]   1.0006281  1.0031981
ilr.fac1[79,1]   0.9998444  1.0000142
ilr.fac1[80,1]   1.0003921  1.0014279
ilr.fac1[81,1]   1.0010328  1.0043091
ilr.fac1[82,1]   1.0003779  1.0009431
ilr.fac1[83,1]   1.0002050  1.0015013
ilr.fac1[84,1]   0.9998972  0.9999876
ilr.fac1[85,1]   1.0000304  1.0001764
ilr.fac1[86,1]   0.9999918  1.0006316
ilr.fac1[87,1]   1.0018758  1.0052008
ilr.fac1[88,1]   1.0005187  1.0020074
ilr.fac1[89,1]   0.9999851  1.0003296
ilr.fac1[90,1]   1.0001149  1.0011934
ilr.fac1[91,1]   1.0006734  1.0018082
ilr.fac1[92,1]   0.9997871  1.0000619
ilr.fac1[93,1]   1.0003917  1.0014072
ilr.fac1[94,1]   1.0002356  1.0011298
ilr.fac1[95,1]   0.9998773  0.9998801
ilr.fac1[96,1]   0.9998727  1.0002963
ilr.fac1[97,1]   1.0003993  1.0017144
ilr.fac1[98,1]   1.0014393  1.0050073
ilr.fac1[99,1]   1.0008779  1.0037580
ilr.fac1[100,1]  1.0002729  1.0018846
ilr.fac1[101,1]  1.0000338  1.0010167
ilr.fac1[1,2]          NaN        NaN
ilr.fac1[2,2]    1.0003576  1.0012181
ilr.fac1[3,2]    0.9998830  1.0001110
ilr.fac1[4,2]    1.0005786  1.0015657
ilr.fac1[5,2]    1.0000470  1.0007678
ilr.fac1[6,2]    1.0012161  1.0027986
ilr.fac1[7,2]    1.0000633  1.0007738
ilr.fac1[8,2]    1.0001795  1.0009832
ilr.fac1[9,2]    1.0009751  1.0032758
ilr.fac1[10,2]   0.9999215  1.0000880
ilr.fac1[11,2]   1.0015104  1.0038757
ilr.fac1[12,2]   0.9999453  0.9999760
ilr.fac1[13,2]   1.0000464  1.0005954
ilr.fac1[14,2]   1.0000065  1.0001831
ilr.fac1[15,2]   1.0009036  1.0009452
ilr.fac1[16,2]   1.0005900  1.0012643
ilr.fac1[17,2]   1.0002895  1.0012020
ilr.fac1[18,2]   1.0000582  1.0005578
ilr.fac1[19,2]   1.0001917  1.0008645
ilr.fac1[20,2]   1.0003868  1.0010311
ilr.fac1[21,2]   1.0009051  1.0017084
ilr.fac1[22,2]   1.0008464  1.0037921
ilr.fac1[23,2]   0.9998638  1.0002185
ilr.fac1[24,2]   1.0002647  1.0005073
ilr.fac1[25,2]   0.9998754  1.0003870
ilr.fac1[26,2]   0.9999948  1.0003689
ilr.fac1[27,2]   1.0008076  1.0036231
ilr.fac1[28,2]   0.9999505  1.0000909
ilr.fac1[29,2]   1.0014763  1.0056368
ilr.fac1[30,2]   1.0015648  1.0060506
ilr.fac1[31,2]   1.0004255  1.0015005
ilr.fac1[32,2]   1.0003742  1.0021835
ilr.fac1[33,2]   1.0019437  1.0059272
ilr.fac1[34,2]   1.0018290  1.0074075
ilr.fac1[35,2]   1.0004666  1.0014799
ilr.fac1[36,2]   1.0011265  1.0044368
ilr.fac1[37,2]   1.0004095  1.0007813
ilr.fac1[38,2]   0.9999283  1.0002954
ilr.fac1[39,2]   1.0000724  1.0009587
ilr.fac1[40,2]   1.0002857  1.0013964
ilr.fac1[41,2]   1.0005843  1.0017829
ilr.fac1[42,2]   1.0006706  1.0025972
ilr.fac1[43,2]   1.0006568  1.0025226
ilr.fac1[44,2]   0.9998684  1.0002738
ilr.fac1[45,2]   0.9996934  0.9997599
ilr.fac1[46,2]   1.0002224  1.0015396
ilr.fac1[47,2]   0.9997346  0.9998956
ilr.fac1[48,2]   1.0001363  1.0010902
ilr.fac1[49,2]   1.0002330  1.0014549
ilr.fac1[50,2]   1.0006094  1.0019277
ilr.fac1[51,2]   1.0002444  1.0005733
ilr.fac1[52,2]   1.0000680  1.0010768
ilr.fac1[53,2]   0.9998787  1.0002976
ilr.fac1[54,2]   1.0001755  1.0010029
ilr.fac1[55,2]   1.0001917  1.0003647
ilr.fac1[56,2]   1.0000615  1.0011117
ilr.fac1[57,2]   1.0000144  1.0002069
ilr.fac1[58,2]   1.0000922  1.0010288
ilr.fac1[59,2]   1.0002066  1.0013171
ilr.fac1[60,2]   1.0004808  1.0026288
ilr.fac1[61,2]   1.0002326  1.0008518
ilr.fac1[62,2]   0.9998943  0.9999967
ilr.fac1[63,2]   1.0000765  1.0007355
ilr.fac1[64,2]   1.0004366  1.0005487
ilr.fac1[65,2]   1.0001956  1.0015747
ilr.fac1[66,2]   1.0000332  1.0006321
ilr.fac1[67,2]   1.0011313  1.0050106
ilr.fac1[68,2]   1.0012387  1.0052504
ilr.fac1[69,2]   1.0001428  1.0010631
ilr.fac1[70,2]   1.0012839  1.0050975
ilr.fac1[71,2]   1.0015577  1.0060013
ilr.fac1[72,2]   0.9997745  0.9998828
ilr.fac1[73,2]   1.0005848  1.0028776
ilr.fac1[74,2]   1.0019348  1.0049671
ilr.fac1[75,2]   0.9999457  1.0004496
ilr.fac1[76,2]   1.0013223  1.0047069
ilr.fac1[77,2]   0.9997835  0.9998459
ilr.fac1[78,2]   1.0009966  1.0042606
ilr.fac1[79,2]   0.9998878  0.9999398
ilr.fac1[80,2]   1.0006381  1.0029132
ilr.fac1[81,2]   1.0001005  1.0012266
ilr.fac1[82,2]   1.0008566  1.0038548
ilr.fac1[83,2]   1.0003885  1.0004649
ilr.fac1[84,2]   0.9998100  0.9999294
ilr.fac1[85,2]   1.0001904  1.0015485
ilr.fac1[86,2]   1.0001800  1.0003216
ilr.fac1[87,2]   1.0005512  1.0027288
ilr.fac1[88,2]   1.0001743  1.0008715
ilr.fac1[89,2]   1.0009822  1.0027934
ilr.fac1[90,2]   1.0005042  1.0021370
ilr.fac1[91,2]   1.0005600  1.0028859
ilr.fac1[92,2]   0.9999018  1.0001604
ilr.fac1[93,2]   1.0002372  1.0016382
ilr.fac1[94,2]   1.0004179  1.0022927
ilr.fac1[95,2]   1.0013483  1.0056324
ilr.fac1[96,2]   1.0003466  1.0013001
ilr.fac1[97,2]   0.9997564  0.9997877
ilr.fac1[98,2]   1.0002616  1.0007395
ilr.fac1[99,2]   0.9999529  1.0004209
ilr.fac1[100,2]  0.9997935  1.0000345
ilr.fac1[101,2]  1.0002434  1.0016216
ilr.fac1[1,3]          NaN        NaN
ilr.fac1[2,3]    1.0002038  1.0013027
ilr.fac1[3,3]    0.9999310  1.0005798
ilr.fac1[4,3]    1.0003579  1.0020404
ilr.fac1[5,3]    1.0003183  1.0004883
ilr.fac1[6,3]    1.0000629  1.0005329
ilr.fac1[7,3]    1.0001072  1.0011197
ilr.fac1[8,3]    1.0000781  1.0007787
ilr.fac1[9,3]    1.0000472  1.0010087
ilr.fac1[10,3]   0.9999646  1.0005377
ilr.fac1[11,3]   1.0001468  1.0013468
ilr.fac1[12,3]   1.0002516  1.0017865
ilr.fac1[13,3]   1.0002350  1.0016749
ilr.fac1[14,3]   1.0006427  1.0027233
ilr.fac1[15,3]   1.0014813  1.0026795
ilr.fac1[16,3]   1.0008158  1.0033493
ilr.fac1[17,3]   1.0014578  1.0059666
ilr.fac1[18,3]   1.0007724  1.0015474
ilr.fac1[19,3]   0.9997983  0.9998221
ilr.fac1[20,3]   1.0012287  1.0049674
ilr.fac1[21,3]   0.9998425  0.9998667
ilr.fac1[22,3]   1.0004718  1.0023284
ilr.fac1[23,3]   0.9997860  1.0000871
ilr.fac1[24,3]   1.0007243  1.0022354
ilr.fac1[25,3]   1.0002920  1.0017674
ilr.fac1[26,3]   1.0000423  1.0010355
ilr.fac1[27,3]   1.0007526  1.0035361
ilr.fac1[28,3]   1.0003889  1.0017745
ilr.fac1[29,3]   1.0006311  1.0019857
ilr.fac1[30,3]   1.0010672  1.0041515
ilr.fac1[31,3]   0.9997173  0.9997876
ilr.fac1[32,3]   1.0007442  1.0026804
ilr.fac1[33,3]   1.0006226  1.0021435
ilr.fac1[34,3]   1.0000982  1.0004521
ilr.fac1[35,3]   1.0007083  1.0016635
ilr.fac1[36,3]   1.0003754  1.0021763
ilr.fac1[37,3]   1.0007069  1.0033989
ilr.fac1[38,3]   1.0002094  1.0007204
ilr.fac1[39,3]   1.0006812  1.0031985
ilr.fac1[40,3]   0.9998336  0.9999633
ilr.fac1[41,3]   1.0003050  1.0019117
ilr.fac1[42,3]   0.9999161  1.0002627
ilr.fac1[43,3]   1.0016901  1.0068798
ilr.fac1[44,3]   1.0001384  1.0009199
ilr.fac1[45,3]   1.0004634  1.0019789
ilr.fac1[46,3]   1.0005005  1.0013290
ilr.fac1[47,3]   1.0004101  1.0022582
ilr.fac1[48,3]   0.9999060  1.0002249
ilr.fac1[49,3]   1.0000246  1.0007785
ilr.fac1[50,3]   1.0007084  1.0021796
ilr.fac1[51,3]   1.0001320  1.0006907
ilr.fac1[52,3]   0.9997587  0.9999767
ilr.fac1[53,3]   0.9999018  1.0003738
ilr.fac1[54,3]   1.0006073  1.0023270
ilr.fac1[55,3]   1.0015955  1.0067087
ilr.fac1[56,3]   0.9997344  0.9998207
ilr.fac1[57,3]   1.0027214  1.0101721
ilr.fac1[58,3]   1.0001609  1.0006322
ilr.fac1[59,3]   1.0002528  1.0017704
ilr.fac1[60,3]   0.9998690  1.0003116
ilr.fac1[61,3]   1.0008780  1.0035814
ilr.fac1[62,3]   0.9998109  1.0001449
ilr.fac1[63,3]   0.9997623  0.9998228
ilr.fac1[64,3]   1.0010737  1.0023301
ilr.fac1[65,3]   0.9998596  1.0003080
ilr.fac1[66,3]   1.0004662  1.0024905
ilr.fac1[67,3]   0.9997229  0.9998147
ilr.fac1[68,3]   1.0008418  1.0023669
ilr.fac1[69,3]   1.0003968  1.0016569
ilr.fac1[70,3]   1.0001366  1.0013809
ilr.fac1[71,3]   1.0008021  1.0014907
ilr.fac1[72,3]   0.9999337  0.9999634
ilr.fac1[73,3]   1.0007776  1.0023513
ilr.fac1[74,3]   1.0001966  1.0010416
ilr.fac1[75,3]   1.0004561  1.0005396
ilr.fac1[76,3]   1.0005762  1.0022520
ilr.fac1[77,3]   0.9998939  1.0001964
ilr.fac1[78,3]   1.0014791  1.0044613
ilr.fac1[79,3]   1.0002498  1.0006655
ilr.fac1[80,3]   1.0001988  1.0009125
ilr.fac1[81,3]   1.0000462  1.0005788
ilr.fac1[82,3]   0.9999101  1.0003392
ilr.fac1[83,3]   1.0018721  1.0066552
ilr.fac1[84,3]   1.0000915  1.0010852
ilr.fac1[85,3]   0.9999803  1.0001750
ilr.fac1[86,3]   1.0002372  1.0005005
ilr.fac1[87,3]   1.0007485  1.0028616
ilr.fac1[88,3]   0.9997604  0.9997695
ilr.fac1[89,3]   1.0000654  1.0001002
ilr.fac1[90,3]   1.0005446  1.0028282
ilr.fac1[91,3]   0.9999876  1.0005252
ilr.fac1[92,3]   0.9998217  0.9998514
ilr.fac1[93,3]   0.9998674  1.0001266
ilr.fac1[94,3]   0.9999116  1.0003695
ilr.fac1[95,3]   1.0004943  1.0013269
ilr.fac1[96,3]   1.0001600  1.0009175
ilr.fac1[97,3]   1.0001341  1.0011291
ilr.fac1[98,3]   0.9999072  1.0004656
ilr.fac1[99,3]   1.0006726  1.0024974
ilr.fac1[100,3]  0.9999254  1.0004128
ilr.fac1[101,3]  1.0001819  1.0006709
loglik[1]        1.0003128  1.0008833
loglik[2]        1.0009783  1.0032919
loglik[3]        1.0007950  1.0036035
loglik[4]        1.0000310  1.0002719
loglik[5]        1.0002783  1.0005094
loglik[6]        0.9997281  0.9998106
loglik[7]        1.0000325  1.0010033
loglik[8]        1.0015991  1.0062180
loglik[9]        1.0000554  1.0008682
loglik[10]       0.9998663  1.0001973
loglik[11]       1.0005659  1.0023946
loglik[12]       1.0020332  1.0079054
loglik[13]       0.9998466  0.9999997
loglik[14]       1.0005474  1.0028784
loglik[15]       1.0005396  1.0022514
loglik[16]       1.0007082  1.0031747
loglik[17]       1.0006455  1.0008943
loglik[18]       1.0006777  1.0016635
loglik[19]       0.9999337  1.0006177
loglik[20]       1.0028467  1.0103297
loglik[21]       0.9997763  0.9998915
loglik[22]       1.0009908  1.0035859
loglik[23]       1.0014218  1.0054383
loglik[24]       1.0000253  1.0009331
loglik[25]       1.0002502  1.0011511
loglik[26]       0.9998242  1.0001357
loglik[27]       1.0007342  1.0034446
loglik[28]       1.0007119  1.0033348
loglik[29]       1.0017916  1.0035159
loglik[30]       1.0001271  1.0008634
loglik[31]       1.0009461  1.0043458
loglik[32]       1.0005449  1.0021511
loglik[33]       1.0014054  1.0055293
loglik[34]       1.0027575  1.0090231
loglik[35]       0.9997502  0.9998196
loglik[36]       1.0033052  1.0076407
loglik[37]       0.9998494  1.0002303
loglik[38]       1.0014339  1.0048751
loglik[39]       1.0001780  1.0015067
loglik[40]       1.0004428  1.0023823
loglik[41]       1.0004961  1.0024695
loglik[42]       0.9998089  0.9998108
loglik[43]       1.0013474  1.0025754
loglik[44]       1.0026309  1.0101351
loglik[45]       1.0004794  1.0021783
loglik[46]       1.0011146  1.0021031
loglik[47]       1.0030672  1.0073876
loglik[48]       1.0008511  1.0014475
loglik[49]       1.0002333  1.0013424
loglik[50]       1.0019572  1.0069758
loglik[51]       1.0004640  1.0009520
loglik[52]       1.0005192  1.0008329
loglik[53]       1.0000288  1.0006722
loglik[54]       1.0026952  1.0090964
loglik[55]       1.0031294  1.0121182
loglik[56]       1.0008715  1.0021950
loglik[57]       1.0002984  1.0004245
loglik[58]       1.0011257  1.0040422
loglik[59]       0.9997983  0.9998997
loglik[60]       1.0016913  1.0046739
loglik[61]       1.0000751  1.0010851
loglik[62]       1.0005614  1.0011372
loglik[63]       1.0013336  1.0048392
loglik[64]       1.0016263  1.0063346
loglik[65]       1.0005799  1.0023367
loglik[66]       1.0004255  1.0018467
loglik[67]       1.0025760  1.0076860
loglik[68]       1.0023352  1.0066648
loglik[69]       1.0016769  1.0030716
loglik[70]       0.9997463  0.9999554
loglik[71]       1.0003467  1.0009337
loglik[72]       1.0003926  1.0013969
loglik[73]       1.0009233  1.0033562
loglik[74]       1.0008866  1.0023191
loglik[75]       1.0008140  1.0037582
loglik[76]       1.0025646  1.0074559
loglik[77]       1.0023804  1.0075228
loglik[78]       1.0015021  1.0060133
loglik[79]       1.0003505  1.0005790
loglik[80]       1.0004924  1.0025719
loglik[81]       1.0001753  1.0012028
loglik[82]       1.0007304  1.0022046
loglik[83]       1.0018723  1.0074543
loglik[84]       1.0005031  1.0018831
loglik[85]       1.0002163  1.0003596
loglik[86]       1.0001566  1.0002318
loglik[87]       1.0004862  1.0024630
loglik[88]       1.0000028  1.0008212
loglik[89]       0.9998861  0.9999282
loglik[90]       0.9998744  1.0000351
loglik[91]       1.0000871  1.0007899
loglik[92]       0.9998295  0.9999458
loglik[93]       1.0002566  1.0017920
loglik[94]       1.0016379  1.0023651
loglik[95]       1.0015519  1.0041695
loglik[96]       0.9999183  1.0001948
loglik[97]       1.0005598  1.0023191
loglik[98]       1.0009604  1.0043634
loglik[99]       1.0012905  1.0026309
loglik[100]      1.0000462  1.0000716
loglik[101]      0.9999186  1.0003915
p.fac1[1,1]      1.0014909  1.0047813
p.fac1[2,1]      1.0002828  1.0011649
p.fac1[3,1]      0.9997395  0.9997564
p.fac1[4,1]      1.0012653  1.0033420
p.fac1[5,1]      0.9999476  1.0002837
p.fac1[6,1]      1.0006231  1.0023198
p.fac1[7,1]      1.0006589  1.0032801
p.fac1[8,1]      1.0012415  1.0047514
p.fac1[9,1]      1.0002240  1.0016774
p.fac1[10,1]     0.9999880  1.0008454
p.fac1[11,1]     0.9997872  0.9998075
p.fac1[12,1]     1.0000991  1.0002540
p.fac1[13,1]     1.0008924  1.0029612
p.fac1[14,1]     1.0003443  1.0017126
p.fac1[15,1]     1.0006722  1.0007698
p.fac1[16,1]     1.0024197  1.0096343
p.fac1[17,1]     1.0003259  1.0018292
p.fac1[18,1]     1.0001790  1.0009884
p.fac1[19,1]     0.9998710  1.0003529
p.fac1[20,1]     1.0005767  1.0029704
p.fac1[21,1]     1.0009074  1.0035384
p.fac1[22,1]     1.0000769  1.0002025
p.fac1[23,1]     1.0007751  1.0031846
p.fac1[24,1]     1.0002875  1.0005528
p.fac1[25,1]     1.0001360  1.0009272
p.fac1[26,1]     1.0005478  1.0019904
p.fac1[27,1]     1.0000982  1.0012169
p.fac1[28,1]     0.9996826  0.9997100
p.fac1[29,1]     1.0010228  1.0045461
p.fac1[30,1]     1.0000916  1.0008808
p.fac1[31,1]     0.9998139  1.0000701
p.fac1[32,1]     1.0002120  1.0016373
p.fac1[33,1]     1.0016401  1.0053134
p.fac1[34,1]     1.0001892  1.0014662
p.fac1[35,1]     1.0010522  1.0028705
p.fac1[36,1]     1.0006742  1.0018185
p.fac1[37,1]     1.0001143  1.0011011
p.fac1[38,1]     0.9998139  0.9998995
p.fac1[39,1]     1.0007961  1.0029217
p.fac1[40,1]     1.0002122  1.0013406
p.fac1[41,1]     1.0005988  1.0029589
p.fac1[42,1]     1.0002597  1.0007366
p.fac1[43,1]     0.9999271  1.0005675
p.fac1[44,1]     0.9999246  1.0005267
p.fac1[45,1]     0.9998269  1.0001511
p.fac1[46,1]     1.0011014  1.0011194
p.fac1[47,1]     1.0001864  1.0014333
p.fac1[48,1]     1.0020103  1.0028918
p.fac1[49,1]     1.0005287  1.0019968
p.fac1[50,1]     1.0001930  1.0002973
p.fac1[51,1]     1.0002825  1.0013492
p.fac1[52,1]     1.0004736  1.0014129
p.fac1[53,1]     1.0013314  1.0035704
p.fac1[54,1]     1.0017563  1.0036263
p.fac1[55,1]     1.0011924  1.0048484
p.fac1[56,1]     1.0001401  1.0009448
p.fac1[57,1]     1.0005467  1.0023308
p.fac1[58,1]     1.0002273  1.0013269
p.fac1[59,1]     1.0009719  1.0040736
p.fac1[60,1]     0.9998719  1.0004115
p.fac1[61,1]     1.0007785  1.0026415
p.fac1[62,1]     1.0004920  1.0007489
p.fac1[63,1]     0.9999946  1.0000300
p.fac1[64,1]     0.9998300  1.0000104
p.fac1[65,1]     1.0017653  1.0062625
p.fac1[66,1]     1.0007154  1.0027995
p.fac1[67,1]     0.9998573  1.0000525
p.fac1[68,1]     0.9998348  1.0002339
p.fac1[69,1]     0.9999971  1.0000003
p.fac1[70,1]     1.0016349  1.0048326
p.fac1[71,1]     1.0018532  1.0067538
p.fac1[72,1]     1.0001269  1.0008653
p.fac1[73,1]     0.9997279  0.9998328
p.fac1[74,1]     1.0007354  1.0031490
p.fac1[75,1]     1.0011211  1.0042227
p.fac1[76,1]     1.0014705  1.0044700
p.fac1[77,1]     1.0005384  1.0016412
p.fac1[78,1]     1.0020067  1.0075956
p.fac1[79,1]     1.0001214  1.0009483
p.fac1[80,1]     1.0004307  1.0022281
p.fac1[81,1]     1.0003794  1.0016898
p.fac1[82,1]     1.0000027  1.0005249
p.fac1[83,1]     0.9997982  0.9999930
p.fac1[84,1]     0.9999637  1.0002968
p.fac1[85,1]     1.0003964  1.0009675
p.fac1[86,1]     1.0003591  1.0016556
p.fac1[87,1]     1.0010295  1.0045601
p.fac1[88,1]     1.0009067  1.0030856
p.fac1[89,1]     1.0006690  1.0033525
p.fac1[90,1]     1.0006756  1.0030204
p.fac1[91,1]     1.0002577  1.0016035
p.fac1[92,1]     1.0000863  1.0012108
p.fac1[93,1]     1.0010921  1.0041741
p.fac1[94,1]     1.0009249  1.0039478
p.fac1[95,1]     1.0010110  1.0041255
p.fac1[96,1]     0.9997956  1.0000066
p.fac1[97,1]     1.0008634  1.0028006
p.fac1[98,1]     1.0015019  1.0062712
p.fac1[99,1]     1.0003334  1.0016823
p.fac1[100,1]    1.0016292  1.0061579
p.fac1[101,1]    1.0002026  1.0011551
p.fac1[1,2]      1.0019039  1.0073567
p.fac1[2,2]      1.0005301  1.0015659
p.fac1[3,2]      1.0005591  1.0011673
p.fac1[4,2]      1.0033561  1.0043643
p.fac1[5,2]      1.0007622  1.0016403
p.fac1[6,2]      1.0002375  1.0011129
p.fac1[7,2]      1.0006310  1.0032022
p.fac1[8,2]      1.0003229  1.0018778
p.fac1[9,2]      1.0007432  1.0021927
p.fac1[10,2]     1.0003661  1.0014399
p.fac1[11,2]     1.0002100  1.0015845
p.fac1[12,2]     1.0000652  1.0005517
p.fac1[13,2]     1.0001822  1.0012905
p.fac1[14,2]     1.0001672  1.0012413
p.fac1[15,2]     1.0000664  1.0005950
p.fac1[16,2]     1.0025101  1.0100236
p.fac1[17,2]     1.0007498  1.0024298
p.fac1[18,2]     0.9998233  1.0002311
p.fac1[19,2]     1.0005816  1.0023723
p.fac1[20,2]     1.0005734  1.0027119
p.fac1[21,2]     1.0029006  1.0070916
p.fac1[22,2]     1.0001457  1.0013899
p.fac1[23,2]     1.0009889  1.0044826
p.fac1[24,2]     0.9999606  1.0000892
p.fac1[25,2]     0.9997589  0.9998602
p.fac1[26,2]     1.0001069  1.0008318
p.fac1[27,2]     1.0010767  1.0046508
p.fac1[28,2]     0.9997244  0.9998352
p.fac1[29,2]     1.0013382  1.0057409
p.fac1[30,2]     1.0002081  1.0005344
p.fac1[31,2]     1.0007004  1.0014846
p.fac1[32,2]     1.0000675  1.0005873
p.fac1[33,2]     1.0016801  1.0031646
p.fac1[34,2]     1.0037180  1.0110416
p.fac1[35,2]     1.0003775  1.0007628
p.fac1[36,2]     0.9999541  1.0000682
p.fac1[37,2]     1.0020432  1.0022539
p.fac1[38,2]     1.0003432  1.0018945
p.fac1[39,2]     1.0041827  1.0045345
p.fac1[40,2]     1.0017698  1.0047385
p.fac1[41,2]     1.0007117  1.0008502
p.fac1[42,2]     1.0000034  1.0002277
p.fac1[43,2]     0.9998020  1.0001583
p.fac1[44,2]     1.0002251  1.0007108
p.fac1[45,2]     1.0015645  1.0032359
p.fac1[46,2]     1.0005380  1.0019707
p.fac1[47,2]     1.0001397  1.0012645
p.fac1[48,2]     1.0013374  1.0040252
p.fac1[49,2]     1.0014660  1.0046405
p.fac1[50,2]     1.0024722  1.0054535
p.fac1[51,2]     1.0006189  1.0027733
p.fac1[52,2]     1.0001249  1.0009350
p.fac1[53,2]     1.0006059  1.0025800
p.fac1[54,2]     1.0005953  1.0023398
p.fac1[55,2]     1.0040103  1.0090882
p.fac1[56,2]     1.0003310  1.0009068
p.fac1[57,2]     1.0033366  1.0080861
p.fac1[58,2]     1.0002084  1.0016597
p.fac1[59,2]     1.0004892  1.0026880
p.fac1[60,2]     1.0005915  1.0023981
p.fac1[61,2]     1.0011183  1.0023199
p.fac1[62,2]     1.0016864  1.0040710
p.fac1[63,2]     1.0005672  1.0026233
p.fac1[64,2]     0.9998386  0.9999430
p.fac1[65,2]     1.0007510  1.0025912
p.fac1[66,2]     0.9999183  1.0005648
p.fac1[67,2]     1.0017287  1.0065664
p.fac1[68,2]     1.0036232  1.0135547
p.fac1[69,2]     0.9999193  1.0004965
p.fac1[70,2]     1.0000072  1.0006805
p.fac1[71,2]     1.0003438  1.0013021
p.fac1[72,2]     1.0004582  1.0018838
p.fac1[73,2]     0.9999654  1.0006625
p.fac1[74,2]     0.9997274  0.9998854
p.fac1[75,2]     1.0011927  1.0045707
p.fac1[76,2]     0.9998560  0.9999000
p.fac1[77,2]     1.0006074  1.0014978
p.fac1[78,2]     1.0003452  1.0021366
p.fac1[79,2]     1.0001858  1.0014784
p.fac1[80,2]     1.0007729  1.0034635
p.fac1[81,2]     1.0001440  1.0012593
p.fac1[82,2]     1.0004602  1.0019725
p.fac1[83,2]     0.9999405  1.0002639
p.fac1[84,2]     0.9999688  1.0006472
p.fac1[85,2]     1.0001812  1.0010986
p.fac1[86,2]     0.9998962  1.0003447
p.fac1[87,2]     1.0017494  1.0072763
p.fac1[88,2]     1.0007612  1.0034822
p.fac1[89,2]     1.0005497  1.0023430
p.fac1[90,2]     1.0004277  1.0019735
p.fac1[91,2]     1.0004618  1.0022125
p.fac1[92,2]     1.0001288  1.0012812
p.fac1[93,2]     1.0003135  1.0019670
p.fac1[94,2]     1.0005715  1.0029404
p.fac1[95,2]     0.9999276  1.0006230
p.fac1[96,2]     0.9999769  1.0001945
p.fac1[97,2]     1.0004081  1.0017651
p.fac1[98,2]     1.0010710  1.0048034
p.fac1[99,2]     1.0007901  1.0034245
p.fac1[100,2]    1.0007612  1.0032188
p.fac1[101,2]    1.0004879  1.0025666
p.fac1[1,3]      0.9999222  1.0004742
p.fac1[2,3]      1.0003330  1.0013780
p.fac1[3,3]      0.9997588  0.9998234
p.fac1[4,3]      1.0006957  1.0021253
p.fac1[5,3]      0.9999411  1.0006516
p.fac1[6,3]      1.0006654  1.0015136
p.fac1[7,3]      0.9997546  0.9999043
p.fac1[8,3]      1.0003471  1.0019158
p.fac1[9,3]      1.0005736  1.0026956
p.fac1[10,3]     0.9998522  1.0003471
p.fac1[11,3]     1.0003551  1.0012209
p.fac1[12,3]     0.9999586  1.0001113
p.fac1[13,3]     1.0004673  1.0019120
p.fac1[14,3]     1.0000234  1.0003970
p.fac1[15,3]     1.0005187  1.0005256
p.fac1[16,3]     0.9999132  1.0003692
p.fac1[17,3]     1.0004357  1.0019935
p.fac1[18,3]     1.0000256  1.0003660
p.fac1[19,3]     0.9998833  1.0004261
p.fac1[20,3]     0.9998711  1.0003405
p.fac1[21,3]     1.0002142  1.0007451
p.fac1[22,3]     1.0004153  1.0021261
p.fac1[23,3]     0.9998434  1.0002431
p.fac1[24,3]     1.0005696  1.0008561
p.fac1[25,3]     1.0004949  1.0011897
p.fac1[26,3]     0.9999680  1.0004181
p.fac1[27,3]     1.0003983  1.0020314
p.fac1[28,3]     0.9997624  0.9997783
p.fac1[29,3]     1.0007705  1.0033437
p.fac1[30,3]     1.0015917  1.0051303
p.fac1[31,3]     0.9999026  1.0004488
p.fac1[32,3]     1.0006966  1.0034461
p.fac1[33,3]     1.0020397  1.0060153
p.fac1[34,3]     1.0011815  1.0050248
p.fac1[35,3]     1.0005999  1.0019240
p.fac1[36,3]     1.0010035  1.0033801
p.fac1[37,3]     1.0001383  1.0012311
p.fac1[38,3]     1.0000571  1.0002614
p.fac1[39,3]     1.0004410  1.0019754
p.fac1[40,3]     0.9999208  1.0004835
p.fac1[41,3]     1.0008002  1.0034037
p.fac1[42,3]     1.0018301  1.0043784
p.fac1[43,3]     1.0003066  1.0020091
p.fac1[44,3]     0.9999699  1.0003567
p.fac1[45,3]     0.9997947  1.0001363
p.fac1[46,3]     1.0017484  1.0025819
p.fac1[47,3]     1.0002820  1.0007800
p.fac1[48,3]     1.0047172  1.0047925
p.fac1[49,3]     1.0002267  1.0013144
p.fac1[50,3]     1.0006519  1.0032402
p.fac1[51,3]     1.0000370  1.0001998
p.fac1[52,3]     1.0014227  1.0030046
p.fac1[53,3]     1.0003055  1.0011391
p.fac1[54,3]     1.0004428  1.0012320
p.fac1[55,3]     1.0005990  1.0016864
p.fac1[56,3]     0.9999532  1.0006783
p.fac1[57,3]     0.9999255  1.0005129
p.fac1[58,3]     0.9998461  1.0002498
p.fac1[59,3]     1.0008400  1.0016079
p.fac1[60,3]     1.0002183  1.0016358
p.fac1[61,3]     1.0008680  1.0023790
p.fac1[62,3]     0.9999146  1.0000202
p.fac1[63,3]     0.9999031  1.0003160
p.fac1[64,3]     1.0001865  1.0002566
p.fac1[65,3]     1.0009362  1.0033275
p.fac1[66,3]     1.0005385  1.0024611
p.fac1[67,3]     1.0007309  1.0031594
p.fac1[68,3]     1.0004627  1.0024620
p.fac1[69,3]     0.9997176  0.9998000
p.fac1[70,3]     1.0015826  1.0049839
p.fac1[71,3]     1.0012658  1.0046196
p.fac1[72,3]     0.9998365  1.0000426
p.fac1[73,3]     1.0002653  1.0018446
p.fac1[74,3]     1.0005331  1.0023409
p.fac1[75,3]     1.0001973  1.0010617
p.fac1[76,3]     1.0020853  1.0067207
p.fac1[77,3]     0.9998351  1.0001440
p.fac1[78,3]     1.0014405  1.0060011
p.fac1[79,3]     1.0006373  1.0010243
p.fac1[80,3]     1.0006082  1.0020557
p.fac1[81,3]     1.0003206  1.0012057
p.fac1[82,3]     1.0005901  1.0027904
p.fac1[83,3]     0.9998447  0.9998614
p.fac1[84,3]     0.9998295  1.0000829
p.fac1[85,3]     1.0001407  1.0011227
p.fac1[86,3]     1.0005517  1.0017372
p.fac1[87,3]     1.0006410  1.0015178
p.fac1[88,3]     0.9997732  1.0000505
p.fac1[89,3]     1.0009080  1.0030121
p.fac1[90,3]     1.0003711  1.0022542
p.fac1[91,3]     1.0000564  1.0010907
p.fac1[92,3]     1.0001167  1.0001967
p.fac1[93,3]     1.0003835  1.0014633
p.fac1[94,3]     1.0011971  1.0047693
p.fac1[95,3]     1.0006968  1.0033130
p.fac1[96,3]     0.9998119  1.0002014
p.fac1[97,3]     1.0012088  1.0018825
p.fac1[98,3]     1.0004667  1.0017633
p.fac1[99,3]     0.9999810  1.0002522
p.fac1[100,3]    1.0000914  1.0004193
p.fac1[101,3]    1.0000446  1.0007063
p.fac1[1,4]      1.0021461  1.0078915
p.fac1[2,4]      1.0019361  1.0042780
p.fac1[3,4]      0.9999307  1.0003857
p.fac1[4,4]      1.0009884  1.0033849
p.fac1[5,4]      1.0003125  1.0010711
p.fac1[6,4]      1.0005269  1.0023399
p.fac1[7,4]      1.0003034  1.0007836
p.fac1[8,4]      1.0005723  1.0014795
p.fac1[9,4]      1.0002824  1.0013231
p.fac1[10,4]     1.0004237  1.0016770
p.fac1[11,4]     0.9997971  1.0001384
p.fac1[12,4]     0.9998916  1.0001944
p.fac1[13,4]     1.0013322  1.0039455
p.fac1[14,4]     0.9997767  1.0000668
p.fac1[15,4]     1.0016326  1.0018503
p.fac1[16,4]     1.0020791  1.0072980
p.fac1[17,4]     1.0020857  1.0085057
p.fac1[18,4]     1.0002161  1.0010155
p.fac1[19,4]     1.0000631  1.0007891
p.fac1[20,4]     1.0007840  1.0031444
p.fac1[21,4]     1.0007418  1.0014715
p.fac1[22,4]     1.0006441  1.0020644
p.fac1[23,4]     1.0001433  1.0013661
p.fac1[24,4]     1.0000080  1.0004123
p.fac1[25,4]     1.0001283  1.0003574
p.fac1[26,4]     1.0000368  1.0004248
p.fac1[27,4]     1.0004222  1.0021549
p.fac1[28,4]     1.0004850  1.0012142
p.fac1[29,4]     1.0002178  1.0012151
p.fac1[30,4]     1.0036244  1.0037212
p.fac1[31,4]     1.0020679  1.0028977
p.fac1[32,4]     1.0043990  1.0065415
p.fac1[33,4]     1.0017547  1.0048655
p.fac1[34,4]     1.0004748  1.0013249
p.fac1[35,4]     1.0010124  1.0028774
p.fac1[36,4]     1.0105192  1.0109919
p.fac1[37,4]     1.0016710  1.0047984
p.fac1[38,4]     0.9999108  1.0005653
p.fac1[39,4]     1.0003752  1.0017910
p.fac1[40,4]     1.0006036  1.0030156
p.fac1[41,4]     1.0000364  1.0007896
p.fac1[42,4]     1.0004746  1.0012609
p.fac1[43,4]     1.0039267  1.0087054
p.fac1[44,4]     1.0007244  1.0033391
p.fac1[45,4]     1.0017978  1.0055517
p.fac1[46,4]     1.0016831  1.0033713
p.fac1[47,4]     1.0012410  1.0028861
p.fac1[48,4]     1.0131203  1.0139353
p.fac1[49,4]     1.0026601  1.0086728
p.fac1[50,4]     1.0010435  1.0040378
p.fac1[51,4]     0.9999854  1.0008349
p.fac1[52,4]     0.9998232  1.0001025
p.fac1[53,4]     1.0098208  1.0114468
p.fac1[54,4]     1.0002413  1.0010034
p.fac1[55,4]     1.0033053  1.0127817
p.fac1[56,4]     1.0006445  1.0014138
p.fac1[57,4]     1.0122702  1.0144898
p.fac1[58,4]     0.9998614  1.0003442
p.fac1[59,4]     0.9999445  1.0000420
p.fac1[60,4]     0.9999277  1.0005466
p.fac1[61,4]     1.0023935  1.0070036
p.fac1[62,4]     0.9999874  1.0000026
p.fac1[63,4]     1.0002429  1.0015197
p.fac1[64,4]     1.0023960  1.0050293
p.fac1[65,4]     0.9998932  1.0003103
p.fac1[66,4]     1.0001200  1.0007813
p.fac1[67,4]     1.0004579  1.0010269
p.fac1[68,4]     1.0012606  1.0052838
p.fac1[69,4]     0.9999526  1.0003720
p.fac1[70,4]     1.0003303  1.0015730
p.fac1[71,4]     1.0005251  1.0016622
p.fac1[72,4]     1.0008087  1.0013531
p.fac1[73,4]     1.0008429  1.0021938
p.fac1[74,4]     1.0014439  1.0026736
p.fac1[75,4]     1.0006750  1.0007338
p.fac1[76,4]     0.9997532  0.9998111
p.fac1[77,4]     1.0009709  1.0036987
p.fac1[78,4]     1.0009311  1.0031751
p.fac1[79,4]     0.9999039  0.9999812
p.fac1[80,4]     0.9998840  1.0004102
p.fac1[81,4]     1.0002042  1.0002416
p.fac1[82,4]     1.0008494  1.0020261
p.fac1[83,4]     1.0000165  1.0004592
p.fac1[84,4]     1.0003389  1.0005264
p.fac1[85,4]     1.0003338  1.0004629
p.fac1[86,4]     1.0012543  1.0031348
p.fac1[87,4]     1.0011662  1.0044147
p.fac1[88,4]     0.9999013  1.0001550
p.fac1[89,4]     1.0009852  1.0010644
p.fac1[90,4]     1.0008204  1.0033590
p.fac1[91,4]     1.0002180  1.0006900
p.fac1[92,4]     0.9998031  1.0000684
p.fac1[93,4]     1.0000607  1.0010879
p.fac1[94,4]     1.0027472  1.0072263
p.fac1[95,4]     1.0034541  1.0040268
p.fac1[96,4]     1.0001035  1.0006397
p.fac1[97,4]     1.0014451  1.0029864
p.fac1[98,4]     0.9999279  1.0004824
p.fac1[99,4]     1.0034839  1.0072494
p.fac1[100,4]    1.0007388  1.0015489
p.fac1[101,4]    1.0013019  1.0039664
p.global[1]      1.0014909  1.0047813
p.global[2]      1.0019039  1.0073567
p.global[3]      0.9999222  1.0004742
p.global[4]      1.0021461  1.0078915

################################################################################
# Geweke Diagnostic
################################################################################

The Geweke diagnostic is a standard z-score, so we'd expect 5% to be outside +/-1.96
Number of variables outside +/-1.96 in each chain (out of 
813
):


       Chain 1 Chain 2 Chain 3
Geweke      30      84     105


And here are the Geweke diagnostics for all variables:

                chain1 chain2 chain3
deviance        -0.517  0.647 -3.332
ilr.fac1[2,1]   -0.554 -0.808  0.062
ilr.fac1[3,1]   -0.263  1.198 -2.123
ilr.fac1[4,1]    0.182 -0.144 -0.088
ilr.fac1[5,1]   -0.221  1.000 -0.171
ilr.fac1[6,1]    0.128  1.392 -1.074
ilr.fac1[7,1]   -0.942 -0.416  1.358
ilr.fac1[8,1]   -1.473 -0.631  0.895
ilr.fac1[9,1]    1.846 -0.581 -0.380
ilr.fac1[10,1]   0.362 -0.182  0.387
ilr.fac1[11,1]  -0.449  1.243  0.532
ilr.fac1[12,1]  -0.133  0.954 -0.997
ilr.fac1[13,1]   1.973  0.637  0.437
ilr.fac1[14,1]  -1.184 -0.911  1.545
ilr.fac1[15,1]   1.754  2.289 -0.093
ilr.fac1[16,1]  -0.530 -0.291  2.240
ilr.fac1[17,1]  -0.218 -0.696 -0.516
ilr.fac1[18,1]   0.637  0.330 -0.263
ilr.fac1[19,1]  -0.840 -1.498 -0.353
ilr.fac1[20,1]  -1.164  1.025  0.167
ilr.fac1[21,1]   1.481  0.700 -0.643
ilr.fac1[22,1]  -1.124  0.622 -0.199
ilr.fac1[23,1]  -0.069 -1.904 -0.952
ilr.fac1[24,1]  -0.579 -0.659  0.006
ilr.fac1[25,1]   0.056 -0.395 -0.007
ilr.fac1[26,1]  -1.278 -1.044 -1.454
ilr.fac1[27,1]  -1.560 -0.775  0.856
ilr.fac1[28,1]   0.005  1.885 -0.218
ilr.fac1[29,1]  -1.046  2.664  1.175
ilr.fac1[30,1]  -0.040  0.129 -1.419
ilr.fac1[31,1]  -1.007 -0.966 -2.359
ilr.fac1[32,1]  -1.342  1.457 -1.438
ilr.fac1[33,1]   1.533  2.729  1.314
ilr.fac1[34,1]  -0.500  0.854 -1.976
ilr.fac1[35,1]   0.334 -0.149 -0.775
ilr.fac1[36,1]  -0.626  1.303  1.539
ilr.fac1[37,1]   0.779  0.870 -0.748
ilr.fac1[38,1]  -1.744 -0.108  0.973
ilr.fac1[39,1]   0.097 -0.026 -0.798
ilr.fac1[40,1]   0.777 -0.568 -1.229
ilr.fac1[41,1]   1.611  0.511 -1.568
ilr.fac1[42,1]  -0.025 -0.799  1.520
ilr.fac1[43,1]   1.381  2.836 -0.461
ilr.fac1[44,1]   0.644  1.218  0.598
ilr.fac1[45,1]   0.468  0.418  0.461
ilr.fac1[46,1]  -0.324 -1.131 -0.524
ilr.fac1[47,1]  -0.122 -1.074  0.607
ilr.fac1[48,1]   0.825  1.005 -1.577
ilr.fac1[49,1]   0.123  0.983  1.170
ilr.fac1[50,1]   0.997  1.729  0.260
ilr.fac1[51,1]   0.723  0.702  0.544
ilr.fac1[52,1]  -0.140  0.234 -0.260
ilr.fac1[53,1]  -0.161  0.510 -0.634
ilr.fac1[54,1]  -1.488  2.152 -0.664
ilr.fac1[55,1]   0.488  1.191 -0.303
ilr.fac1[56,1]   0.067  2.219  0.458
ilr.fac1[57,1]   1.397  0.779 -0.303
ilr.fac1[58,1]  -0.320  1.098  0.865
ilr.fac1[59,1]   0.878 -0.346  0.135
ilr.fac1[60,1]   0.089  0.038  0.001
ilr.fac1[61,1]   1.569  2.071 -1.096
ilr.fac1[62,1]  -1.440  0.227 -0.971
ilr.fac1[63,1]   0.300 -0.374  0.822
ilr.fac1[64,1]   1.089  1.523 -0.702
ilr.fac1[65,1]  -0.780 -0.628  1.450
ilr.fac1[66,1]  -1.061  1.353 -0.970
ilr.fac1[67,1]  -0.861 -0.538 -0.388
ilr.fac1[68,1]  -0.323 -1.548  1.730
ilr.fac1[69,1]  -0.002 -0.849  0.116
ilr.fac1[70,1]   1.454 -2.465 -0.309
ilr.fac1[71,1]  -0.341 -1.012 -1.563
ilr.fac1[72,1]  -0.934  0.739  0.439
ilr.fac1[73,1]  -0.283  0.546 -0.389
ilr.fac1[74,1]   0.377 -0.966 -0.939
ilr.fac1[75,1]  -0.354 -0.393 -0.033
ilr.fac1[76,1]   0.378  0.807  0.801
ilr.fac1[77,1]  -0.434 -0.145 -0.861
ilr.fac1[78,1]  -1.749 -1.251  0.917
ilr.fac1[79,1]  -0.003  1.079 -0.025
ilr.fac1[80,1]  -1.903 -1.908  1.196
ilr.fac1[81,1]   1.722 -1.341 -0.581
ilr.fac1[82,1]   1.269 -0.026 -0.289
ilr.fac1[83,1]  -1.037  0.411  0.419
ilr.fac1[84,1]  -0.084 -0.905 -1.085
ilr.fac1[85,1]  -0.622  0.875  0.953
ilr.fac1[86,1]  -0.103 -0.380 -0.446
ilr.fac1[87,1]  -1.909 -2.264  1.535
ilr.fac1[88,1]   0.753  0.165  1.086
ilr.fac1[89,1]   0.014 -0.316 -1.082
ilr.fac1[90,1]  -0.733 -0.679 -0.353
ilr.fac1[91,1]   0.513 -0.448 -1.021
ilr.fac1[92,1]  -0.645 -0.240 -0.405
ilr.fac1[93,1]  -1.658  0.143  1.668
ilr.fac1[94,1]   0.828 -0.151 -0.711
ilr.fac1[95,1]  -0.089  0.728 -1.646
ilr.fac1[96,1]   1.196  1.697  1.370
ilr.fac1[97,1]   1.704 -0.616  0.065
ilr.fac1[98,1]   1.101  1.236  0.379
ilr.fac1[99,1]  -1.055 -2.349 -0.994
ilr.fac1[100,1] -0.962 -1.923 -0.691
ilr.fac1[101,1] -0.228 -1.916  0.761
ilr.fac1[2,2]    0.280 -0.461  2.326
ilr.fac1[3,2]   -0.171  0.010  1.373
ilr.fac1[4,2]    0.005 -0.787 -0.382
ilr.fac1[5,2]   -0.159 -1.456  0.263
ilr.fac1[6,2]    0.454 -0.181  0.640
ilr.fac1[7,2]    0.153 -0.192  1.667
ilr.fac1[8,2]   -1.608 -0.380  1.372
ilr.fac1[9,2]    0.064 -0.948  1.643
ilr.fac1[10,2]  -0.910 -0.459  0.241
ilr.fac1[11,2]   0.398 -1.657  0.419
ilr.fac1[12,2]   0.631 -0.451 -1.114
ilr.fac1[13,2]   0.625 -1.070  0.311
ilr.fac1[14,2]  -0.588 -3.935  0.795
ilr.fac1[15,2]  -1.002  1.189  1.218
ilr.fac1[16,2]   1.510 -1.109  0.201
ilr.fac1[17,2]   0.233 -0.384  0.045
ilr.fac1[18,2]   0.935 -0.201  1.808
ilr.fac1[19,2]   0.378 -0.377  0.455
ilr.fac1[20,2]   0.234 -0.870 -0.128
ilr.fac1[21,2]   1.082 -0.294  0.423
ilr.fac1[22,2]   0.400  1.330 -0.910
ilr.fac1[23,2]  -0.184  0.295 -0.444
ilr.fac1[24,2]   0.135 -0.294  0.860
ilr.fac1[25,2]   0.347  0.070  0.751
ilr.fac1[26,2]   0.746 -0.294 -0.066
ilr.fac1[27,2]   0.101 -1.100  0.034
ilr.fac1[28,2]  -0.245 -0.024  0.081
ilr.fac1[29,2]   0.331 -0.893 -0.410
ilr.fac1[30,2]  -0.824  1.791 -0.311
ilr.fac1[31,2]  -0.387  0.352  1.498
ilr.fac1[32,2]  -1.083 -0.864  1.306
ilr.fac1[33,2]  -1.229 -1.616 -0.813
ilr.fac1[34,2]   1.561 -0.327 -2.807
ilr.fac1[35,2]  -0.566 -2.050  0.596
ilr.fac1[36,2]   1.873 -0.856 -1.369
ilr.fac1[37,2]   0.826 -0.685 -0.197
ilr.fac1[38,2]  -1.422  1.569 -1.163
ilr.fac1[39,2]  -1.875 -1.342  0.524
ilr.fac1[40,2]  -0.582  0.479 -1.831
ilr.fac1[41,2]  -1.628 -0.339  0.135
ilr.fac1[42,2]  -1.886 -0.117 -0.278
ilr.fac1[43,2]  -0.201 -1.182  0.716
ilr.fac1[44,2]   3.104  0.845 -0.174
ilr.fac1[45,2]  -0.490 -1.281 -0.547
ilr.fac1[46,2]  -0.706  0.810  0.052
ilr.fac1[47,2]  -0.677  2.766 -0.272
ilr.fac1[48,2]  -0.042  1.038  0.861
ilr.fac1[49,2]  -0.304 -0.334  0.017
ilr.fac1[50,2]  -0.902 -0.356 -0.941
ilr.fac1[51,2]   0.580  0.609 -2.027
ilr.fac1[52,2]   0.164  0.287 -0.300
ilr.fac1[53,2]   1.301  0.679 -1.578
ilr.fac1[54,2]  -0.608 -1.580  0.036
ilr.fac1[55,2]  -0.019 -0.809  1.036
ilr.fac1[56,2]  -1.622 -0.397  0.378
ilr.fac1[57,2]  -0.101 -1.166 -0.347
ilr.fac1[58,2]  -1.073  0.463  1.158
ilr.fac1[59,2]  -0.347 -0.977 -0.923
ilr.fac1[60,2]  -2.986  1.296 -0.749
ilr.fac1[61,2]  -0.514 -0.771  0.691
ilr.fac1[62,2]   0.306 -2.214  0.237
ilr.fac1[63,2]  -1.108  0.842  0.469
ilr.fac1[64,2]  -0.799 -0.292 -0.132
ilr.fac1[65,2]   1.681 -0.091  0.056
ilr.fac1[66,2]   0.004 -1.769  1.278
ilr.fac1[67,2]  -0.261  1.050 -0.297
ilr.fac1[68,2]   0.656  1.347 -2.754
ilr.fac1[69,2]   1.444  0.171  0.213
ilr.fac1[70,2]  -1.443  0.547  1.382
ilr.fac1[71,2]   2.176 -1.265  0.287
ilr.fac1[72,2]  -0.440  0.659  0.630
ilr.fac1[73,2]  -1.245 -2.337 -0.666
ilr.fac1[74,2]   1.457 -1.890  0.467
ilr.fac1[75,2]  -2.241 -0.792 -1.550
ilr.fac1[76,2]  -1.814  0.861 -2.003
ilr.fac1[77,2]   0.544  1.658 -0.643
ilr.fac1[78,2]  -1.165 -0.638  1.654
ilr.fac1[79,2]   0.192 -1.701  0.021
ilr.fac1[80,2]  -1.586  1.975  1.553
ilr.fac1[81,2]  -1.076 -0.835 -1.172
ilr.fac1[82,2]   0.600 -0.090  1.176
ilr.fac1[83,2]  -0.643 -0.757 -1.376
ilr.fac1[84,2]  -1.739 -0.973 -0.439
ilr.fac1[85,2]   0.042 -0.431  0.867
ilr.fac1[86,2]   0.779 -0.968  1.006
ilr.fac1[87,2]   0.545  0.239 -0.416
ilr.fac1[88,2]  -0.050  0.081  0.251
ilr.fac1[89,2]   0.648  1.539  0.158
ilr.fac1[90,2]   0.991 -0.776  0.756
ilr.fac1[91,2]   1.111  1.504 -1.687
ilr.fac1[92,2]   0.296 -1.212  0.786
ilr.fac1[93,2]   1.277 -0.678  1.125
ilr.fac1[94,2]  -1.419  0.747  0.914
ilr.fac1[95,2]   1.031  0.167  1.728
ilr.fac1[96,2]   0.678 -0.385  0.979
ilr.fac1[97,2]  -1.214 -0.018 -0.612
ilr.fac1[98,2]   0.534 -0.552 -0.443
ilr.fac1[99,2]  -0.178 -0.106  1.806
ilr.fac1[100,2]  1.243 -0.002  0.717
ilr.fac1[101,2]  0.167 -0.610 -0.001
ilr.fac1[2,3]   -0.051  0.736 -1.800
ilr.fac1[3,3]   -0.722  0.134  0.107
ilr.fac1[4,3]   -0.185  0.499  0.450
ilr.fac1[5,3]    0.353 -0.851 -1.204
ilr.fac1[6,3]   -0.609 -1.678  0.866
ilr.fac1[7,3]    0.711  0.132 -0.969
ilr.fac1[8,3]    0.343  1.151 -1.042
ilr.fac1[9,3]   -2.453 -1.152 -0.491
ilr.fac1[10,3]   2.020  1.177  0.687
ilr.fac1[11,3]   0.074 -1.063  1.124
ilr.fac1[12,3]  -0.371 -1.856  1.249
ilr.fac1[13,3]  -2.908  0.898 -1.754
ilr.fac1[14,3]  -0.462  0.678 -0.334
ilr.fac1[15,3]  -2.651 -1.583 -0.849
ilr.fac1[16,3]  -1.583 -0.785 -0.982
ilr.fac1[17,3]  -1.496  1.261  0.048
ilr.fac1[18,3]  -0.907 -1.642  0.241
ilr.fac1[19,3]   0.639 -0.869 -0.651
ilr.fac1[20,3]   0.264 -1.907  0.341
ilr.fac1[21,3]  -0.708 -1.098  0.323
ilr.fac1[22,3]   0.007 -0.319 -0.222
ilr.fac1[23,3]  -1.162 -0.311  1.743
ilr.fac1[24,3]  -0.450 -0.209  1.161
ilr.fac1[25,3]  -0.584  0.246  1.885
ilr.fac1[26,3]  -0.751  0.859  2.099
ilr.fac1[27,3]   1.290 -0.111  0.023
ilr.fac1[28,3]  -1.431 -2.693  0.297
ilr.fac1[29,3]  -0.577 -3.926 -1.462
ilr.fac1[30,3]  -1.356 -1.752  0.258
ilr.fac1[31,3]   0.603  0.300 -0.002
ilr.fac1[32,3]   1.113 -0.490 -0.197
ilr.fac1[33,3]  -1.122 -0.206 -0.228
ilr.fac1[34,3]   0.312 -1.540  0.064
ilr.fac1[35,3]   1.791  2.042 -0.354
ilr.fac1[36,3]  -0.843 -0.622  0.056
ilr.fac1[37,3]   0.377 -0.455 -0.202
ilr.fac1[38,3]   0.457 -1.890 -1.867
ilr.fac1[39,3]  -0.131  0.277 -0.684
ilr.fac1[40,3]   0.373  1.224 -1.381
ilr.fac1[41,3]   0.740 -1.176 -0.102
ilr.fac1[42,3]   0.393  1.131  0.180
ilr.fac1[43,3]  -0.683  1.211 -0.610
ilr.fac1[44,3]  -2.906  0.756 -2.103
ilr.fac1[45,3]   0.245 -1.616 -2.347
ilr.fac1[46,3]   0.317  0.393 -1.483
ilr.fac1[47,3]  -1.471 -0.219 -0.165
ilr.fac1[48,3]  -1.827 -1.272  0.663
ilr.fac1[49,3]   0.472 -0.412 -1.565
ilr.fac1[50,3]  -1.023  0.263 -3.042
ilr.fac1[51,3]  -0.379 -0.139 -1.771
ilr.fac1[52,3]   1.923 -1.417  1.667
ilr.fac1[53,3]  -0.904  0.108  0.577
ilr.fac1[54,3]  -0.892 -1.052 -0.532
ilr.fac1[55,3]  -1.714  1.569 -3.375
ilr.fac1[56,3]   0.206 -1.887 -1.763
ilr.fac1[57,3]  -0.697  0.059  0.208
ilr.fac1[58,3]  -0.977 -0.333 -0.309
ilr.fac1[59,3]  -0.817 -1.262  1.088
ilr.fac1[60,3]  -1.117 -1.184 -1.279
ilr.fac1[61,3]  -0.002  1.139 -0.509
ilr.fac1[62,3]  -0.846  0.156 -0.410
ilr.fac1[63,3]   0.184 -0.134 -2.476
ilr.fac1[64,3]   0.355 -1.215  1.242
ilr.fac1[65,3]   0.430 -0.774 -0.792
ilr.fac1[66,3]   0.798 -0.498  1.114
ilr.fac1[67,3]  -0.283 -0.901 -1.132
ilr.fac1[68,3]  -0.715  0.814 -1.645
ilr.fac1[69,3]   1.088 -0.583 -0.462
ilr.fac1[70,3]  -1.960 -0.227  2.250
ilr.fac1[71,3]  -0.664 -0.379  0.972
ilr.fac1[72,3]   0.492 -1.448 -0.733
ilr.fac1[73,3]  -0.300 -0.817  0.778
ilr.fac1[74,3]  -0.740 -0.622  2.017
ilr.fac1[75,3]   0.237 -0.128  0.240
ilr.fac1[76,3]  -1.074 -1.374 -1.586
ilr.fac1[77,3]  -1.447  0.854 -0.889
ilr.fac1[78,3]   1.218  1.112  0.761
ilr.fac1[79,3]  -1.639 -2.027  2.125
ilr.fac1[80,3]  -0.632 -0.336  1.014
ilr.fac1[81,3]  -0.474 -0.012  0.702
ilr.fac1[82,3]  -1.036  0.218 -0.351
ilr.fac1[83,3]  -0.873 -0.698  0.956
ilr.fac1[84,3]  -1.435 -1.057  1.189
ilr.fac1[85,3]   0.323  0.099 -0.681
ilr.fac1[86,3]  -0.631 -0.261 -0.742
ilr.fac1[87,3]  -0.132  1.736 -0.955
ilr.fac1[88,3]  -1.292 -2.382 -0.711
ilr.fac1[89,3]  -0.499 -0.985  0.161
ilr.fac1[90,3]  -0.538  0.334 -0.780
ilr.fac1[91,3]  -0.566 -0.683  1.643
ilr.fac1[92,3]   0.436 -0.479  1.663
ilr.fac1[93,3]   0.741 -0.863 -0.872
ilr.fac1[94,3]  -1.654  0.676  0.705
ilr.fac1[95,3]  -0.405 -0.787  1.157
ilr.fac1[96,3]  -1.139 -1.267 -0.704
ilr.fac1[97,3]   0.439 -1.628  0.757
ilr.fac1[98,3]  -1.270 -1.300 -0.367
ilr.fac1[99,3]  -0.125  0.855  0.940
ilr.fac1[100,3] -0.069  0.862  0.474
ilr.fac1[101,3] -0.185  0.942 -0.385
loglik[1]       -1.579 -2.009  1.516
loglik[2]        0.084  0.732 -1.323
loglik[3]       -0.547  0.284 -0.079
loglik[4]       -0.043  0.421  1.464
loglik[5]        0.362  0.121 -1.652
loglik[6]        1.045 -1.163  2.494
loglik[7]        1.240  0.565  1.502
loglik[8]        2.336 -0.989 -1.086
loglik[9]       -0.320 -0.890  0.319
loglik[10]       0.988 -0.711  2.049
loglik[11]      -2.084 -0.959  2.343
loglik[12]       0.366 -2.071  2.461
loglik[13]      -1.086 -0.809 -0.017
loglik[14]       0.814  2.572  0.558
loglik[15]       0.770 -0.764  1.629
loglik[16]       0.299 -0.057 -0.450
loglik[17]       0.098 -0.829  1.508
loglik[18]      -1.405 -2.268  1.953
loglik[19]       0.924 -0.397  1.561
loglik[20]       3.404 -0.990  1.684
loglik[21]      -0.824  0.021  0.636
loglik[22]       0.516  0.251  0.596
loglik[23]       0.115  0.745  1.347
loglik[24]      -0.881  0.881  2.383
loglik[25]      -0.044  0.118  1.211
loglik[26]       0.924  0.525  2.249
loglik[27]       2.693  1.424  0.252
loglik[28]       0.104 -0.647  0.468
loglik[29]       1.349 -2.932 -0.807
loglik[30]      -0.503  0.300  0.559
loglik[31]       0.344 -0.844 -1.155
loglik[32]       1.222 -0.058 -0.593
loglik[33]       0.082  0.332  1.241
loglik[34]      -0.054 -1.251  2.694
loglik[35]       1.013  1.681  0.673
loglik[36]       0.887 -0.832  2.413
loglik[37]      -0.645 -0.376  2.061
loglik[38]       0.462 -0.896  2.797
loglik[39]       0.908 -0.010  0.654
loglik[40]      -0.330 -0.717  2.556
loglik[41]       1.546  0.586  0.292
loglik[42]       1.187  2.060  0.943
loglik[43]      -1.437  1.321 -0.495
loglik[44]       0.241 -1.177  2.639
loglik[45]      -0.151 -0.576  1.077
loglik[46]      -0.375 -0.223  0.270
loglik[47]      -1.122  2.169  1.228
loglik[48]      -0.916  0.806  1.562
loglik[49]      -0.325 -0.763  2.300
loglik[50]       0.311 -0.749  2.500
loglik[51]      -0.486 -1.184  2.998
loglik[52]       2.479 -0.369  1.783
loglik[53]       0.689  1.410 -0.124
loglik[54]       0.358 -1.131  2.977
loglik[55]       0.633 -1.797  2.822
loglik[56]       0.716 -0.195 -0.200
loglik[57]       1.749 -0.036 -0.040
loglik[58]      -0.578  0.386  0.777
loglik[59]      -0.484 -0.529 -0.265
loglik[60]       0.928 -2.472  2.337
loglik[61]       0.500  0.163  0.944
loglik[62]       0.066  0.293  0.497
loglik[63]       0.729 -0.880  1.577
loglik[64]       1.371  0.347  0.978
loglik[65]       1.629 -0.468  0.073
loglik[66]       1.887  0.309  1.344
loglik[67]       0.140 -1.090  1.550
loglik[68]       0.206 -1.226  2.770
loglik[69]      -1.146 -1.247  1.925
loglik[70]      -0.824  1.236  0.562
loglik[71]       0.079 -0.160  2.184
loglik[72]       2.106 -0.628  0.049
loglik[73]       0.088 -1.768  0.699
loglik[74]       0.301 -0.292  2.518
loglik[75]      -0.835  0.919 -0.220
loglik[76]       0.179 -1.063  2.549
loglik[77]      -0.002 -1.996  3.001
loglik[78]       1.358  0.260  1.596
loglik[79]      -0.969 -0.208  2.341
loglik[80]      -1.130  1.805  0.928
loglik[81]      -0.770  0.563 -0.011
loglik[82]       0.745  0.655  0.417
loglik[83]       0.202 -1.335  2.305
loglik[84]       0.432  0.699  2.565
loglik[85]       0.304  0.822 -0.210
loglik[86]       1.759  0.383  0.629
loglik[87]      -0.335  0.992  0.289
loglik[88]      -0.396 -1.561 -0.443
loglik[89]      -1.573  0.770  0.409
loglik[90]       1.517  0.359  0.806
loglik[91]       0.116  1.027  3.679
loglik[92]       0.991 -0.596  0.020
loglik[93]       1.432 -0.290  0.250
loglik[94]       0.049 -1.874  2.249
loglik[95]       1.371 -0.419  1.777
loglik[96]      -0.786 -0.614  0.329
loglik[97]       1.520 -0.656  1.250
loglik[98]       0.451 -1.053  0.514
loglik[99]       1.653  0.877  2.453
loglik[100]      0.996  1.076  1.124
loglik[101]     -1.214  2.047  0.948
p.fac1[1,1]      0.409 -1.313  2.381
p.fac1[2,1]      0.105 -1.169  2.770
p.fac1[3,1]     -0.378 -0.127  0.685
p.fac1[4,1]      0.526 -1.324  0.040
p.fac1[5,1]     -0.315 -0.741  1.270
p.fac1[6,1]      0.581  0.309  0.130
p.fac1[7,1]     -1.170 -1.972  3.249
p.fac1[8,1]     -1.779 -1.124  2.151
p.fac1[9,1]      1.499 -1.499  1.305
p.fac1[10,1]    -0.488 -0.794  0.917
p.fac1[11,1]     0.069 -0.453  1.375
p.fac1[12,1]     0.658 -0.039 -0.651
p.fac1[13,1]     1.408 -1.035  1.144
p.fac1[14,1]    -0.937 -3.339  2.068
p.fac1[15,1]     0.687  1.342  1.596
p.fac1[16,1]    -0.119 -1.319  2.373
p.fac1[17,1]     0.118 -0.677  0.631
p.fac1[18,1]     0.967 -0.722  1.544
p.fac1[19,1]     0.019 -1.290  0.318
p.fac1[20,1]    -0.287 -0.909  1.303
p.fac1[21,1]     1.571 -0.088  0.378
p.fac1[22,1]    -0.163  0.585  1.163
p.fac1[23,1]    -0.205 -2.322 -0.025
p.fac1[24,1]    -0.323 -1.575  1.003
p.fac1[25,1]    -0.181 -1.182  0.982
p.fac1[26,1]    -1.297 -1.655 -0.571
p.fac1[27,1]    -0.973 -1.308  1.521
p.fac1[28,1]    -0.719  1.195  1.005
p.fac1[29,1]    -0.875  0.838  1.651
p.fac1[30,1]    -0.599  0.554  0.630
p.fac1[31,1]    -1.143 -1.048  1.003
p.fac1[32,1]    -1.273 -0.804  1.060
p.fac1[33,1]     0.038 -0.231 -0.187
p.fac1[34,1]     0.478 -0.328 -2.599
p.fac1[35,1]    -0.366 -1.974  1.036
p.fac1[36,1]     1.444 -0.572  1.163
p.fac1[37,1]     1.200 -0.647 -0.263
p.fac1[38,1]    -2.254  0.097 -0.043
p.fac1[39,1]    -1.080 -1.307  0.928
p.fac1[40,1]     0.051 -0.582 -1.676
p.fac1[41,1]     0.203 -0.312 -0.091
p.fac1[42,1]    -0.724 -1.827  2.662
p.fac1[43,1]     1.065  0.099  1.297
p.fac1[44,1]     0.472  1.768 -0.194
p.fac1[45,1]    -0.111 -0.840  0.206
p.fac1[46,1]    -0.637 -1.172  1.342
p.fac1[47,1]    -0.351 -0.457  1.998
p.fac1[48,1]    -0.017  0.240  1.394
p.fac1[49,1]    -0.044 -0.034  1.363
p.fac1[50,1]     0.171  1.689 -1.779
p.fac1[51,1]     1.570  0.999 -0.653
p.fac1[52,1]    -0.115 -0.477  1.240
p.fac1[53,1]     0.857  1.461  0.463
p.fac1[54,1]    -2.240  0.658 -0.100
p.fac1[55,1]    -0.512  1.387 -1.513
p.fac1[56,1]    -0.689  0.719  0.891
p.fac1[57,1]     0.911 -0.480  0.924
p.fac1[58,1]    -0.392  0.682  2.883
p.fac1[59,1]     0.317 -1.826  0.638
p.fac1[60,1]    -1.278  0.207 -0.032
p.fac1[61,1]     0.745  0.258  1.045
p.fac1[62,1]    -0.232 -2.086  0.424
p.fac1[63,1]    -0.308 -0.286  1.267
p.fac1[64,1]     0.415  0.566  0.442
p.fac1[65,1]    -0.174 -1.859  2.554
p.fac1[66,1]    -0.782 -0.505  1.040
p.fac1[67,1]    -0.685 -0.282  0.210
p.fac1[68,1]    -0.096 -0.514  0.205
p.fac1[69,1]     1.494 -0.466  0.679
p.fac1[70,1]     1.410 -2.895  1.040
p.fac1[71,1]     0.976 -1.855  0.008
p.fac1[72,1]    -1.280  0.257  1.375
p.fac1[73,1]    -0.359 -1.045  0.883
p.fac1[74,1]     1.261 -2.012  0.787
p.fac1[75,1]    -0.721 -1.364  0.773
p.fac1[76,1]    -0.771  0.465  0.022
p.fac1[77,1]    -0.537  1.638 -0.780
p.fac1[78,1]    -1.491 -1.326  2.185
p.fac1[79,1]    -0.141 -0.658  1.622
p.fac1[80,1]    -1.401 -2.105  3.089
p.fac1[81,1]     0.932 -1.892 -0.146
p.fac1[82,1]     1.617 -1.171  1.615
p.fac1[83,1]    -0.898 -0.572  1.013
p.fac1[84,1]    -0.642 -2.156 -0.175
p.fac1[85,1]    -0.448 -0.361  1.778
p.fac1[86,1]    -0.146 -0.983  0.930
p.fac1[87,1]    -1.134 -2.798  2.074
p.fac1[88,1]     0.469 -0.946  2.075
p.fac1[89,1]     0.289 -0.779  0.577
p.fac1[90,1]     0.567 -0.878  0.828
p.fac1[91,1]     1.241 -0.490 -0.571
p.fac1[92,1]    -0.243 -1.201  0.977
p.fac1[93,1]    -1.410 -0.750  2.694
p.fac1[94,1]    -0.272 -0.115  0.961
p.fac1[95,1]     0.460 -0.125  1.094
p.fac1[96,1]     1.157  0.617  2.255
p.fac1[97,1]     1.300 -1.127  0.683
p.fac1[98,1]     1.051  0.072  0.974
p.fac1[99,1]    -1.524 -2.796  0.437
p.fac1[100,1]   -0.431 -2.793  0.622
p.fac1[101,1]    0.148 -2.511  1.320
p.fac1[1,2]      0.602  3.298 -2.173
p.fac1[2,2]      1.093  1.056  0.144
p.fac1[3,2]      0.692  0.494  1.427
p.fac1[4,2]      0.443  0.867 -1.031
p.fac1[5,2]      0.259 -0.437 -0.291
p.fac1[6,2]      0.167 -0.143  1.035
p.fac1[7,2]      1.384  1.571 -1.172
p.fac1[8,2]      0.624  1.602 -1.046
p.fac1[9,2]     -1.941  1.262  0.319
p.fac1[10,2]     0.536  1.436 -0.714
p.fac1[11,2]     0.801 -0.870 -0.677
p.fac1[12,2]     0.664 -0.282 -0.248
p.fac1[13,2]     0.026  1.084 -0.993
p.fac1[14,2]     0.513 -0.226 -0.940
p.fac1[15,2]    -2.031 -0.195 -0.068
p.fac1[16,2]     1.072  0.716 -2.633
p.fac1[17,2]     0.298  1.614  0.151
p.fac1[18,2]    -0.241  0.604 -0.247
p.fac1[19,2]     0.889  2.239  0.673
p.fac1[20,2]     0.138 -0.043 -0.509
p.fac1[21,2]    -0.467  1.279  0.251
p.fac1[22,2]     0.507  1.056 -1.024
p.fac1[23,2]     0.257  2.700  0.247
p.fac1[24,2]     0.591  1.533 -0.179
p.fac1[25,2]     0.181  0.665 -0.114
p.fac1[26,2]     1.523  1.980  0.691
p.fac1[27,2]     1.282  1.340 -1.024
p.fac1[28,2]     0.277 -0.475 -0.373
p.fac1[29,2]     1.261 -1.647 -2.049
p.fac1[30,2]    -0.134  1.097 -0.566
p.fac1[31,2]     0.978  1.825  1.868
p.fac1[32,2]     0.297 -0.017  0.927
p.fac1[33,2]    -1.877 -2.627 -1.603
p.fac1[34,2]     1.397  0.317 -1.117
p.fac1[35,2]    -0.088  0.865  0.045
p.fac1[36,2]     0.952  0.215 -1.900
p.fac1[37,2]    -0.920 -0.895 -0.073
p.fac1[38,2]     1.608  1.794 -1.245
p.fac1[39,2]    -1.721  0.055  0.084
p.fac1[40,2]     0.218  2.065 -1.057
p.fac1[41,2]    -1.174  0.174  0.169
p.fac1[42,2]     0.435  1.934 -1.930
p.fac1[43,2]    -0.855 -1.188  0.115
p.fac1[44,2]    -0.380  1.226 -1.826
p.fac1[45,2]     0.040  0.187 -0.925
p.fac1[46,2]     0.664  2.203 -0.791
p.fac1[47,2]     0.078  2.050 -2.090
p.fac1[48,2]    -0.898  0.779 -0.754
p.fac1[49,2]     0.387  0.763 -2.718
p.fac1[50,2]    -1.044  0.460 -3.084
p.fac1[51,2]    -0.045  0.549 -2.366
p.fac1[52,2]     0.902  0.954 -0.513
p.fac1[53,2]     0.701  0.720 -0.486
p.fac1[54,2]     0.791 -1.011 -1.835
p.fac1[55,2]    -0.601  1.358 -2.510
p.fac1[56,2]    -0.893 -1.003 -0.484
p.fac1[57,2]    -2.906  1.193 -0.817
p.fac1[58,2]    -0.478 -0.193 -2.054
p.fac1[59,2]    -1.122  0.845 -1.389
p.fac1[60,2]    -1.781  2.493 -1.397
p.fac1[61,2]    -1.351 -0.350 -0.009
p.fac1[62,2]     1.584  0.383  0.157
p.fac1[63,2]    -0.633  1.739 -1.482
p.fac1[64,2]    -1.071 -0.422 -0.156
p.fac1[65,2]     1.210  0.868 -2.229
p.fac1[66,2]     1.461 -0.239  0.386
p.fac1[67,2]     1.369  2.125 -1.402
p.fac1[68,2]     0.513  3.110 -3.313
p.fac1[69,2]     0.520  1.737 -0.851
p.fac1[70,2]    -1.465  2.399  0.473
p.fac1[71,2]     1.509  1.497  0.173
p.fac1[72,2]     1.114  0.765 -1.434
p.fac1[73,2]     0.105 -0.304 -0.723
p.fac1[74,2]     0.758  1.017  0.594
p.fac1[75,2]    -0.382  1.591 -1.225
p.fac1[76,2]    -0.676  0.692 -2.822
p.fac1[77,2]     0.781  1.910 -1.455
p.fac1[78,2]     1.569  2.218 -0.824
p.fac1[79,2]    -0.329 -0.071 -0.767
p.fac1[80,2]     0.989  2.630 -1.348
p.fac1[81,2]    -1.101  1.608 -0.302
p.fac1[82,2]    -0.592  1.331 -0.274
p.fac1[83,2]     0.496  0.340 -1.077
p.fac1[84,2]    -0.733  1.182  0.218
p.fac1[85,2]     0.828  0.806 -1.097
p.fac1[86,2]     0.919  0.806 -0.355
p.fac1[87,2]     1.055  3.250 -1.803
p.fac1[88,2]    -0.522  0.817 -1.250
p.fac1[89,2]     0.725  2.310  0.409
p.fac1[90,2]     0.364  1.324 -0.251
p.fac1[91,2]    -0.174  1.525  0.383
p.fac1[92,2]     0.593  0.854 -0.351
p.fac1[93,2]     2.169  0.534 -1.835
p.fac1[94,2]    -1.605  1.851  0.373
p.fac1[95,2]     0.847  0.547  0.404
p.fac1[96,2]    -0.528 -0.518 -1.927
p.fac1[97,2]    -0.898  1.019 -0.713
p.fac1[98,2]    -0.205 -0.405 -0.940
p.fac1[99,2]     1.150  3.026  0.527
p.fac1[100,2]    1.153  2.696 -0.047
p.fac1[101,2]   -0.012  2.474 -0.914
p.fac1[1,3]     -0.551 -0.324 -1.603
p.fac1[2,3]     -0.273  0.724 -2.882
p.fac1[3,3]     -0.028  0.011 -1.528
p.fac1[4,3]     -0.344  1.019  0.225
p.fac1[5,3]      0.322  0.663 -1.233
p.fac1[6,3]     -0.679 -0.461 -0.974
p.fac1[7,3]     -0.149  0.455 -3.218
p.fac1[8,3]      1.851  0.115 -1.543
p.fac1[9,3]     -0.776  0.551 -2.210
p.fac1[10,3]     0.747  0.534 -0.627
p.fac1[11,3]    -0.862  1.023 -0.874
p.fac1[12,3]    -1.173  0.077  1.022
p.fac1[13,3]    -1.354  0.772 -1.026
p.fac1[14,3]     0.700  3.382 -1.674
p.fac1[15,3]     0.048 -1.239 -1.698
p.fac1[16,3]    -2.491  0.881  0.056
p.fac1[17,3]    -0.381  0.491 -1.006
p.fac1[18,3]    -0.919  0.121 -2.138
p.fac1[19,3]    -0.262  0.241 -0.948
p.fac1[20,3]     0.300  0.619 -1.017
p.fac1[21,3]    -1.124 -0.471 -0.573
p.fac1[22,3]    -0.158 -2.016  0.103
p.fac1[23,3]    -0.727 -0.983  0.191
p.fac1[24,3]    -0.614 -0.496 -1.404
p.fac1[25,3]    -0.540 -0.007 -1.023
p.fac1[26,3]    -1.561 -0.360 -0.314
p.fac1[27,3]    -0.241 -0.322 -0.552
p.fac1[28,3]     0.044 -1.641 -0.595
p.fac1[29,3]    -0.285  0.320  0.372
p.fac1[30,3]     0.647 -2.586 -0.137
p.fac1[31,3]     0.778  0.366 -1.942
p.fac1[32,3]     1.230  0.702 -1.547
p.fac1[33,3]     0.474  0.741  0.435
p.fac1[34,3]    -1.619  0.009  1.951
p.fac1[35,3]     0.479  1.716 -0.955
p.fac1[36,3]    -2.367  0.384  0.360
p.fac1[37,3]    -0.738  0.655  0.196
p.fac1[38,3]     0.869 -1.287  0.354
p.fac1[39,3]     1.345  0.913 -0.910
p.fac1[40,3]     0.265 -0.172  1.024
p.fac1[41,3]     0.575  0.045  0.007
p.fac1[42,3]     0.783 -0.494 -0.659
p.fac1[43,3]    -0.640  0.672 -1.284
p.fac1[44,3]    -2.967  0.316 -1.759
p.fac1[45,3]     0.284  0.760 -0.260
p.fac1[46,3]     0.306  0.271 -1.077
p.fac1[47,3]     0.013 -2.953 -0.470
p.fac1[48,3]     0.227 -1.184 -0.696
p.fac1[49,3]     0.284  0.057 -0.802
p.fac1[50,3]    -0.678  0.181 -2.586
p.fac1[51,3]    -0.927 -0.677  0.920
p.fac1[52,3]     0.364 -0.409 -0.340
p.fac1[53,3]    -1.737 -2.264 -0.129
p.fac1[54,3]     0.657  1.770 -0.397
p.fac1[55,3]    -1.167  1.584 -2.699
p.fac1[56,3]     1.275 -0.217 -1.284
p.fac1[57,3]     0.326  0.207 -0.458
p.fac1[58,3]     1.084 -0.514 -1.708
p.fac1[59,3]     0.579  1.066  0.718
p.fac1[60,3]     2.335 -2.127  0.101
p.fac1[61,3]    -0.046  0.155 -1.182
p.fac1[62,3]    -0.333  1.738 -0.699
p.fac1[63,3]     1.143 -0.376 -1.404
p.fac1[64,3]     0.551 -0.715 -0.147
p.fac1[65,3]    -1.577  0.428 -0.876
p.fac1[66,3]    -0.749  0.802 -1.556
p.fac1[67,3]    -0.423 -1.519 -0.096
p.fac1[68,3]    -0.581 -1.495  1.732
p.fac1[69,3]    -1.160 -0.171 -0.741
p.fac1[70,3]     0.094 -0.344 -1.836
p.fac1[71,3]    -2.299  1.142 -0.217
p.fac1[72,3]     0.454 -1.204 -0.569
p.fac1[73,3]     0.586  2.121  0.080
p.fac1[74,3]    -1.903  1.419 -1.123
p.fac1[75,3]     2.400 -0.720  1.455
p.fac1[76,3]     1.176 -1.157  0.728
p.fac1[77,3]    -0.890 -0.631 -0.867
p.fac1[78,3]     0.649 -0.131 -1.649
p.fac1[79,3]     0.227  0.677 -0.932
p.fac1[80,3]     1.473 -1.424 -2.279
p.fac1[81,3]     0.951  0.912  0.822
p.fac1[82,3]    -1.686 -0.068 -1.933
p.fac1[83,3]     0.074  0.777  0.385
p.fac1[84,3]     1.394  0.806 -0.124
p.fac1[85,3]    -0.690 -0.281 -1.608
p.fac1[86,3]    -1.224  0.896 -0.989
p.fac1[87,3]    -0.428 -0.611 -0.542
p.fac1[88,3]    -0.104 -0.092 -1.153
p.fac1[89,3]    -1.028 -1.609 -1.361
p.fac1[90,3]    -0.763  0.328 -0.842
p.fac1[91,3]    -1.306 -1.547  0.692
p.fac1[92,3]    -0.369  0.348 -0.099
p.fac1[93,3]    -1.259  0.267 -2.306
p.fac1[94,3]     1.441 -1.001 -1.521
p.fac1[95,3]    -1.736 -1.056 -1.777
p.fac1[96,3]    -1.375 -0.413 -0.900
p.fac1[97,3]    -0.252  0.152 -0.039
p.fac1[98,3]    -1.844  0.349 -0.448
p.fac1[99,3]     0.379 -0.881 -1.853
p.fac1[100,3]   -1.261 -0.062 -1.362
p.fac1[101,3]    0.098 -0.444 -0.955
p.fac1[1,4]     -1.586 -2.606  1.524
p.fac1[2,4]     -0.941 -0.764  2.588
p.fac1[3,4]      0.033 -0.679  0.808
p.fac1[4,4]     -0.856 -0.933 -0.173
p.fac1[5,4]     -0.866  0.456  1.240
p.fac1[6,4]     -0.444  0.814  0.229
p.fac1[7,4]     -1.036 -0.635  0.107
p.fac1[8,4]     -1.050 -1.202  0.349
p.fac1[9,4]      2.522  0.905  1.434
p.fac1[10,4]    -2.605 -2.225  0.610
p.fac1[11,4]    -0.105  0.384 -0.369
p.fac1[12,4]    -0.751  0.533 -0.760
p.fac1[13,4]     1.378 -1.487  1.856
p.fac1[14,4]    -0.457 -2.464  1.281
p.fac1[15,4]     0.842  0.635  1.750
p.fac1[16,4]     0.378  0.526  1.364
p.fac1[17,4]     0.766 -2.113  1.580
p.fac1[18,4]    -0.029  0.061  0.562
p.fac1[19,4]    -0.324 -0.409  2.018
p.fac1[20,4]    -0.615  1.357  0.204
p.fac1[21,4]    -0.363  0.228  0.984
p.fac1[22,4]    -0.492 -0.451 -0.275
p.fac1[23,4]     1.002 -0.546 -1.353
p.fac1[24,4]    -0.398 -0.652 -0.960
p.fac1[25,4]     0.440  0.549 -1.349
p.fac1[26,4]     0.453 -1.248 -0.679
p.fac1[27,4]    -1.224 -0.103  0.074
p.fac1[28,4]     1.110  1.364 -0.815
p.fac1[29,4]    -0.078  2.853  1.350
p.fac1[30,4]     0.943  0.157 -0.174
p.fac1[31,4]    -1.142 -1.242  0.786
p.fac1[32,4]    -1.239 -0.067  0.388
p.fac1[33,4]    -0.390 -0.613  0.238
p.fac1[34,4]    -0.380 -0.033  2.168
p.fac1[35,4]    -1.273 -2.492  0.707
p.fac1[36,4]     0.382  0.429 -1.315
p.fac1[37,4]    -0.465  0.107  0.133
p.fac1[38,4]    -0.599 -0.694  1.996
p.fac1[39,4]    -1.181  0.271  1.067
p.fac1[40,4]    -1.146 -1.376  2.258
p.fac1[41,4]    -1.316  0.646 -0.125
p.fac1[42,4]    -0.968 -0.488 -0.246
p.fac1[43,4]     0.269 -1.270  0.859
p.fac1[44,4]     1.575 -2.266  2.483
p.fac1[45,4]    -0.786 -0.700  1.868
p.fac1[46,4]    -0.145 -0.464 -0.186
p.fac1[47,4]     1.064 -0.736  0.214
p.fac1[48,4]     0.915  0.514 -2.670
p.fac1[49,4]    -1.221 -0.952  3.002
p.fac1[50,4]     0.635 -0.930  3.180
p.fac1[51,4]    -0.816 -1.362  2.095
p.fac1[52,4]    -3.754  0.049 -1.991
p.fac1[53,4]    -0.388 -2.539 -0.521
p.fac1[54,4]     0.250 -0.859  1.780
p.fac1[55,4]     0.973 -2.026  3.390
p.fac1[56,4]    -1.688 -0.128  2.674
p.fac1[57,4]    -0.582 -1.178 -0.419
p.fac1[58,4]     0.645 -0.682 -0.496
p.fac1[59,4]     0.189  1.307 -0.412
p.fac1[60,4]    -0.624  0.524  1.565
p.fac1[61,4]    -0.795 -1.259  1.897
p.fac1[62,4]     0.553 -0.852  1.616
p.fac1[63,4]    -1.136 -1.514  3.558
p.fac1[64,4]    -1.596  0.947 -0.870
p.fac1[65,4]    -0.807  0.643  0.204
p.fac1[66,4]    -1.216  0.128 -0.752
p.fac1[67,4]    -0.515 -0.470  1.915
p.fac1[68,4]     0.231 -1.658  2.540
p.fac1[69,4]    -0.957 -1.900  1.844
p.fac1[70,4]     1.139 -0.092 -2.623
p.fac1[71,4]    -0.383 -0.415  0.150
p.fac1[72,4]    -0.340 -0.105  1.356
p.fac1[73,4]    -0.329  0.627 -0.384
p.fac1[74,4]    -0.723 -0.308 -0.851
p.fac1[75,4]    -0.085 -0.603 -0.372
p.fac1[76,4]     0.358 -0.034  2.016
p.fac1[77,4]     0.235 -1.900  2.494
p.fac1[78,4]    -1.813 -2.192 -0.302
p.fac1[79,4]     1.095  1.194 -0.604
p.fac1[80,4]     0.075  0.084 -1.696
p.fac1[81,4]    -0.710 -0.426  0.254
p.fac1[82,4]     0.291 -0.110 -0.604
p.fac1[83,4]     0.577 -1.000 -0.471
p.fac1[84,4]     0.338 -0.190  0.182
p.fac1[85,4]    -0.138 -0.380  0.879
p.fac1[86,4]    -0.179 -0.926  0.481
p.fac1[87,4]     0.335 -2.038  1.380
p.fac1[88,4]     0.765  1.130  0.930
p.fac1[89,4]    -0.033  0.410  0.217
p.fac1[90,4]    -0.441 -1.152  0.713
p.fac1[91,4]    -0.368  0.028 -1.102
p.fac1[92,4]    -0.503  0.045 -1.763
p.fac1[93,4]    -1.686  0.130  1.356
p.fac1[94,4]     1.044 -2.464  0.533
p.fac1[95,4]    -1.133  1.120 -1.166
p.fac1[96,4]     0.539  0.621  0.893
p.fac1[97,4]    -1.577  1.266 -0.537
p.fac1[98,4]     1.053  0.494  1.418
p.fac1[99,4]    -0.429 -1.655 -0.325
p.fac1[100,4]   -1.133 -0.931  0.189
p.fac1[101,4]   -0.540 -1.599  1.440
p.global[1]      0.409 -1.313  2.381
p.global[2]      0.602  3.298 -2.173
p.global[3]     -0.551 -0.324 -1.603
p.global[4]     -1.586 -2.606  1.524
