
################################################################################
# Gelman-Rubin Diagnostic
################################################################################

Generally the Gelman diagnostic should be < 1.05


Out of 670 variables: 2 > 1.01

                      
0 > 1.05

                      
0 > 1.1


The worst variables are:

              Point est. Upper C.I.
p.fac1[31,3]    1.010638   1.010685
p.fac1[88,3]    1.010228   1.012918
p.fac1[15,3]    1.009912   1.014615
p.fac1[29,3]    1.006545   1.008134
p.fac1[53,3]    1.006315   1.007333
p.fac1[63,3]    1.005394   1.007711
p.fac1[111,2]   1.004862   1.004986
p.fac1[24,3]    1.004837   1.008575
p.fac1[68,3]    1.004833   1.006923
p.fac1[14,3]    1.004377   1.008290


And here are the Gelman diagnostics for all variables:

                Point est. Upper C.I.
deviance         1.0003367  1.0004461
ilr.fac1[1,1]          NaN        NaN
ilr.fac1[2,1]    1.0002206  1.0010094
ilr.fac1[3,1]    1.0001937  1.0011328
ilr.fac1[4,1]    1.0004901  1.0005719
ilr.fac1[5,1]    1.0000757  1.0002473
ilr.fac1[6,1]    1.0005239  1.0006558
ilr.fac1[7,1]    1.0023747  1.0076278
ilr.fac1[8,1]    1.0000268  1.0008963
ilr.fac1[9,1]    1.0006695  1.0027587
ilr.fac1[10,1]   1.0000177  1.0007098
ilr.fac1[11,1]   0.9999041  0.9999064
ilr.fac1[12,1]   1.0005529  1.0016062
ilr.fac1[13,1]   1.0005513  1.0014032
ilr.fac1[14,1]   1.0017538  1.0051776
ilr.fac1[15,1]   0.9999919  1.0002270
ilr.fac1[16,1]   1.0024149  1.0044053
ilr.fac1[17,1]   1.0015034  1.0037906
ilr.fac1[18,1]   0.9997803  0.9998303
ilr.fac1[19,1]   0.9999678  1.0000548
ilr.fac1[20,1]   1.0002309  1.0017305
ilr.fac1[21,1]   1.0001071  1.0004848
ilr.fac1[22,1]   0.9999375  1.0003344
ilr.fac1[23,1]   1.0005251  1.0005701
ilr.fac1[24,1]   0.9997748  0.9998423
ilr.fac1[25,1]   1.0009867  1.0030378
ilr.fac1[26,1]   1.0001177  1.0003342
ilr.fac1[27,1]   1.0005214  1.0025542
ilr.fac1[28,1]   1.0008243  1.0034732
ilr.fac1[29,1]   0.9998570  0.9999537
ilr.fac1[30,1]   1.0003825  1.0013528
ilr.fac1[31,1]   1.0003484  1.0014791
ilr.fac1[32,1]   1.0004796  1.0022256
ilr.fac1[33,1]   1.0003729  1.0019117
ilr.fac1[34,1]   1.0001570  1.0009789
ilr.fac1[35,1]   1.0001518  1.0005048
ilr.fac1[36,1]   1.0004789  1.0015880
ilr.fac1[37,1]   0.9999838  1.0002045
ilr.fac1[38,1]   1.0012170  1.0042291
ilr.fac1[39,1]   1.0010253  1.0041228
ilr.fac1[40,1]   1.0000069  1.0004207
ilr.fac1[41,1]   1.0003021  1.0013144
ilr.fac1[42,1]   1.0000668  1.0005817
ilr.fac1[43,1]   0.9998135  1.0001188
ilr.fac1[44,1]   1.0004998  1.0011195
ilr.fac1[45,1]   1.0005966  1.0023638
ilr.fac1[46,1]   1.0011788  1.0042929
ilr.fac1[47,1]   1.0014204  1.0044172
ilr.fac1[48,1]   1.0003431  1.0008176
ilr.fac1[49,1]   1.0003643  1.0017788
ilr.fac1[50,1]   1.0004784  1.0007426
ilr.fac1[51,1]   1.0001702  1.0011877
ilr.fac1[52,1]   0.9998777  1.0001887
ilr.fac1[53,1]   1.0003826  1.0014822
ilr.fac1[54,1]   1.0002297  1.0003196
ilr.fac1[55,1]   1.0007179  1.0024398
ilr.fac1[56,1]   0.9999376  1.0002889
ilr.fac1[57,1]   1.0005602  1.0022078
ilr.fac1[58,1]   1.0000185  1.0000591
ilr.fac1[59,1]   1.0015761  1.0030176
ilr.fac1[60,1]   0.9999626  1.0003369
ilr.fac1[61,1]   0.9999479  1.0002344
ilr.fac1[62,1]   1.0008900  1.0016158
ilr.fac1[63,1]   0.9997834  0.9999450
ilr.fac1[64,1]   1.0012615  1.0017855
ilr.fac1[65,1]   1.0005507  1.0028121
ilr.fac1[66,1]   1.0009879  1.0014382
ilr.fac1[67,1]   1.0005517  1.0012914
ilr.fac1[68,1]   0.9999252  0.9999922
ilr.fac1[69,1]   1.0002939  1.0011519
ilr.fac1[70,1]   0.9999356  1.0004810
ilr.fac1[71,1]   1.0006846  1.0032435
ilr.fac1[72,1]   1.0003737  1.0010384
ilr.fac1[73,1]   1.0002248  1.0009907
ilr.fac1[74,1]   1.0000584  1.0001708
ilr.fac1[75,1]   1.0009024  1.0032334
ilr.fac1[76,1]   0.9999444  1.0003511
ilr.fac1[77,1]   1.0002978  1.0008254
ilr.fac1[78,1]   1.0006502  1.0022563
ilr.fac1[79,1]   1.0016381  1.0023578
ilr.fac1[80,1]   0.9999649  1.0002536
ilr.fac1[81,1]   1.0001194  1.0011046
ilr.fac1[82,1]   0.9998778  1.0003138
ilr.fac1[83,1]   1.0002487  1.0007467
ilr.fac1[84,1]   0.9999244  0.9999427
ilr.fac1[85,1]   1.0005005  1.0007242
ilr.fac1[86,1]   1.0006600  1.0013521
ilr.fac1[87,1]   0.9999417  1.0003672
ilr.fac1[88,1]   1.0007468  1.0025112
ilr.fac1[89,1]   1.0000322  1.0009626
ilr.fac1[90,1]   0.9999733  1.0004225
ilr.fac1[91,1]   1.0001686  1.0007899
ilr.fac1[92,1]   1.0004632  1.0023579
ilr.fac1[93,1]   1.0001953  1.0010983
ilr.fac1[94,1]   1.0008161  1.0015826
ilr.fac1[95,1]   1.0001540  1.0011213
ilr.fac1[96,1]   1.0002799  1.0011794
ilr.fac1[97,1]   1.0030898  1.0046070
ilr.fac1[98,1]   0.9999693  1.0003843
ilr.fac1[99,1]   1.0008641  1.0015217
ilr.fac1[100,1]  1.0019188  1.0021526
ilr.fac1[101,1]  1.0008529  1.0014791
ilr.fac1[102,1]  1.0000986  1.0004987
ilr.fac1[103,1]  1.0003821  1.0015075
ilr.fac1[104,1]  0.9999594  1.0003901
ilr.fac1[105,1]  0.9999973  1.0004867
ilr.fac1[106,1]  1.0015173  1.0049045
ilr.fac1[107,1]  1.0000298  1.0008221
ilr.fac1[108,1]  1.0003632  1.0003767
ilr.fac1[109,1]  1.0006103  1.0010938
ilr.fac1[110,1]  1.0002938  1.0005101
ilr.fac1[111,1]  1.0008544  1.0010357
ilr.fac1[1,2]          NaN        NaN
ilr.fac1[2,2]    1.0008941  1.0010321
ilr.fac1[3,2]    1.0002372  1.0016674
ilr.fac1[4,2]    1.0013117  1.0047640
ilr.fac1[5,2]    1.0003207  1.0011522
ilr.fac1[6,2]    1.0006753  1.0022025
ilr.fac1[7,2]    1.0005247  1.0022923
ilr.fac1[8,2]    0.9997236  0.9998249
ilr.fac1[9,2]    0.9999800  1.0005538
ilr.fac1[10,2]   1.0000750  1.0010701
ilr.fac1[11,2]   0.9998956  1.0002112
ilr.fac1[12,2]   1.0009644  1.0041823
ilr.fac1[13,2]   1.0002277  1.0003925
ilr.fac1[14,2]   1.0011937  1.0044106
ilr.fac1[15,2]   1.0012300  1.0031394
ilr.fac1[16,2]   1.0012366  1.0013210
ilr.fac1[17,2]   1.0002533  1.0008136
ilr.fac1[18,2]   1.0005796  1.0025200
ilr.fac1[19,2]   1.0000184  1.0005324
ilr.fac1[20,2]   1.0004093  1.0019347
ilr.fac1[21,2]   1.0000585  1.0004926
ilr.fac1[22,2]   1.0000208  1.0003301
ilr.fac1[23,2]   1.0006558  1.0029390
ilr.fac1[24,2]   1.0011787  1.0038260
ilr.fac1[25,2]   1.0001243  1.0009226
ilr.fac1[26,2]   1.0001974  1.0013382
ilr.fac1[27,2]   1.0003092  1.0009316
ilr.fac1[28,2]   0.9999629  1.0004349
ilr.fac1[29,2]   1.0003010  1.0017702
ilr.fac1[30,2]   1.0002201  1.0015245
ilr.fac1[31,2]   1.0000621  1.0009301
ilr.fac1[32,2]   1.0002914  1.0017757
ilr.fac1[33,2]   1.0004228  1.0023969
ilr.fac1[34,2]   0.9998081  0.9999629
ilr.fac1[35,2]   1.0000927  1.0010833
ilr.fac1[36,2]   1.0010017  1.0034648
ilr.fac1[37,2]   0.9998514  1.0001684
ilr.fac1[38,2]   1.0022673  1.0091573
ilr.fac1[39,2]   1.0002022  1.0004483
ilr.fac1[40,2]   1.0012406  1.0030487
ilr.fac1[41,2]   0.9997991  0.9999534
ilr.fac1[42,2]   1.0002602  1.0009833
ilr.fac1[43,2]   1.0006795  1.0009430
ilr.fac1[44,2]   1.0009521  1.0043636
ilr.fac1[45,2]   1.0000732  1.0006766
ilr.fac1[46,2]   1.0005576  1.0028414
ilr.fac1[47,2]   1.0006434  1.0025469
ilr.fac1[48,2]   1.0001841  1.0014360
ilr.fac1[49,2]   1.0005608  1.0015401
ilr.fac1[50,2]   1.0004896  1.0022975
ilr.fac1[51,2]   0.9997317  0.9998671
ilr.fac1[52,2]   1.0002174  1.0016539
ilr.fac1[53,2]   1.0003648  1.0005137
ilr.fac1[54,2]   1.0011516  1.0041283
ilr.fac1[55,2]   1.0001022  1.0011308
ilr.fac1[56,2]   1.0005689  1.0023499
ilr.fac1[57,2]   1.0006072  1.0027818
ilr.fac1[58,2]   1.0001517  1.0009912
ilr.fac1[59,2]   0.9998578  1.0002151
ilr.fac1[60,2]   1.0002206  1.0016533
ilr.fac1[61,2]   1.0000982  1.0008780
ilr.fac1[62,2]   1.0015083  1.0056288
ilr.fac1[63,2]   1.0012752  1.0022333
ilr.fac1[64,2]   1.0001932  1.0012261
ilr.fac1[65,2]   1.0005385  1.0010279
ilr.fac1[66,2]   1.0005992  1.0030740
ilr.fac1[67,2]   1.0000299  1.0006294
ilr.fac1[68,2]   1.0011171  1.0037386
ilr.fac1[69,2]   1.0006537  1.0032902
ilr.fac1[70,2]   1.0007046  1.0021467
ilr.fac1[71,2]   1.0004715  1.0023722
ilr.fac1[72,2]   1.0003881  1.0013327
ilr.fac1[73,2]   1.0009739  1.0024447
ilr.fac1[74,2]   0.9999232  0.9999488
ilr.fac1[75,2]   1.0022525  1.0091033
ilr.fac1[76,2]   1.0002692  1.0008835
ilr.fac1[77,2]   1.0007048  1.0034662
ilr.fac1[78,2]   1.0005918  1.0009718
ilr.fac1[79,2]   1.0010463  1.0020393
ilr.fac1[80,2]   1.0004582  1.0023213
ilr.fac1[81,2]   0.9999028  1.0002043
ilr.fac1[82,2]   1.0012991  1.0042293
ilr.fac1[83,2]   0.9999002  0.9999909
ilr.fac1[84,2]   1.0000114  1.0006395
ilr.fac1[85,2]   1.0003641  1.0019925
ilr.fac1[86,2]   1.0001965  1.0008590
ilr.fac1[87,2]   0.9999712  1.0001638
ilr.fac1[88,2]   1.0003931  1.0009135
ilr.fac1[89,2]   1.0004707  1.0014230
ilr.fac1[90,2]   1.0003170  1.0012342
ilr.fac1[91,2]   1.0005068  1.0008816
ilr.fac1[92,2]   1.0001742  1.0004748
ilr.fac1[93,2]   1.0002636  1.0017294
ilr.fac1[94,2]   1.0011420  1.0033530
ilr.fac1[95,2]   1.0008476  1.0033259
ilr.fac1[96,2]   0.9999697  1.0000662
ilr.fac1[97,2]   1.0000633  1.0006090
ilr.fac1[98,2]   1.0004362  1.0021763
ilr.fac1[99,2]   1.0001543  1.0013813
ilr.fac1[100,2]  1.0000271  1.0009330
ilr.fac1[101,2]  1.0005303  1.0013311
ilr.fac1[102,2]  1.0005387  1.0008644
ilr.fac1[103,2]  0.9998179  0.9999567
ilr.fac1[104,2]  1.0009692  1.0040209
ilr.fac1[105,2]  0.9999089  1.0004162
ilr.fac1[106,2]  1.0002557  1.0003559
ilr.fac1[107,2]  1.0005698  1.0019221
ilr.fac1[108,2]  1.0000231  1.0004163
ilr.fac1[109,2]  1.0001274  1.0005542
ilr.fac1[110,2]  1.0002237  1.0016149
ilr.fac1[111,2]  0.9999274  1.0006169
loglik[1]        1.0002380  1.0007834
loglik[2]        1.0017358  1.0037671
loglik[3]        1.0005854  1.0026573
loglik[4]        0.9998329  0.9999552
loglik[5]        1.0006195  1.0029142
loglik[6]        1.0007428  1.0008642
loglik[7]        0.9997795  0.9998087
loglik[8]        0.9996880  0.9997088
loglik[9]        1.0005653  1.0024206
loglik[10]       1.0007037  1.0013965
loglik[11]       1.0003330  1.0017031
loglik[12]       0.9998904  1.0000282
loglik[13]       1.0014347  1.0039852
loglik[14]       1.0004801  1.0014413
loglik[15]       1.0027879  1.0091562
loglik[16]       1.0001286  1.0001740
loglik[17]       1.0009372  1.0032377
loglik[18]       1.0000988  1.0012532
loglik[19]       1.0006724  1.0006850
loglik[20]       1.0006410  1.0032041
loglik[21]       1.0009045  1.0028266
loglik[22]       1.0005981  1.0018546
loglik[23]       0.9998356  1.0000779
loglik[24]       1.0000380  1.0009362
loglik[25]       1.0003109  1.0010896
loglik[26]       0.9999475  1.0002864
loglik[27]       1.0037643  1.0073205
loglik[28]       0.9998451  1.0000525
loglik[29]       1.0006176  1.0021933
loglik[30]       1.0004947  1.0019753
loglik[31]       1.0007899  1.0032149
loglik[32]       1.0007729  1.0010237
loglik[33]       1.0000426  1.0000895
loglik[34]       1.0007364  1.0012812
loglik[35]       1.0005075  1.0012420
loglik[36]       1.0000208  1.0005533
loglik[37]       1.0006760  1.0014139
loglik[38]       1.0014576  1.0030753
loglik[39]       1.0015577  1.0025609
loglik[40]       0.9999948  1.0002021
loglik[41]       1.0006367  1.0016491
loglik[42]       1.0002483  1.0003266
loglik[43]       1.0026935  1.0053729
loglik[44]       1.0000461  1.0001237
loglik[45]       1.0015071  1.0022178
loglik[46]       0.9998786  1.0001961
loglik[47]       0.9998301  1.0000717
loglik[48]       0.9998219  1.0001454
loglik[49]       1.0009480  1.0025404
loglik[50]       0.9998185  0.9998571
loglik[51]       0.9998654  0.9998749
loglik[52]       0.9998077  1.0000444
loglik[53]       1.0002521  1.0004368
loglik[54]       0.9999146  1.0000233
loglik[55]       1.0005539  1.0006779
loglik[56]       0.9998136  1.0001322
loglik[57]       0.9997590  0.9999085
loglik[58]       1.0001042  1.0003063
loglik[59]       1.0005274  1.0019054
loglik[60]       1.0007732  1.0011377
loglik[61]       1.0000277  1.0009683
loglik[62]       1.0004746  1.0023461
loglik[63]       1.0000685  1.0006590
loglik[64]       1.0008801  1.0018589
loglik[65]       1.0002835  1.0011820
loglik[66]       1.0020548  1.0039353
loglik[67]       1.0004406  1.0019666
loglik[68]       1.0010851  1.0018187
loglik[69]       1.0004603  1.0014603
loglik[70]       1.0004824  1.0023444
loglik[71]       1.0016062  1.0046314
loglik[72]       1.0040493  1.0077528
loglik[73]       1.0011200  1.0021608
loglik[74]       1.0004376  1.0006217
loglik[75]       1.0001417  1.0002383
loglik[76]       1.0015219  1.0058997
loglik[77]       0.9997880  1.0000891
loglik[78]       1.0001253  1.0004236
loglik[79]       1.0001587  1.0006727
loglik[80]       0.9999813  1.0004503
loglik[81]       0.9998669  1.0003609
loglik[82]       0.9999004  1.0002521
loglik[83]       1.0004037  1.0019528
loglik[84]       1.0004741  1.0017714
loglik[85]       0.9999904  1.0004902
loglik[86]       1.0006602  1.0018889
loglik[87]       1.0003406  1.0020767
loglik[88]       1.0002046  1.0003067
loglik[89]       1.0006782  1.0029747
loglik[90]       1.0000659  1.0008934
loglik[91]       1.0004678  1.0025582
loglik[92]       1.0002700  1.0013225
loglik[93]       1.0006601  1.0019908
loglik[94]       0.9999646  1.0000973
loglik[95]       0.9997257  0.9997303
loglik[96]       1.0014198  1.0043601
loglik[97]       1.0004117  1.0012064
loglik[98]       0.9998048  1.0001587
loglik[99]       1.0003274  1.0009349
loglik[100]      1.0002699  1.0009388
loglik[101]      1.0020879  1.0032058
loglik[102]      1.0004648  1.0010489
loglik[103]      1.0015424  1.0032615
loglik[104]      1.0015568  1.0046423
loglik[105]      1.0004880  1.0024253
loglik[106]      1.0011492  1.0015412
loglik[107]      0.9998363  0.9999481
loglik[108]      1.0012830  1.0029971
loglik[109]      0.9997879  0.9998863
loglik[110]      1.0011744  1.0015045
loglik[111]      1.0001205  1.0005881
p.fac1[1,1]      1.0002157  1.0002183
p.fac1[2,1]      1.0001405  1.0009302
p.fac1[3,1]      1.0000411  1.0010269
p.fac1[4,1]      0.9998747  1.0003433
p.fac1[5,1]      0.9998246  1.0001204
p.fac1[6,1]      0.9997945  0.9998782
p.fac1[7,1]      1.0015908  1.0064843
p.fac1[8,1]      0.9999972  1.0008467
p.fac1[9,1]      1.0008094  1.0030423
p.fac1[10,1]     0.9999739  1.0004558
p.fac1[11,1]     0.9998150  0.9998173
p.fac1[12,1]     1.0000190  1.0007116
p.fac1[13,1]     1.0015750  1.0022447
p.fac1[14,1]     1.0029642  1.0096545
p.fac1[15,1]     1.0005481  1.0010129
p.fac1[16,1]     1.0005686  1.0011464
p.fac1[17,1]     1.0011791  1.0032374
p.fac1[18,1]     1.0000865  1.0010149
p.fac1[19,1]     1.0015482  1.0018645
p.fac1[20,1]     1.0003370  1.0017800
p.fac1[21,1]     0.9999122  1.0001418
p.fac1[22,1]     1.0001094  1.0011301
p.fac1[23,1]     0.9999257  1.0001408
p.fac1[24,1]     1.0003968  1.0014468
p.fac1[25,1]     1.0004121  1.0022202
p.fac1[26,1]     0.9999886  1.0007490
p.fac1[27,1]     1.0003975  1.0020725
p.fac1[28,1]     1.0002742  1.0018337
p.fac1[29,1]     1.0015163  1.0023650
p.fac1[30,1]     1.0005088  1.0011672
p.fac1[31,1]     1.0009788  1.0013370
p.fac1[32,1]     1.0036486  1.0045125
p.fac1[33,1]     1.0011023  1.0014203
p.fac1[34,1]     0.9997987  1.0000060
p.fac1[35,1]     1.0000865  1.0004968
p.fac1[36,1]     1.0001777  1.0011352
p.fac1[37,1]     0.9999782  1.0006191
p.fac1[38,1]     1.0005335  1.0028099
p.fac1[39,1]     1.0011494  1.0044190
p.fac1[40,1]     0.9999521  1.0004710
p.fac1[41,1]     1.0003318  1.0016465
p.fac1[42,1]     1.0002979  1.0012859
p.fac1[43,1]     0.9999150  1.0002890
p.fac1[44,1]     1.0000412  1.0009982
p.fac1[45,1]     1.0004072  1.0023737
p.fac1[46,1]     1.0007693  1.0035308
p.fac1[47,1]     1.0007059  1.0034136
p.fac1[48,1]     1.0001532  1.0011225
p.fac1[49,1]     1.0003029  1.0019179
p.fac1[50,1]     0.9999099  0.9999664
p.fac1[51,1]     1.0001496  1.0013292
p.fac1[52,1]     0.9998579  1.0001341
p.fac1[53,1]     1.0004242  1.0014500
p.fac1[54,1]     1.0000925  1.0005636
p.fac1[55,1]     1.0003280  1.0020612
p.fac1[56,1]     0.9998492  1.0001165
p.fac1[57,1]     1.0014895  1.0062985
p.fac1[58,1]     0.9998795  1.0001573
p.fac1[59,1]     1.0001285  1.0006564
p.fac1[60,1]     0.9998455  1.0001125
p.fac1[61,1]     0.9999414  1.0001989
p.fac1[62,1]     1.0005368  1.0016467
p.fac1[63,1]     1.0001682  1.0002458
p.fac1[64,1]     1.0000025  1.0005443
p.fac1[65,1]     1.0003525  1.0018118
p.fac1[66,1]     1.0003852  1.0018805
p.fac1[67,1]     1.0000007  1.0005670
p.fac1[68,1]     1.0000281  1.0001440
p.fac1[69,1]     1.0001070  1.0012008
p.fac1[70,1]     1.0003674  1.0014815
p.fac1[71,1]     1.0009126  1.0040800
p.fac1[72,1]     1.0003632  1.0013758
p.fac1[73,1]     1.0001949  1.0012434
p.fac1[74,1]     0.9999685  1.0004756
p.fac1[75,1]     1.0024467  1.0092469
p.fac1[76,1]     0.9999536  1.0004122
p.fac1[77,1]     1.0003454  1.0019386
p.fac1[78,1]     1.0001852  1.0014704
p.fac1[79,1]     1.0002748  1.0004129
p.fac1[80,1]     1.0001046  1.0009221
p.fac1[81,1]     1.0004390  1.0017363
p.fac1[82,1]     0.9999671  1.0004463
p.fac1[83,1]     1.0001374  1.0005400
p.fac1[84,1]     0.9998708  0.9999461
p.fac1[85,1]     1.0002397  1.0005486
p.fac1[86,1]     1.0000327  1.0007441
p.fac1[87,1]     1.0001192  1.0005765
p.fac1[88,1]     1.0025433  1.0039725
p.fac1[89,1]     1.0002076  1.0006316
p.fac1[90,1]     0.9999899  1.0005627
p.fac1[91,1]     1.0000945  1.0010483
p.fac1[92,1]     1.0002090  1.0014690
p.fac1[93,1]     1.0000935  1.0011327
p.fac1[94,1]     1.0015100  1.0039416
p.fac1[95,1]     0.9999745  1.0004861
p.fac1[96,1]     1.0001647  1.0007630
p.fac1[97,1]     1.0000677  1.0007945
p.fac1[98,1]     1.0009313  1.0020058
p.fac1[99,1]     1.0002874  1.0013378
p.fac1[100,1]    1.0003258  1.0010399
p.fac1[101,1]    1.0008353  1.0011087
p.fac1[102,1]    1.0001271  1.0004433
p.fac1[103,1]    1.0004629  1.0019882
p.fac1[104,1]    1.0004395  1.0021300
p.fac1[105,1]    1.0000427  1.0004971
p.fac1[106,1]    1.0011704  1.0045748
p.fac1[107,1]    1.0000065  1.0007110
p.fac1[108,1]    0.9999601  1.0002011
p.fac1[109,1]    0.9999419  1.0005845
p.fac1[110,1]    1.0007399  1.0022719
p.fac1[111,1]    1.0011895  1.0033687
p.fac1[1,2]      1.0001761  1.0009985
p.fac1[2,2]      1.0001126  1.0012969
p.fac1[3,2]      1.0001717  1.0014727
p.fac1[4,2]      1.0000082  1.0007341
p.fac1[5,2]      1.0001524  1.0010353
p.fac1[6,2]      1.0001141  1.0008461
p.fac1[7,2]      1.0012915  1.0054578
p.fac1[8,2]      1.0001316  1.0010761
p.fac1[9,2]      1.0011096  1.0043535
p.fac1[10,2]     1.0003173  1.0017807
p.fac1[11,2]     0.9997472  0.9998911
p.fac1[12,2]     1.0007133  1.0022045
p.fac1[13,2]     1.0007576  1.0019401
p.fac1[14,2]     1.0015050  1.0031004
p.fac1[15,2]     1.0002614  1.0014728
p.fac1[16,2]     1.0005372  1.0009051
p.fac1[17,2]     1.0001618  1.0011349
p.fac1[18,2]     0.9999861  1.0001131
p.fac1[19,2]     1.0012724  1.0016468
p.fac1[20,2]     1.0006778  1.0031153
p.fac1[21,2]     1.0002519  1.0006017
p.fac1[22,2]     0.9999469  1.0004005
p.fac1[23,2]     1.0000140  1.0005961
p.fac1[24,2]     0.9998873  1.0002682
p.fac1[25,2]     1.0003547  1.0019663
p.fac1[26,2]     1.0000730  1.0004047
p.fac1[27,2]     1.0007251  1.0031753
p.fac1[28,2]     1.0006616  1.0031839
p.fac1[29,2]     0.9997453  0.9998213
p.fac1[30,2]     1.0004861  1.0013424
p.fac1[31,2]     1.0012898  1.0018315
p.fac1[32,2]     1.0025803  1.0042662
p.fac1[33,2]     1.0004585  1.0013492
p.fac1[34,2]     1.0002422  1.0015586
p.fac1[35,2]     1.0006021  1.0014131
p.fac1[36,2]     1.0012128  1.0027171
p.fac1[37,2]     0.9999114  1.0002173
p.fac1[38,2]     1.0018100  1.0074306
p.fac1[39,2]     1.0006756  1.0026505
p.fac1[40,2]     1.0002292  1.0011462
p.fac1[41,2]     0.9998790  0.9998985
p.fac1[42,2]     1.0002481  1.0013435
p.fac1[43,2]     1.0001422  1.0009377
p.fac1[44,2]     0.9999474  1.0001989
p.fac1[45,2]     0.9999520  1.0005172
p.fac1[46,2]     1.0004444  1.0025257
p.fac1[47,2]     1.0005024  1.0021625
p.fac1[48,2]     1.0003919  1.0021689
p.fac1[49,2]     0.9999774  1.0005868
p.fac1[50,2]     1.0000488  1.0002816
p.fac1[51,2]     1.0010788  1.0014177
p.fac1[52,2]     0.9998898  1.0001818
p.fac1[53,2]     0.9997660  0.9999439
p.fac1[54,2]     0.9998475  1.0000746
p.fac1[55,2]     1.0003100  1.0015858
p.fac1[56,2]     1.0000860  1.0005642
p.fac1[57,2]     1.0000343  1.0005331
p.fac1[58,2]     1.0001358  1.0006877
p.fac1[59,2]     1.0018001  1.0047925
p.fac1[60,2]     1.0000632  1.0005508
p.fac1[61,2]     0.9998145  0.9998584
p.fac1[62,2]     1.0000469  1.0008705
p.fac1[63,2]     1.0001593  1.0007388
p.fac1[64,2]     1.0000048  1.0002076
p.fac1[65,2]     1.0021607  1.0058985
p.fac1[66,2]     1.0007696  1.0010678
p.fac1[67,2]     1.0002971  1.0012791
p.fac1[68,2]     1.0001887  1.0009454
p.fac1[69,2]     1.0000731  1.0006253
p.fac1[70,2]     1.0003206  1.0010398
p.fac1[71,2]     1.0013942  1.0057626
p.fac1[72,2]     1.0015202  1.0027069
p.fac1[73,2]     1.0001276  1.0002672
p.fac1[74,2]     1.0002938  1.0004295
p.fac1[75,2]     1.0022909  1.0065550
p.fac1[76,2]     0.9998543  1.0000380
p.fac1[77,2]     1.0000052  1.0000795
p.fac1[78,2]     1.0007952  1.0034925
p.fac1[79,2]     1.0009798  1.0037414
p.fac1[80,2]     0.9997646  0.9999658
p.fac1[81,2]     1.0000278  1.0008059
p.fac1[82,2]     1.0001174  1.0012475
p.fac1[83,2]     1.0000037  1.0003998
p.fac1[84,2]     1.0000114  1.0005967
p.fac1[85,2]     1.0007669  1.0032785
p.fac1[86,2]     1.0005842  1.0025228
p.fac1[87,2]     1.0006009  1.0010735
p.fac1[88,2]     1.0014680  1.0051949
p.fac1[89,2]     1.0007261  1.0022998
p.fac1[90,2]     1.0003809  1.0015217
p.fac1[91,2]     1.0002239  1.0012444
p.fac1[92,2]     1.0012821  1.0055206
p.fac1[93,2]     1.0000853  1.0009967
p.fac1[94,2]     1.0006548  1.0016344
p.fac1[95,2]     1.0009623  1.0020546
p.fac1[96,2]     0.9999287  1.0001418
p.fac1[97,2]     1.0004068  1.0013909
p.fac1[98,2]     0.9999996  1.0001748
p.fac1[99,2]     1.0010315  1.0012683
p.fac1[100,2]    1.0000999  1.0010702
p.fac1[101,2]    1.0000552  1.0008114
p.fac1[102,2]    1.0006066  1.0013115
p.fac1[103,2]    1.0000183  1.0004523
p.fac1[104,2]    1.0003670  1.0008286
p.fac1[105,2]    1.0003622  1.0008987
p.fac1[106,2]    1.0011789  1.0043197
p.fac1[107,2]    1.0000289  1.0007665
p.fac1[108,2]    1.0011952  1.0013760
p.fac1[109,2]    0.9999778  1.0003028
p.fac1[110,2]    1.0012109  1.0027424
p.fac1[111,2]    1.0048624  1.0049862
p.fac1[1,3]      1.0024523  1.0073901
p.fac1[2,3]      1.0011481  1.0019761
p.fac1[3,3]      1.0000314  1.0009839
p.fac1[4,3]      1.0003360  1.0007722
p.fac1[5,3]      1.0003411  1.0006656
p.fac1[6,3]      0.9999765  1.0005191
p.fac1[7,3]      1.0022429  1.0048772
p.fac1[8,3]      1.0006430  1.0007984
p.fac1[9,3]      1.0001552  1.0006602
p.fac1[10,3]     1.0003363  1.0011458
p.fac1[11,3]     1.0004785  1.0005827
p.fac1[12,3]     1.0027477  1.0051589
p.fac1[13,3]     1.0036309  1.0044498
p.fac1[14,3]     1.0043774  1.0082904
p.fac1[15,3]     1.0099124  1.0146152
p.fac1[16,3]     1.0003002  1.0003807
p.fac1[17,3]     1.0005318  1.0017113
p.fac1[18,3]     1.0034716  1.0059080
p.fac1[19,3]     1.0007988  1.0008623
p.fac1[20,3]     1.0025357  1.0057476
p.fac1[21,3]     1.0009052  1.0013430
p.fac1[22,3]     1.0016269  1.0023459
p.fac1[23,3]     1.0001543  1.0008064
p.fac1[24,3]     1.0048374  1.0085749
p.fac1[25,3]     1.0000836  1.0001844
p.fac1[26,3]     1.0001664  1.0006946
p.fac1[27,3]     1.0018331  1.0031901
p.fac1[28,3]     1.0004364  1.0009285
p.fac1[29,3]     1.0065446  1.0081342
p.fac1[30,3]     1.0025859  1.0034803
p.fac1[31,3]     1.0106377  1.0106846
p.fac1[32,3]     1.0026524  1.0028523
p.fac1[33,3]     1.0035289  1.0051292
p.fac1[34,3]     1.0002811  1.0004228
p.fac1[35,3]     1.0002971  1.0008471
p.fac1[36,3]     1.0001270  1.0002460
p.fac1[37,3]     1.0000459  1.0003055
p.fac1[38,3]     1.0040684  1.0104404
p.fac1[39,3]     1.0014595  1.0020617
p.fac1[40,3]     1.0009588  1.0026366
p.fac1[41,3]     1.0000585  1.0010889
p.fac1[42,3]     1.0002355  1.0013599
p.fac1[43,3]     1.0016664  1.0029595
p.fac1[44,3]     1.0004408  1.0021271
p.fac1[45,3]     1.0003279  1.0018659
p.fac1[46,3]     1.0008416  1.0033034
p.fac1[47,3]     1.0005267  1.0009531
p.fac1[48,3]     1.0003334  1.0019067
p.fac1[49,3]     1.0017002  1.0026717
p.fac1[50,3]     1.0001845  1.0010451
p.fac1[51,3]     0.9998262  1.0002360
p.fac1[52,3]     0.9999904  1.0007505
p.fac1[53,3]     1.0063152  1.0073325
p.fac1[54,3]     1.0002335  1.0010097
p.fac1[55,3]     0.9998770  0.9999043
p.fac1[56,3]     1.0007440  1.0032740
p.fac1[57,3]     1.0012502  1.0053749
p.fac1[58,3]     1.0006779  1.0021337
p.fac1[59,3]     1.0017148  1.0022522
p.fac1[60,3]     1.0000643  1.0006679
p.fac1[61,3]     1.0015610  1.0021710
p.fac1[62,3]     1.0011130  1.0042112
p.fac1[63,3]     1.0053940  1.0077111
p.fac1[64,3]     1.0003105  1.0006684
p.fac1[65,3]     1.0016441  1.0017964
p.fac1[66,3]     1.0035787  1.0064221
p.fac1[67,3]     1.0010346  1.0012883
p.fac1[68,3]     1.0048334  1.0069227
p.fac1[69,3]     1.0001525  1.0009565
p.fac1[70,3]     1.0004357  1.0017339
p.fac1[71,3]     1.0027873  1.0062028
p.fac1[72,3]     1.0034443  1.0052893
p.fac1[73,3]     1.0011121  1.0026562
p.fac1[74,3]     1.0001264  1.0006171
p.fac1[75,3]     1.0032066  1.0119896
p.fac1[76,3]     1.0006343  1.0019302
p.fac1[77,3]     1.0021821  1.0038955
p.fac1[78,3]     1.0024955  1.0041568
p.fac1[79,3]     1.0013498  1.0043079
p.fac1[80,3]     1.0018282  1.0032670
p.fac1[81,3]     1.0010639  1.0017996
p.fac1[82,3]     1.0030581  1.0058133
p.fac1[83,3]     1.0001809  1.0007617
p.fac1[84,3]     1.0001631  1.0009246
p.fac1[85,3]     1.0003571  1.0022009
p.fac1[86,3]     1.0003740  1.0013597
p.fac1[87,3]     1.0007189  1.0007420
p.fac1[88,3]     1.0102276  1.0129183
p.fac1[89,3]     1.0020317  1.0021012
p.fac1[90,3]     1.0015385  1.0017387
p.fac1[91,3]     1.0010810  1.0026670
p.fac1[92,3]     1.0001407  1.0008042
p.fac1[93,3]     1.0007901  1.0024896
p.fac1[94,3]     1.0012771  1.0025393
p.fac1[95,3]     1.0003772  1.0005659
p.fac1[96,3]     1.0000712  1.0002229
p.fac1[97,3]     1.0008004  1.0009490
p.fac1[98,3]     1.0020299  1.0039510
p.fac1[99,3]     1.0006974  1.0019753
p.fac1[100,3]    1.0003929  1.0005840
p.fac1[101,3]    1.0013488  1.0033653
p.fac1[102,3]    0.9999710  1.0001004
p.fac1[103,3]    1.0001503  1.0006071
p.fac1[104,3]    1.0007372  1.0022383
p.fac1[105,3]    0.9997160  0.9997425
p.fac1[106,3]    1.0006527  1.0008181
p.fac1[107,3]    1.0006743  1.0020091
p.fac1[108,3]    1.0003463  1.0009328
p.fac1[109,3]    1.0000225  1.0003630
p.fac1[110,3]    1.0017211  1.0046400
p.fac1[111,3]    1.0005188  1.0027939
p.global[1]      1.0002157  1.0002183
p.global[2]      1.0001761  1.0009985
p.global[3]      1.0024523  1.0073901

################################################################################
# Geweke Diagnostic
################################################################################

The Geweke diagnostic is a standard z-score, so we'd expect 5% to be outside +/-1.96
Number of variables outside +/-1.96 in each chain (out of 
670
):


       Chain 1 Chain 2 Chain 3
Geweke      38      37      29


And here are the Geweke diagnostics for all variables:

                chain1 chain2 chain3
deviance        -0.774 -1.162 -0.873
ilr.fac1[2,1]    0.459  0.081  2.148
ilr.fac1[3,1]   -0.447 -0.179 -0.766
ilr.fac1[4,1]    0.789  0.386 -0.087
ilr.fac1[5,1]    0.272  0.148  0.305
ilr.fac1[6,1]    1.516 -0.175  1.333
ilr.fac1[7,1]    0.378 -0.281  1.852
ilr.fac1[8,1]    0.006  0.846 -1.592
ilr.fac1[9,1]   -1.366 -0.909  0.049
ilr.fac1[10,1]  -0.769 -0.640  0.639
ilr.fac1[11,1]   0.680  1.044 -0.058
ilr.fac1[12,1]   2.305  1.144 -2.217
ilr.fac1[13,1]  -0.203  0.180 -0.229
ilr.fac1[14,1]   0.613  0.499 -0.996
ilr.fac1[15,1]   0.257  1.122  0.074
ilr.fac1[16,1]  -2.165  0.696  0.027
ilr.fac1[17,1]   1.820  1.433  0.426
ilr.fac1[18,1]  -0.369 -0.804 -1.246
ilr.fac1[19,1]   0.829  0.291  1.795
ilr.fac1[20,1]  -1.288 -1.153  0.427
ilr.fac1[21,1]   0.033 -0.949 -1.204
ilr.fac1[22,1]  -1.549  0.686  0.331
ilr.fac1[23,1]   0.919 -0.788 -0.326
ilr.fac1[24,1]   0.971  0.694 -0.132
ilr.fac1[25,1]   1.291 -0.080 -0.299
ilr.fac1[26,1]   0.594  0.651 -0.473
ilr.fac1[27,1]   0.744 -1.346  0.719
ilr.fac1[28,1]   1.888  0.612 -0.257
ilr.fac1[29,1]   0.024  0.582 -1.276
ilr.fac1[30,1]   1.245  0.870  0.377
ilr.fac1[31,1]  -0.571 -1.576  1.503
ilr.fac1[32,1]  -0.404 -1.552  1.509
ilr.fac1[33,1]   0.691 -1.141 -0.492
ilr.fac1[34,1]  -0.018 -0.512 -0.217
ilr.fac1[35,1]  -0.709 -0.103 -0.992
ilr.fac1[36,1]  -0.497  0.989 -0.542
ilr.fac1[37,1]   0.326  0.124  0.585
ilr.fac1[38,1]  -0.207 -0.470  0.068
ilr.fac1[39,1]  -1.830 -0.039 -0.615
ilr.fac1[40,1]  -0.608  0.676 -1.543
ilr.fac1[41,1]   1.112  1.212 -0.158
ilr.fac1[42,1]   0.416 -0.047 -0.688
ilr.fac1[43,1]  -0.183  0.607  0.766
ilr.fac1[44,1]  -2.113 -0.105  0.809
ilr.fac1[45,1]   0.746  0.521 -0.396
ilr.fac1[46,1]   0.903 -0.573 -1.561
ilr.fac1[47,1]  -0.324 -1.258  1.754
ilr.fac1[48,1]  -1.258  0.828 -0.663
ilr.fac1[49,1]  -1.202  0.551 -0.679
ilr.fac1[50,1]  -0.212  2.027 -1.154
ilr.fac1[51,1]  -0.271  0.405 -0.309
ilr.fac1[52,1]   0.127  0.101 -1.835
ilr.fac1[53,1]   0.690 -0.715 -2.225
ilr.fac1[54,1]   0.594 -0.067  0.626
ilr.fac1[55,1]   1.554  0.580 -0.885
ilr.fac1[56,1]  -1.288  0.401 -2.172
ilr.fac1[57,1]   1.786  1.225 -0.904
ilr.fac1[58,1]   1.494  1.330  0.155
ilr.fac1[59,1]   0.058  2.459 -0.223
ilr.fac1[60,1]  -1.214 -0.162  0.175
ilr.fac1[61,1]  -0.782  3.306  1.078
ilr.fac1[62,1]   0.080  1.251 -0.109
ilr.fac1[63,1]  -0.165  0.064 -1.780
ilr.fac1[64,1]   0.236  2.442  0.468
ilr.fac1[65,1]   1.231  1.055  0.351
ilr.fac1[66,1]   1.088  0.893  1.359
ilr.fac1[67,1]   1.528  0.349 -0.970
ilr.fac1[68,1]  -1.163  1.610  0.166
ilr.fac1[69,1]  -0.997  0.402  0.505
ilr.fac1[70,1]  -0.618  1.073 -0.873
ilr.fac1[71,1]  -0.944 -0.385  0.722
ilr.fac1[72,1]  -0.632  0.670  0.818
ilr.fac1[73,1]   0.054  1.802  0.657
ilr.fac1[74,1]   0.861  1.215 -1.223
ilr.fac1[75,1]  -0.622  0.311  2.397
ilr.fac1[76,1]   0.418  2.015  0.429
ilr.fac1[77,1]   1.319  1.636 -0.711
ilr.fac1[78,1]   0.635  0.035 -0.494
ilr.fac1[79,1]   2.035 -1.967  0.422
ilr.fac1[80,1]  -0.396 -1.001  0.402
ilr.fac1[81,1]   0.566  0.269  0.229
ilr.fac1[82,1]   0.772  0.037 -0.454
ilr.fac1[83,1]   0.108  0.761  0.723
ilr.fac1[84,1]   2.568  1.162  1.744
ilr.fac1[85,1]   0.932 -0.300  1.065
ilr.fac1[86,1]   1.605  1.521 -0.387
ilr.fac1[87,1]   0.593  1.157 -0.747
ilr.fac1[88,1]   1.126 -0.316 -0.945
ilr.fac1[89,1]  -0.420 -0.173  0.533
ilr.fac1[90,1]   0.608  0.318 -0.860
ilr.fac1[91,1]   0.440 -0.023  0.345
ilr.fac1[92,1]   1.602 -2.515  0.949
ilr.fac1[93,1]  -0.710  1.084 -0.717
ilr.fac1[94,1]  -0.776  0.375  0.022
ilr.fac1[95,1]   1.313  1.106 -1.562
ilr.fac1[96,1]   0.374 -0.033  1.397
ilr.fac1[97,1]   1.811  0.111  0.691
ilr.fac1[98,1]   0.741  1.608 -0.378
ilr.fac1[99,1]   0.086 -0.082 -1.619
ilr.fac1[100,1] -0.474 -0.748 -0.039
ilr.fac1[101,1]  0.185  0.229 -0.362
ilr.fac1[102,1] -0.413  2.407 -0.977
ilr.fac1[103,1]  1.193  0.662  0.186
ilr.fac1[104,1]  0.614 -0.995 -1.376
ilr.fac1[105,1]  0.634  0.440  0.157
ilr.fac1[106,1] -0.040  0.838 -0.219
ilr.fac1[107,1] -0.020  0.365 -0.455
ilr.fac1[108,1] -0.189  0.249 -0.018
ilr.fac1[109,1]  0.225 -0.668 -1.629
ilr.fac1[110,1]  0.520 -0.345  2.345
ilr.fac1[111,1] -1.050 -0.851 -1.047
ilr.fac1[2,2]    1.729 -0.166  1.235
ilr.fac1[3,2]   -2.038 -0.202 -0.144
ilr.fac1[4,2]   -0.948 -0.150  0.041
ilr.fac1[5,2]    0.520  0.000  1.825
ilr.fac1[6,2]    2.356 -0.219  1.423
ilr.fac1[7,2]   -0.156  0.446  0.603
ilr.fac1[8,2]    1.590  0.677 -2.290
ilr.fac1[9,2]   -0.172  0.012  0.030
ilr.fac1[10,2]   1.512  1.417  0.881
ilr.fac1[11,2]  -1.101  0.937 -0.582
ilr.fac1[12,2]  -0.680 -0.407 -0.618
ilr.fac1[13,2]  -0.896  0.464  0.480
ilr.fac1[14,2]   1.477 -0.884 -1.275
ilr.fac1[15,2]  -0.171  0.397  0.364
ilr.fac1[16,2]   0.431  0.470  1.286
ilr.fac1[17,2]   0.177  0.377  0.529
ilr.fac1[18,2]  -0.876  1.046 -0.644
ilr.fac1[19,2]   1.556 -1.190 -0.183
ilr.fac1[20,2]  -1.191  0.067 -0.408
ilr.fac1[21,2]  -0.375 -0.103  0.323
ilr.fac1[22,2]   1.273 -0.823  0.147
ilr.fac1[23,2]   0.008  0.870  1.254
ilr.fac1[24,2]   0.054  1.395 -1.133
ilr.fac1[25,2]   0.550  1.759  0.634
ilr.fac1[26,2]   0.383 -0.150  0.122
ilr.fac1[27,2]  -1.161  1.588 -0.256
ilr.fac1[28,2]   0.263  0.190  0.280
ilr.fac1[29,2]  -1.016 -0.164 -0.312
ilr.fac1[30,2]   0.552  1.159  0.402
ilr.fac1[31,2]  -0.192  0.017 -1.903
ilr.fac1[32,2]  -1.169 -0.929 -1.075
ilr.fac1[33,2]  -1.306 -0.677  0.427
ilr.fac1[34,2]   1.635 -0.054  1.145
ilr.fac1[35,2]   0.061 -1.181  0.641
ilr.fac1[36,2]  -0.560  0.261 -0.272
ilr.fac1[37,2]  -2.180  0.549 -0.769
ilr.fac1[38,2]   0.939  0.375  0.092
ilr.fac1[39,2]   0.729 -0.131  0.472
ilr.fac1[40,2]  -1.747  0.506  0.885
ilr.fac1[41,2]   0.143 -0.522 -0.569
ilr.fac1[42,2]   0.052 -0.182 -0.266
ilr.fac1[43,2]   0.667 -2.633 -1.525
ilr.fac1[44,2]  -0.440  0.414  0.272
ilr.fac1[45,2]  -0.146  0.008 -0.382
ilr.fac1[46,2]   0.329  0.637 -1.550
ilr.fac1[47,2]   0.213  0.101 -0.008
ilr.fac1[48,2]  -1.498  0.688 -1.419
ilr.fac1[49,2]   0.498  0.814 -0.659
ilr.fac1[50,2]  -0.520  0.028  2.969
ilr.fac1[51,2]  -0.737 -1.402 -1.309
ilr.fac1[52,2]  -1.368 -0.402  0.038
ilr.fac1[53,2]  -0.168  0.612  2.155
ilr.fac1[54,2]  -0.072 -0.656  0.859
ilr.fac1[55,2]   0.784 -0.434 -0.615
ilr.fac1[56,2]   0.326 -0.158 -0.132
ilr.fac1[57,2]   0.819 -0.039 -1.042
ilr.fac1[58,2]   0.672 -0.714  1.181
ilr.fac1[59,2]   0.205  0.528 -0.564
ilr.fac1[60,2]   1.149 -0.500  0.095
ilr.fac1[61,2]  -1.336 -0.385  1.093
ilr.fac1[62,2]  -1.610 -0.321  0.456
ilr.fac1[63,2]  -0.221  1.105  1.085
ilr.fac1[64,2]   0.277  0.223 -0.895
ilr.fac1[65,2]   0.378 -0.289  0.462
ilr.fac1[66,2]  -0.644  1.916  0.809
ilr.fac1[67,2]   2.712  0.128 -1.061
ilr.fac1[68,2]   0.277 -0.510  0.860
ilr.fac1[69,2]  -0.138 -0.755 -0.411
ilr.fac1[70,2]  -0.799  0.658  1.652
ilr.fac1[71,2]  -1.552  2.828 -0.264
ilr.fac1[72,2]   0.080 -0.382  0.279
ilr.fac1[73,2]  -1.573  0.576 -1.047
ilr.fac1[74,2]  -1.874 -2.695  0.540
ilr.fac1[75,2]  -0.087 -0.063  0.194
ilr.fac1[76,2]  -0.510  1.873 -0.089
ilr.fac1[77,2]   0.285  2.637 -0.442
ilr.fac1[78,2]  -2.619  0.255 -1.153
ilr.fac1[79,2]   0.463 -0.302  0.627
ilr.fac1[80,2]   0.086  0.073  2.758
ilr.fac1[81,2]  -1.848  0.658 -0.391
ilr.fac1[82,2]   0.461 -0.712  1.162
ilr.fac1[83,2]   0.117  0.748 -0.745
ilr.fac1[84,2]  -1.091 -0.674  0.234
ilr.fac1[85,2]  -0.109 -0.776  0.505
ilr.fac1[86,2]   0.586  0.494  0.219
ilr.fac1[87,2]   0.340  0.513 -0.173
ilr.fac1[88,2]   0.765  0.813 -0.025
ilr.fac1[89,2]   0.728  0.231 -0.491
ilr.fac1[90,2]   0.182 -2.065 -0.246
ilr.fac1[91,2]  -1.263  0.072  1.258
ilr.fac1[92,2]   0.540 -0.559  0.887
ilr.fac1[93,2]  -0.492  0.057  0.291
ilr.fac1[94,2]  -1.674  0.337 -0.216
ilr.fac1[95,2]   2.149  0.239  1.231
ilr.fac1[96,2]   1.786  0.173  2.057
ilr.fac1[97,2]  -0.307 -0.135  1.398
ilr.fac1[98,2]  -0.687 -1.421  0.644
ilr.fac1[99,2]  -0.137 -0.641  0.424
ilr.fac1[100,2]  0.041  0.256  0.466
ilr.fac1[101,2] -0.539  0.091  0.646
ilr.fac1[102,2]  0.710 -0.927  1.664
ilr.fac1[103,2] -0.360 -1.451 -1.049
ilr.fac1[104,2] -0.758 -1.576 -0.021
ilr.fac1[105,2] -0.008  0.881  0.591
ilr.fac1[106,2] -1.034 -1.094 -0.939
ilr.fac1[107,2] -2.321  0.646  0.849
ilr.fac1[108,2]  0.990  0.495  0.597
ilr.fac1[109,2]  0.189  1.384  0.577
ilr.fac1[110,2]  0.040 -0.226 -0.542
ilr.fac1[111,2]  1.655  1.019  0.455
loglik[1]        0.478 -0.845 -0.574
loglik[2]       -2.180 -1.125 -0.262
loglik[3]       -1.381 -0.143  1.248
loglik[4]       -0.283  0.486  2.023
loglik[5]       -1.267 -0.263 -1.060
loglik[6]        0.641  1.525  1.001
loglik[7]        0.839  0.703  1.628
loglik[8]        0.938  1.142 -2.661
loglik[9]        0.815  0.913  0.873
loglik[10]       1.043  0.095  0.088
loglik[11]       0.237 -0.749 -2.022
loglik[12]      -0.861  1.794 -0.023
loglik[13]      -0.232  0.543  0.306
loglik[14]       0.066  0.477  0.609
loglik[15]       1.926 -0.122 -1.696
loglik[16]      -1.191  0.292  1.140
loglik[17]       1.087  2.228  0.096
loglik[18]      -0.591  0.345  0.858
loglik[19]       0.425 -1.166  2.072
loglik[20]      -0.306 -0.012 -0.437
loglik[21]      -0.300  0.137  1.920
loglik[22]       1.096  0.229  0.226
loglik[23]       0.152  0.586  0.894
loglik[24]      -0.857  0.271  0.757
loglik[25]       1.601  1.411  0.762
loglik[26]       0.123 -1.054  0.106
loglik[27]      -1.227  1.309 -0.028
loglik[28]       1.178  0.300 -0.226
loglik[29]      -0.463 -0.100 -1.380
loglik[30]       1.278  0.496  0.217
loglik[31]      -1.060 -1.443  0.230
loglik[32]      -1.242 -2.678  0.396
loglik[33]      -0.688 -0.721  0.919
loglik[34]       0.634  0.254  0.009
loglik[35]      -0.388 -0.092 -0.141
loglik[36]      -0.103  0.680  0.297
loglik[37]      -2.199  0.189 -0.725
loglik[38]       0.565  0.206 -0.165
loglik[39]       0.979 -0.386 -0.104
loglik[40]       0.648 -0.123 -0.635
loglik[41]       1.874  1.416  0.972
loglik[42]      -0.042  0.686  0.067
loglik[43]       1.224  0.259 -1.048
loglik[44]       1.189  0.535  1.556
loglik[45]       0.044  0.202  0.407
loglik[46]      -0.550  0.483 -0.451
loglik[47]      -0.736 -0.706  0.596
loglik[48]       0.102  0.649 -0.269
loglik[49]       0.387 -0.733  0.952
loglik[50]       0.076  0.154  0.371
loglik[51]      -0.557  0.079  1.368
loglik[52]       0.247  0.764  0.934
loglik[53]       1.027  1.384  0.689
loglik[54]       1.319 -0.375  0.478
loglik[55]      -0.727  1.322  0.260
loglik[56]       2.035  0.441 -0.469
loglik[57]       0.688 -0.233 -0.633
loglik[58]       0.239  1.513  0.171
loglik[59]       0.332  1.262 -1.117
loglik[60]       1.304  0.465  1.052
loglik[61]       0.854  0.013 -0.240
loglik[62]      -1.443  1.224  0.183
loglik[63]      -0.507  0.317  1.927
loglik[64]       3.041  1.004  0.626
loglik[65]      -0.566  1.300  0.310
loglik[66]       1.183  1.637 -0.602
loglik[67]       2.385  0.637 -1.066
loglik[68]      -0.266  0.604  0.401
loglik[69]       0.998  0.221 -0.692
loglik[70]      -0.727 -0.143 -0.067
loglik[71]       1.337  1.764 -1.005
loglik[72]       0.782  0.203  1.539
loglik[73]      -0.504  1.190 -0.869
loglik[74]      -1.138  1.401  0.859
loglik[75]       1.349 -0.265  1.287
loglik[76]       0.333  1.337 -0.327
loglik[77]      -0.225  0.229 -0.140
loglik[78]      -2.030  0.163 -0.638
loglik[79]       0.235 -0.034 -0.167
loglik[80]      -0.574  0.375  2.487
loglik[81]      -0.657  0.375 -0.277
loglik[82]       1.306  0.196  1.853
loglik[83]       1.760 -0.041 -0.161
loglik[84]      -0.195  0.736  0.994
loglik[85]      -0.235 -0.241 -0.354
loglik[86]       0.631 -2.301  0.327
loglik[87]      -0.193  0.851 -1.134
loglik[88]       0.390  1.301 -0.492
loglik[89]       0.717  0.340 -0.299
loglik[90]       0.693 -0.173  0.203
loglik[91]       1.892  1.109  0.425
loglik[92]      -0.933 -0.738 -0.475
loglik[93]       0.182 -2.184  0.224
loglik[94]       0.490  0.317  0.796
loglik[95]      -0.059  0.120  0.127
loglik[96]       1.459  0.304 -1.555
loglik[97]       0.044 -0.354  0.396
loglik[98]       1.688 -0.159  2.129
loglik[99]       1.432  0.412 -0.113
loglik[100]     -0.101 -0.357  2.054
loglik[101]      0.538  0.278 -2.294
loglik[102]     -1.901  0.236 -0.882
loglik[103]      0.603 -0.526  1.410
loglik[104]     -0.811  0.825  0.514
loglik[105]     -0.337  0.017 -0.229
loglik[106]      0.933 -0.169  1.065
loglik[107]      0.360 -1.040 -1.204
loglik[108]     -0.255 -0.596  0.638
loglik[109]     -0.833 -0.388 -0.356
loglik[110]      1.552 -0.109  1.285
loglik[111]     -0.936  0.602  0.345
p.fac1[1,1]     -0.455 -0.689  0.265
p.fac1[2,1]      0.875  0.251  1.951
p.fac1[3,1]     -0.263 -0.354 -0.704
p.fac1[4,1]      0.487  0.212  0.492
p.fac1[5,1]      0.224  0.285  0.732
p.fac1[6,1]      1.482 -0.378  1.714
p.fac1[7,1]      0.282 -0.408  1.403
p.fac1[8,1]      0.014  0.580 -1.830
p.fac1[9,1]     -2.162 -0.765  0.251
p.fac1[10,1]    -0.532 -0.816  0.740
p.fac1[11,1]     0.503  1.284 -0.283
p.fac1[12,1]     1.613  0.844 -1.741
p.fac1[13,1]    -0.430  0.282  0.123
p.fac1[14,1]     0.666  0.244 -1.265
p.fac1[15,1]     0.284  0.877  0.128
p.fac1[16,1]    -0.956  0.570  0.463
p.fac1[17,1]     1.395  0.904  0.864
p.fac1[18,1]    -0.852 -0.232 -1.912
p.fac1[19,1]     1.596 -0.477  1.953
p.fac1[20,1]    -1.318 -1.440  0.603
p.fac1[21,1]     0.085 -0.607 -1.442
p.fac1[22,1]    -0.451  0.414  1.300
p.fac1[23,1]     0.965 -0.675 -0.563
p.fac1[24,1]     1.031  0.744 -0.130
p.fac1[25,1]     1.091  0.079 -0.519
p.fac1[26,1]     0.699  0.561 -0.304
p.fac1[27,1]     0.724 -1.754  0.563
p.fac1[28,1]     1.596  0.488  0.412
p.fac1[29,1]    -0.276  0.062 -1.384
p.fac1[30,1]     1.252  0.855 -0.241
p.fac1[31,1]    -0.535 -1.212  1.429
p.fac1[32,1]    -1.199 -2.515  0.399
p.fac1[33,1]    -0.575 -1.875  0.102
p.fac1[34,1]     1.189 -0.205 -0.021
p.fac1[35,1]    -0.689 -0.890 -0.767
p.fac1[36,1]    -0.739  0.789 -1.290
p.fac1[37,1]    -0.108  0.263  0.509
p.fac1[38,1]    -0.057 -0.558  0.454
p.fac1[39,1]    -2.073  0.195 -0.690
p.fac1[40,1]    -0.551  0.685 -1.280
p.fac1[41,1]     1.200  0.976 -0.224
p.fac1[42,1]     0.591 -0.365 -0.629
p.fac1[43,1]     0.131  0.424  0.580
p.fac1[44,1]    -2.206 -0.098  0.726
p.fac1[45,1]     1.037  0.292 -0.484
p.fac1[46,1]     0.804 -0.749 -1.670
p.fac1[47,1]    -0.292 -1.865  1.539
p.fac1[48,1]    -1.708  0.886 -0.790
p.fac1[49,1]    -0.869  0.580 -0.786
p.fac1[50,1]    -0.216  1.954 -0.811
p.fac1[51,1]    -0.293 -0.721 -0.774
p.fac1[52,1]    -0.307  0.083 -1.554
p.fac1[53,1]     0.513 -0.568 -1.941
p.fac1[54,1]     0.013 -0.256  0.401
p.fac1[55,1]     1.500  0.076 -0.579
p.fac1[56,1]    -1.558  0.037 -2.085
p.fac1[57,1]     1.707  0.660 -1.580
p.fac1[58,1]     1.422  0.926  0.447
p.fac1[59,1]    -0.010  1.955 -0.569
p.fac1[60,1]    -0.918 -0.570  0.512
p.fac1[61,1]    -0.761  3.121  0.886
p.fac1[62,1]    -0.320  0.971  0.287
p.fac1[63,1]    -0.250 -0.599 -1.523
p.fac1[64,1]     0.107  1.239  0.958
p.fac1[65,1]     0.842  0.664  0.749
p.fac1[66,1]     0.352  0.805  1.317
p.fac1[67,1]     1.606  0.587 -0.979
p.fac1[68,1]    -1.342  1.196  0.229
p.fac1[69,1]    -1.005  0.117  0.525
p.fac1[70,1]    -0.783  1.387  0.751
p.fac1[71,1]    -1.372 -0.507  0.783
p.fac1[72,1]    -0.760  0.387  0.954
p.fac1[73,1]    -0.390  1.585  0.508
p.fac1[74,1]    -1.239 -1.022 -0.340
p.fac1[75,1]    -0.022  0.272  1.200
p.fac1[76,1]     0.101  1.670  0.312
p.fac1[77,1]     0.424  1.816 -0.601
p.fac1[78,1]    -0.063  0.070 -0.642
p.fac1[79,1]     1.997 -1.998  1.136
p.fac1[80,1]    -0.498 -1.211  0.851
p.fac1[81,1]    -0.035  0.569  0.198
p.fac1[82,1]     0.205 -0.598 -0.465
p.fac1[83,1]     0.231  0.320  0.754
p.fac1[84,1]     1.813  0.824  0.947
p.fac1[85,1]     0.485 -0.192  1.018
p.fac1[86,1]     1.117  1.382  0.023
p.fac1[87,1]     0.139  1.389 -0.869
p.fac1[88,1]     1.235  0.980 -0.434
p.fac1[89,1]     0.235  0.553  0.121
p.fac1[90,1]     0.313 -0.612 -0.689
p.fac1[91,1]    -0.308 -0.167  0.750
p.fac1[92,1]     1.437 -2.656  0.991
p.fac1[93,1]    -0.762  0.966 -0.698
p.fac1[94,1]    -1.375  0.253 -0.148
p.fac1[95,1]     1.432  0.494 -0.283
p.fac1[96,1]     1.119 -0.123  2.408
p.fac1[97,1]     1.142 -0.383  1.385
p.fac1[98,1]     0.763  0.826  0.178
p.fac1[99,1]    -0.200 -0.410 -1.875
p.fac1[100,1]   -0.842 -1.103  0.177
p.fac1[101,1]    0.127  0.001  0.256
p.fac1[102,1]    0.003  0.570  0.288
p.fac1[103,1]    0.771 -0.290 -0.573
p.fac1[104,1]    0.005 -1.875 -1.124
p.fac1[105,1]    0.620  0.627  0.590
p.fac1[106,1]   -0.502  0.641 -0.431
p.fac1[107,1]   -1.316  0.285  0.038
p.fac1[108,1]    1.546  0.662  0.617
p.fac1[109,1]    0.213 -0.432 -1.650
p.fac1[110,1]    0.893 -0.613  0.975
p.fac1[111,1]    0.698  0.326 -0.561
p.fac1[1,2]      0.995  1.122 -0.555
p.fac1[2,2]      0.862  0.104 -1.547
p.fac1[3,2]     -0.481  0.448  0.837
p.fac1[4,2]     -1.101 -0.157 -0.845
p.fac1[5,2]     -0.153 -0.025  0.731
p.fac1[6,2]     -0.032  0.521 -1.687
p.fac1[7,2]     -0.601  0.636 -1.383
p.fac1[8,2]      0.147 -1.189  0.820
p.fac1[9,2]      2.575  1.354 -0.470
p.fac1[10,2]     1.263  1.691 -0.142
p.fac1[11,2]    -0.155 -0.241 -0.120
p.fac1[12,2]    -2.029 -0.556  1.502
p.fac1[13,2]     0.018  0.330 -0.460
p.fac1[14,2]    -0.122 -0.361  0.726
p.fac1[15,2]     0.065 -0.737 -0.118
p.fac1[16,2]     1.993 -0.284  0.519
p.fac1[17,2]    -1.217 -0.879 -1.115
p.fac1[18,2]     0.783  1.356  0.714
p.fac1[19,2]    -0.128  0.109 -2.348
p.fac1[20,2]     1.376  1.800 -0.774
p.fac1[21,2]    -0.133  0.773  1.351
p.fac1[22,2]     1.940 -0.887 -0.750
p.fac1[23,2]    -1.155  0.891  0.625
p.fac1[24,2]    -0.420  0.226 -0.109
p.fac1[25,2]    -0.388  1.108  0.387
p.fac1[26,2]    -0.073  0.181  0.446
p.fac1[27,2]    -1.244  1.996 -0.773
p.fac1[28,2]    -1.296 -0.177  0.496
p.fac1[29,2]     0.145 -0.167  0.977
p.fac1[30,2]    -0.893 -0.264 -0.196
p.fac1[31,2]     0.518  1.806 -1.664
p.fac1[32,2]     0.366  2.317 -0.944
p.fac1[33,2]    -0.092  1.596  0.349
p.fac1[34,2]     1.517  1.128  0.010
p.fac1[35,2]     1.123  0.290  0.545
p.fac1[36,2]     0.851 -0.478 -0.529
p.fac1[37,2]    -0.419  0.460 -0.770
p.fac1[38,2]     0.561  0.758 -0.335
p.fac1[39,2]     2.507  0.202  0.802
p.fac1[40,2]    -0.551  0.525  2.214
p.fac1[41,2]    -0.722 -1.330 -0.992
p.fac1[42,2]    -0.459  0.676  0.402
p.fac1[43,2]     0.433 -0.879 -1.331
p.fac1[44,2]     2.560  0.750 -0.619
p.fac1[45,2]    -0.770  0.167 -0.217
p.fac1[46,2]    -0.474  1.653  0.384
p.fac1[47,2]     0.647  1.556 -1.653
p.fac1[48,2]     1.120 -0.643  0.143
p.fac1[49,2]     1.875  0.049  0.491
p.fac1[50,2]     0.168 -1.804  1.761
p.fac1[51,2]    -0.475 -0.975 -1.444
p.fac1[52,2]    -0.137 -0.276  1.715
p.fac1[53,2]    -0.945  1.790  2.047
p.fac1[54,2]    -0.366  0.490 -0.757
p.fac1[55,2]    -0.551 -0.174  0.243
p.fac1[56,2]     2.338 -0.057  1.870
p.fac1[57,2]    -0.055 -0.594 -0.351
p.fac1[58,2]    -0.421 -1.206  0.489
p.fac1[59,2]     0.119 -1.757 -0.566
p.fac1[60,2]     1.356  0.873 -0.861
p.fac1[61,2]     0.038 -2.851 -0.304
p.fac1[62,2]    -0.735 -1.490 -0.079
p.fac1[63,2]     0.272  0.769  2.002
p.fac1[64,2]     0.614 -1.319 -0.897
p.fac1[65,2]    -0.741 -0.804 -0.386
p.fac1[66,2]    -1.015  0.413 -1.213
p.fac1[67,2]    -0.143  0.045  0.906
p.fac1[68,2]     1.917 -1.164  0.162
p.fac1[69,2]     1.244 -0.654 -1.375
p.fac1[70,2]     0.390  0.338  1.259
p.fac1[71,2]     0.550  1.692 -0.701
p.fac1[72,2]     0.448 -0.355 -0.930
p.fac1[73,2]    -0.571 -0.941 -0.745
p.fac1[74,2]    -1.678 -2.272  1.141
p.fac1[75,2]     0.578  0.245 -2.461
p.fac1[76,2]    -0.319 -0.361 -0.501
p.fac1[77,2]    -1.269 -0.734  0.569
p.fac1[78,2]    -1.323  0.232 -0.016
p.fac1[79,2]    -1.376  2.381 -0.683
p.fac1[80,2]     0.603  1.955  0.345
p.fac1[81,2]    -0.351  0.796 -0.389
p.fac1[82,2]     0.178  0.223  0.954
p.fac1[83,2]     0.140  0.076 -1.487
p.fac1[84,2]    -2.449 -1.365 -1.586
p.fac1[85,2]    -0.582  0.175 -0.992
p.fac1[86,2]    -0.422 -1.394  0.147
p.fac1[87,2]     0.003 -0.731  0.167
p.fac1[88,2]    -0.512  2.070  0.713
p.fac1[89,2]     1.044  1.380 -0.738
p.fac1[90,2]    -0.018 -0.227  0.535
p.fac1[91,2]    -0.914  0.450  0.281
p.fac1[92,2]    -0.645  3.173 -0.536
p.fac1[93,2]     0.532 -1.009  0.935
p.fac1[94,2]    -0.146  0.465 -0.448
p.fac1[95,2]    -0.845 -1.030  1.680
p.fac1[96,2]     1.555  0.670 -0.840
p.fac1[97,2]    -1.663 -0.005 -0.400
p.fac1[98,2]    -0.652 -1.509  0.298
p.fac1[99,2]     0.034  0.494  1.395
p.fac1[100,2]    1.144  0.926 -0.305
p.fac1[101,2]   -0.293  0.385 -0.003
p.fac1[102,2]    0.716 -2.282  1.003
p.fac1[103,2]   -1.191 -0.811 -0.610
p.fac1[104,2]   -0.565  0.864  1.145
p.fac1[105,2]   -0.182  0.116 -0.421
p.fac1[106,2]   -0.319 -0.859 -0.244
p.fac1[107,2]   -0.399  0.424  0.614
p.fac1[108,2]    0.479  0.187 -0.083
p.fac1[109,2]    0.439  2.145  1.867
p.fac1[110,2]   -0.018  0.680 -2.650
p.fac1[111,2]    1.179  1.189  0.711
p.fac1[1,3]     -1.303 -1.048  0.745
p.fac1[2,3]     -2.552 -0.434 -0.491
p.fac1[3,3]      1.652 -0.372 -0.598
p.fac1[4,3]      1.540 -0.090  0.989
p.fac1[5,3]     -0.093 -0.365 -2.046
p.fac1[6,3]     -2.110 -0.137 -0.495
p.fac1[7,3]      0.394 -0.173 -0.397
p.fac1[8,3]     -0.180  0.079  1.892
p.fac1[9,3]     -0.327 -0.948  0.324
p.fac1[10,3]    -0.877 -1.212 -1.104
p.fac1[11,3]    -0.515 -1.274  0.376
p.fac1[12,3]     0.243 -0.461  0.592
p.fac1[13,3]     0.564 -0.913  0.382
p.fac1[14,3]    -0.726 -0.038  0.809
p.fac1[15,3]    -0.471 -0.251 -0.036
p.fac1[16,3]    -1.769 -0.353 -1.818
p.fac1[17,3]    -0.500 -0.430 -0.026
p.fac1[18,3]     0.198 -1.256  1.399
p.fac1[19,3]    -2.166  0.490  0.188
p.fac1[20,3]    -0.091 -1.269  0.308
p.fac1[21,3]     0.178 -0.710 -0.208
p.fac1[22,3]    -1.789  0.434 -0.729
p.fac1[23,3]     0.601 -0.627 -0.231
p.fac1[24,3]    -0.860 -1.548  0.318
p.fac1[25,3]    -1.321 -2.742  0.259
p.fac1[26,3]    -0.811 -0.884 -0.045
p.fac1[27,3]     1.464 -1.122  0.483
p.fac1[28,3]    -0.626 -0.580 -1.524
p.fac1[29,3]     0.208  0.092  0.681
p.fac1[30,3]    -0.343 -0.914  0.521
p.fac1[31,3]     0.305 -0.347 -0.374
p.fac1[32,3]     1.577  1.064  0.597
p.fac1[33,3]     1.019  0.841 -0.595
p.fac1[34,3]    -2.692 -0.529  0.012
p.fac1[35,3]    -0.774  0.827  0.391
p.fac1[36,3]     0.114 -0.616  1.616
p.fac1[37,3]     1.262 -2.013  0.695
p.fac1[38,3]    -1.427 -0.866 -0.169
p.fac1[39,3]    -1.186 -0.942 -0.425
p.fac1[40,3]     1.111 -1.124 -1.185
p.fac1[41,3]    -0.502  0.086  0.871
p.fac1[42,3]    -0.131 -0.664  0.306
p.fac1[43,3]    -1.665  1.608  1.758
p.fac1[44,3]    -1.222 -1.172 -0.059
p.fac1[45,3]    -0.290 -0.425  0.636
p.fac1[46,3]    -0.535 -1.301  1.338
p.fac1[47,3]    -0.605 -0.043  0.253
p.fac1[48,3]     0.856 -0.307  1.111
p.fac1[49,3]    -0.820 -0.933  0.564
p.fac1[50,3]     0.056  0.121 -2.518
p.fac1[51,3]     0.439  1.137  1.335
p.fac1[52,3]     0.661  0.313 -0.524
p.fac1[53,3]     0.560 -2.041 -0.185
p.fac1[54,3]     0.241 -0.087  0.071
p.fac1[55,3]    -1.555  0.196  0.552
p.fac1[56,3]    -2.156  0.041 -0.404
p.fac1[57,3]    -1.283 -0.234  1.336
p.fac1[58,3]    -1.138  0.351 -1.321
p.fac1[59,3]    -0.097 -0.816  1.104
p.fac1[60,3]    -0.193 -0.241  0.223
p.fac1[61,3]     1.247 -0.210 -1.327
p.fac1[62,3]     0.961  0.173 -0.232
p.fac1[63,3]    -0.034 -0.222 -0.814
p.fac1[64,3]    -1.027 -0.471  0.101
p.fac1[65,3]    -0.451 -0.149 -0.641
p.fac1[66,3]     0.781 -1.748 -0.457
p.fac1[67,3]    -2.405 -1.183  0.144
p.fac1[68,3]    -0.858 -0.306 -0.651
p.fac1[69,3]    -0.631  0.765  0.972
p.fac1[70,3]     0.504 -1.243 -1.142
p.fac1[71,3]     1.560 -2.821 -0.071
p.fac1[72,3]     0.514 -0.210 -0.250
p.fac1[73,3]     1.486 -1.348  0.243
p.fac1[74,3]     1.674  1.652 -0.300
p.fac1[75,3]    -0.263 -0.326  0.111
p.fac1[76,3]     0.262 -2.258  0.311
p.fac1[77,3]     0.414 -1.685  0.238
p.fac1[78,3]     2.353 -0.599  1.232
p.fac1[79,3]    -0.476 -0.499 -0.362
p.fac1[80,3]    -0.025 -0.892 -1.893
p.fac1[81,3]     0.425 -1.860  0.145
p.fac1[82,3]    -0.775  0.813 -1.100
p.fac1[83,3]    -0.637 -0.688  1.348
p.fac1[84,3]     1.527  0.598  0.552
p.fac1[85,3]     0.080  0.018 -0.021
p.fac1[86,3]    -0.814  0.117 -0.248
p.fac1[87,3]    -0.186 -0.852  0.867
p.fac1[88,3]    -1.142 -2.484 -0.017
p.fac1[89,3]    -1.108 -2.236  0.502
p.fac1[90,3]    -0.349  1.249  0.356
p.fac1[91,3]     1.026 -0.211 -0.989
p.fac1[92,3]    -0.602 -0.412 -0.626
p.fac1[93,3]     0.262 -0.117 -0.360
p.fac1[94,3]     1.379 -0.732  0.495
p.fac1[95,3]    -0.961  0.115 -0.942
p.fac1[96,3]    -2.396 -0.379 -1.612
p.fac1[97,3]     0.339  0.586 -1.087
p.fac1[98,3]    -0.239  0.636 -0.632
p.fac1[99,3]     0.177 -0.025  0.415
p.fac1[100,3]   -0.332  0.281  0.158
p.fac1[101,3]    0.181 -0.441 -0.298
p.fac1[102,3]   -0.500  0.750 -0.931
p.fac1[103,3]    0.082  0.989  0.994
p.fac1[104,3]    0.433  1.265  0.177
p.fac1[105,3]   -0.540 -0.686 -0.260
p.fac1[106,3]    1.464  0.502  1.066
p.fac1[107,3]    2.194 -1.150 -1.058
p.fac1[108,3]   -1.713 -0.760 -0.474
p.fac1[109,3]   -0.816 -1.763 -0.198
p.fac1[110,3]   -0.623 -0.047  0.559
p.fac1[111,3]   -1.904 -1.313  0.031
p.global[1]     -0.455 -0.689  0.265
p.global[2]      0.995  1.122 -0.555
p.global[3]     -1.303 -1.048  0.745
